Id,Predicted
0,470.5|345.75
1,529.15|550.25
2,215.5|393.4
3,586.9|512.45
4,371.55|357.6
5,401.6|541.2
6,250.25|572.0
7,436.55|583.65
8,413.4|342.15
9,424.35|480.05
10,221.65|329.15
11,450.3|571.55
12,492.4|306.3
13,255.95|310.2
14,366.6|580.7
15,259.7|286.1
16,573.35|414.95
17,412.05|577.95
18,371.2|499.05
19,344.4|526.05
20,471.7|363.1
21,251.3|267.6
22,308.35|407.45
23,499.8|466.0
24,543.8|525.45
25,586.7|492.45
26,476.1|266.65
27,293.3|344.3
28,372.3|221.8
29,223.1|318.1
30,448.1|240.5
31,535.5|348.35
32,546.75|254.7
33,278.1|456.85
34,215.4|410.05
35,472.4|319.95
36,586.15|368.65
37,339.45|418.75
38,325.35|354.7
39,252.4|270.5
40,542.6|388.55
41,219.8|392.45
42,520.05|543.55
43,383.55|355.95
44,263.85|334.25
45,343.5|566.85
46,281.05|241.5
47,514.25|466.5
48,356.85|448.85
49,572.0|370.85
50,303.0|342.45
51,301.85|425.1
52,588.05|454.0
53,214.85|496.75
54,402.55|221.95
55,566.85|436.2
56,522.2|512.95
57,263.6|406.6
58,543.55|562.0
59,218.45|445.45
60,313.35|381.65
61,251.95|345.6
62,235.95|579.25
63,390.6|293.85
64,593.05|562.9
65,279.9|460.65
66,508.8|346.15
67,417.35|568.65
68,430.35|578.7
69,591.35|480.65
70,375.6|581.55
71,229.05|420.95
72,354.6|435.75
73,340.65|402.65
74,518.65|505.95
75,392.35|351.25
76,460.0|425.3
77,578.25|353.45
78,541.3|513.95
79,452.2|230.15
80,345.05|531.35
81,238.55|276.8
82,537.8|516.3
83,274.75|521.95
84,425.85|449.05
85,573.7|571.15
86,286.25|410.6
87,383.75|583.4
88,444.55|379.25
89,413.4|267.6
90,551.15|591.75
91,207.75|551.35
92,556.15|370.0
93,535.35|506.7
94,300.2|311.6
95,359.95|493.9
96,395.15|359.7
97,437.75|344.8
98,474.6|462.45
99,524.65|524.65
100,238.75|506.25
101,406.8|438.9
102,236.3|551.3
103,408.8|483.9
104,417.35|525.85
105,441.25|449.45
106,395.65|363.4
107,461.85|448.15
108,402.7|329.9
109,360.6|395.75
110,380.7|273.05
111,461.3|386.8
112,209.6|592.25
113,208.75|508.85
114,461.3|468.5
115,211.9|499.9
116,316.35|552.0
117,345.0|211.55
118,338.8|243.6
119,444.4|228.6
120,205.75|449.35
121,228.0|567.85
122,373.1|319.15
123,580.25|335.85
124,225.8|256.4
125,424.85|532.9
126,548.8|270.3
127,351.25|267.75
128,234.75|267.0
129,532.55|557.0
130,354.15|447.45
131,208.9|502.8
132,341.5|373.35
133,221.4|357.5
134,332.15|575.6
135,571.8|556.35
136,264.7|592.9
137,460.2|428.85
138,588.2|275.75
139,525.4|412.95
140,566.8|380.25
141,270.0|339.35
142,238.4|540.95
143,295.5|324.55
144,480.4|522.45
145,232.8|561.9
146,318.3|438.35
147,566.6|470.95
148,417.85|259.8
149,284.15|313.95
150,392.2|438.1
151,228.5|402.55
152,260.55|298.2
153,474.15|279.35
154,388.4|555.9
155,364.95|278.7
156,498.5|340.75
157,216.2|571.25
158,254.5|297.4
159,284.75|581.0
160,509.45|423.1
161,351.9|455.65
162,246.2|579.3
163,214.25|282.6
164,215.25|495.95
165,596.8|578.1
166,468.45|349.05
167,361.7|590.95
168,534.75|439.15
169,588.1|578.9
170,408.45|308.45
171,229.3|536.85
172,316.6|248.5
173,584.3|546.5
174,441.8|345.1
175,267.95|379.5
176,463.05|333.95
177,286.7|455.25
178,373.95|237.2
179,419.4|416.2
180,447.5|315.85
181,571.7|295.25
182,368.0|484.85
183,583.9|539.3
184,461.35|486.35
185,553.85|501.65
186,460.8|427.55
187,361.05|284.45
188,553.2|528.85
189,342.85|319.2
190,438.95|501.2
191,411.65|313.15
192,478.6|500.9
193,396.85|502.85
194,585.65|364.35
195,384.75|218.6
196,425.15|474.85
197,340.9|228.45
198,551.0|379.4
199,212.0|267.85
200,256.25|404.85
201,472.45|279.85
202,347.65|376.1
203,268.75|291.45
204,432.35|470.8
205,481.2|544.05
206,281.05|455.1
207,413.6|209.65
208,462.1|499.55
209,430.85|589.6
210,454.45|253.0
211,437.85|535.5
212,450.5|372.3
213,355.25|319.6
214,217.4|510.5
215,225.55|514.5
216,467.85|353.35
217,421.75|367.3
218,461.9|266.8
219,418.7|567.15
220,285.25|359.6
221,579.6|298.7
222,280.05|381.25
223,584.05|567.3
224,287.15|538.6
225,231.45|236.05
226,257.0|373.25
227,429.1|340.75
228,571.8|239.45
229,416.0|354.85
230,360.55|273.6
231,215.8|316.5
232,346.3|437.35
233,383.0|354.5
234,353.0|447.45
235,476.75|490.5
236,363.05|589.9
237,397.25|307.4
238,235.8|593.1
239,338.4|425.4
240,518.0|361.35
241,257.55|430.1
242,586.6|538.65
243,444.3|545.4
244,552.9|517.5
245,379.15|569.95
246,246.05|504.15
247,587.25|587.0
248,281.7|461.4
249,490.15|495.05
250,379.25|219.35
251,447.15|548.6
252,401.15|439.55
253,258.75|486.85
254,273.0|425.65
255,414.75|249.6
256,570.3|574.75
257,225.4|572.9
258,210.55|284.35
259,473.85|488.95
260,366.65|364.2
261,419.2|364.6
262,551.35|581.0
263,265.1|546.45
264,231.45|228.7
265,504.3|240.45
266,339.2|568.25
267,229.15|402.9
268,536.05|336.65
269,432.4|216.7
270,407.95|323.1
271,407.05|388.35
272,572.55|295.35
273,336.25|554.1
274,554.8|328.95
275,409.25|590.2
276,470.05|242.05
277,433.9|445.45
278,427.65|493.85
279,533.55|520.65
280,593.75|390.35
281,398.6|485.15
282,239.65|547.85
283,294.8|373.35
284,240.35|414.75
285,213.85|231.15
286,290.6|431.85
287,542.2|547.95
288,587.95|557.65
289,586.35|343.7
290,394.9|508.65
291,342.1|256.55
292,463.4|395.35
293,569.9|417.05
294,333.55|532.35
295,412.55|526.0
296,237.0|232.55
297,268.6|305.35
298,432.3|255.05
299,350.9|589.7
300,367.2|288.65
301,417.45|377.4
302,233.95|451.3
303,324.6|556.45
304,340.45|243.8
305,483.55|317.5
306,403.05|220.5
307,588.9|379.3
308,469.65|220.05
309,392.2|470.15
310,428.1|362.05
311,545.1|321.8
312,409.5|550.3
313,248.85|385.25
314,208.85|315.05
315,536.4|442.15
316,393.45|529.6
317,333.65|535.9
318,395.45|515.85
319,208.25|588.15
320,464.45|247.85
321,580.25|470.9
322,589.7|350.6
323,471.5|237.9
324,397.5|464.95
325,245.45|380.3
326,551.4|434.75
327,571.6|331.15
328,561.9|522.0
329,475.3|284.65
330,385.2|317.7
331,304.2|422.7
332,239.05|415.05
333,587.6|222.35
334,380.6|491.7
335,530.7|441.1
336,359.95|448.2
337,394.2|297.85
338,389.1|298.5
339,449.1|389.7
340,522.85|496.25
341,493.9|241.7
342,367.5|430.95
343,395.1|286.3
344,392.15|577.5
345,582.95|243.75
346,471.3|353.3
347,367.4|255.3
348,537.6|543.0
349,271.0|206.75
350,573.55|239.75
351,385.35|593.6
352,351.35|232.65
353,381.55|594.3
354,259.1|242.65
355,371.95|258.8
356,425.35|402.5
357,397.15|245.95
358,268.95|347.4
359,214.05|301.2
360,439.05|377.2
361,525.6|341.15
362,260.2|416.55
363,492.75|267.45
364,535.05|364.55
365,392.35|443.4
366,247.05|213.6
367,577.8|535.4
368,253.2|539.0
369,289.45|396.85
370,561.2|320.15
371,566.0|273.35
372,580.7|532.8
373,442.0|421.15
374,342.0|323.15
375,580.7|388.35
376,227.5|352.05
377,546.0|464.95
378,263.75|362.25
379,425.35|282.95
380,228.7|327.95
381,549.65|355.95
382,346.9|400.5
383,226.6|212.55
384,361.9|347.15
385,245.15|290.2
386,484.8|555.8
387,379.4|280.5
388,586.9|262.6
389,353.2|210.9
390,321.45|408.7
391,572.85|537.0
392,393.5|281.65
393,458.75|278.1
394,245.75|493.75
395,549.6|336.35
396,274.55|362.7
397,401.55|406.55
398,379.55|270.9
399,478.7|238.45
400,238.0|565.25
401,589.9|337.85
402,269.7|391.2
403,210.3|581.7
404,239.25|483.35
405,430.7|299.55
406,217.0|299.2
407,535.05|228.3
408,282.55|453.9
409,209.5|466.5
410,363.95|594.45
411,358.7|369.55
412,236.45|220.45
413,238.45|395.0
414,420.35|217.7
415,429.5|275.95
416,427.4|234.4
417,526.4|517.35
418,231.3|315.15
419,234.25|253.9
420,301.45|405.0
421,451.7|413.15
422,265.3|365.85
423,592.0|464.25
424,285.95|399.8
425,223.85|472.7
426,417.6|358.75
427,368.05|396.8
428,418.2|344.4
429,543.85|356.0
430,380.6|484.75
431,428.55|309.85
432,385.0|348.5
433,315.65|352.0
434,338.25|360.85
435,249.6|514.75
436,586.25|367.35
437,557.15|586.4
438,524.4|522.85
439,263.85|319.4
440,306.1|365.6
441,375.75|400.35
442,248.05|544.9
443,353.2|431.0
444,437.75|243.7
445,451.95|367.45
446,581.75|300.6
447,426.25|245.4
448,247.85|231.95
449,241.1|589.0
450,591.25|258.6
451,397.95|325.35
452,574.5|258.25
453,463.2|391.95
454,353.4|437.65
455,472.8|221.85
456,492.3|536.5
457,373.85|289.65
458,450.3|468.25
459,401.05|473.2
460,365.15|275.45
461,355.7|450.9
462,522.15|416.0
463,236.15|413.05
464,465.0|543.5
465,434.7|244.95
466,369.0|507.7
467,377.4|580.4
468,271.1|422.65
469,234.8|363.85
470,211.35|524.95
471,214.35|571.7
472,209.6|504.7
473,548.85|253.0
474,271.05|495.6
475,468.65|283.25
476,417.45|539.85
477,556.35|403.75
478,454.5|354.35
479,470.95|458.2
480,209.0|259.35
481,585.7|291.8
482,255.15|534.05
483,428.2|214.85
484,279.15|586.15
485,388.1|450.15
486,454.5|450.95
487,258.9|555.1
488,213.9|469.8
489,433.15|496.75
490,472.95|215.55
491,585.6|424.85
492,578.25|346.45
493,220.9|473.95
494,590.05|545.85
495,313.5|299.95
496,457.75|247.75
497,438.95|572.6
498,265.05|531.2
499,207.3|462.1
500,363.8|224.65
501,521.25|514.75
502,349.35|221.9
503,389.0|290.5
504,376.95|210.15
505,249.5|578.6
506,353.3|223.5
507,399.65|213.4
508,377.7|218.0
509,420.6|214.35
510,252.5|432.5
511,394.1|247.45
512,420.05|454.25
513,410.55|559.45
514,423.9|249.65
515,304.95|432.15
516,366.2|275.85
517,587.6|309.65
518,452.05|360.7
519,509.2|516.5
520,442.35|503.85
521,269.55|573.4
522,293.35|384.0
523,234.4|484.65
524,355.6|402.15
525,542.85|514.1
526,562.6|333.65
527,255.1|574.75
528,476.85|475.45
529,430.0|569.0
530,233.0|224.65
531,461.6|389.7
532,581.55|561.9
533,225.25|484.45
534,469.8|527.55
535,239.95|457.4
536,402.2|566.55
537,284.95|345.55
538,468.4|329.8
539,448.95|542.1
540,362.35|380.85
541,497.75|486.65
542,272.05|282.6
543,551.15|232.9
544,471.15|479.35
545,405.25|269.05
546,437.25|388.35
547,260.25|261.65
548,222.15|469.65
549,406.65|338.9
550,270.75|281.6
551,236.1|407.9
552,474.85|365.0
553,221.3|319.15
554,572.9|419.15
555,468.1|349.4
556,408.55|334.4
557,224.5|574.35
558,347.0|507.5
559,364.0|339.05
560,523.8|452.9
561,291.8|340.85
562,322.5|316.35
563,398.1|454.9
564,582.1|267.6
565,567.1|423.2
566,347.75|254.85
567,518.95|407.4
568,474.55|277.45
569,318.6|362.15
570,594.3|395.9
571,210.2|529.0
572,471.05|241.75
573,590.2|497.7
574,266.95|429.3
575,402.2|512.35
576,258.75|355.6
577,461.9|565.3
578,459.8|341.65
579,556.65|220.2
580,409.0|388.3
581,238.8|383.5
582,560.6|255.75
583,439.4|554.15
584,555.7|547.15
585,555.65|257.2
586,391.8|291.9
587,290.05|556.5
588,583.1|377.4
589,285.25|282.45
590,586.0|400.25
591,405.1|486.0
592,500.9|237.45
593,319.45|379.15
594,473.15|212.3
595,355.25|569.55
596,421.05|376.15
597,374.15|273.25
598,252.35|565.25
599,551.5|469.4
600,226.6|583.6
601,358.0|594.15
602,372.45|376.15
603,443.2|308.4
604,243.75|379.85
605,393.6|336.8
606,283.1|444.75
607,212.0|580.6
608,408.45|215.7
609,478.25|465.7
610,267.7|285.6
611,381.1|221.45
612,499.85|246.15
613,425.8|532.0
614,477.35|337.1
615,445.65|393.45
616,464.3|330.4
617,259.05|359.25
618,463.9|566.6
619,357.7|431.1
620,204.1|471.5
621,391.1|409.2
622,260.4|272.5
623,286.95|537.4
624,207.8|326.15
625,407.55|393.05
626,267.3|363.65
627,444.25|585.3
628,554.2|463.25
629,592.5|584.7
630,235.4|313.7
631,470.45|528.1
632,264.05|338.0
633,369.5|270.45
634,290.5|440.3
635,257.65|246.85
636,563.8|240.3
637,347.15|510.7
638,369.35|438.55
639,496.25|487.8
640,409.65|391.85
641,538.05|421.3
642,353.9|277.75
643,207.95|545.75
644,578.05|290.45
645,453.5|445.5
646,293.25|352.2
647,337.45|221.65
648,339.75|233.15
649,560.35|417.25
650,537.3|581.25
651,369.4|363.85
652,382.45|491.6
653,545.7|442.4
654,576.75|227.25
655,390.45|260.4
656,223.5|471.05
657,304.4|564.65
658,557.8|591.7
659,457.1|305.25
660,586.45|365.75
661,437.45|381.7
662,571.9|406.8
663,394.95|208.85
664,245.6|384.5
665,401.6|247.95
666,540.45|346.4
667,250.5|496.1
668,380.1|583.05
669,579.45|214.85
670,244.4|433.05
671,408.8|476.45
672,352.9|227.6
673,410.6|265.1
674,593.6|486.3
675,228.35|541.1
676,428.6|247.85
677,272.25|425.5
678,215.6|302.25
679,215.8|356.5
680,272.8|293.05
681,550.8|523.25
682,589.35|215.15
683,411.9|572.75
684,249.9|251.2
685,225.05|460.4
686,578.05|304.0
687,270.9|224.75
688,570.8|585.6
689,554.85|540.0
690,406.8|293.1
691,343.2|558.05
692,372.2|368.6
693,340.9|567.5
694,253.65|291.1
695,532.0|532.25
696,392.7|218.8
697,509.65|367.55
698,334.1|413.55
699,411.3|491.5
700,355.85|372.7
701,471.5|379.55
702,396.1|583.45
703,263.55|275.5
704,381.3|535.3
705,306.65|410.4
706,461.0|561.2
707,269.8|303.8
708,236.2|528.85
709,573.5|548.6
710,235.5|360.4
711,250.75|421.7
712,342.5|561.5
713,317.35|332.65
714,547.6|332.85
715,410.0|327.5
716,343.5|328.75
717,534.55|306.45
718,527.45|418.85
719,535.0|544.85
720,353.95|531.45
721,262.4|495.05
722,463.7|525.95
723,476.15|225.2
724,443.25|527.7
725,371.8|589.35
726,221.9|424.05
727,351.8|238.25
728,558.7|467.6
729,447.1|456.2
730,273.8|586.85
731,418.15|318.4
732,408.15|212.25
733,337.45|349.45
734,408.5|514.2
735,475.35|516.35
736,480.65|229.75
737,554.75|583.5
738,339.65|322.05
739,277.75|431.55
740,340.5|365.65
741,418.8|434.4
742,431.75|288.5
743,338.9|320.95
744,584.6|367.55
745,394.45|214.1
746,216.25|363.2
747,266.2|568.4
748,253.65|411.8
749,584.0|213.1
750,257.95|410.7
751,540.95|334.45
752,255.6|566.65
753,371.1|390.2
754,255.2|292.9
755,225.05|332.25
756,388.9|589.35
757,368.0|444.45
758,342.2|265.0
759,587.55|249.95
760,448.75|302.4
761,242.35|434.45
762,392.05|340.1
763,208.5|542.1
764,270.2|214.6
765,297.8|319.2
766,463.7|498.15
767,227.3|427.0
768,544.95|548.3
769,257.85|444.85
770,405.0|309.4
771,490.65|445.0
772,564.2|227.35
773,290.3|328.45
774,330.15|528.0
775,408.7|262.7
776,206.7|297.5
777,252.2|273.5
778,382.15|570.8
779,300.6|431.0
780,388.25|551.2
781,345.0|520.9
782,473.8|265.35
783,249.9|356.0
784,209.55|371.15
785,223.6|429.45
786,397.2|592.4
787,247.35|555.7
788,549.4|346.7
789,451.8|456.15
790,447.0|448.55
791,282.1|508.0
792,466.05|557.3
793,279.95|284.55
794,346.5|586.5
795,377.3|277.95
796,379.4|282.8
797,283.75|381.55
798,288.85|324.25
799,282.2|273.3
800,379.3|483.85
801,397.1|227.4
802,451.5|431.65
803,555.5|446.05
804,288.5|333.5
805,590.15|480.45
806,527.5|443.1
807,439.2|330.45
808,542.0|234.9
809,266.25|380.8
810,295.3|517.8
811,401.15|261.6
812,434.5|358.65
813,228.8|216.1
814,233.9|582.15
815,347.2|592.3
816,252.85|562.95
817,210.0|479.85
818,427.6|365.3
819,512.9|434.25
820,351.6|276.6
821,570.7|529.25
822,390.2|527.5
823,211.3|529.55
824,262.1|555.45
825,299.25|322.05
826,240.25|288.45
827,231.85|272.9
828,401.6|550.15
829,459.7|483.0
830,225.4|245.25
831,225.55|362.15
832,523.75|443.6
833,460.95|239.9
834,353.15|297.45
835,377.6|424.5
836,525.15|349.6
837,462.45|591.75
838,481.9|214.8
839,567.65|352.05
840,392.6|251.75
841,335.7|561.7
842,407.4|388.3
843,476.35|306.15
844,337.75|246.15
845,276.15|324.3
846,399.2|248.55
847,350.05|329.9
848,211.15|584.35
849,367.1|233.1
850,276.8|589.3
851,296.6|588.2
852,585.65|413.5
853,472.7|398.7
854,413.3|458.25
855,583.95|357.05
856,528.45|259.95
857,342.5|414.3
858,591.4|478.05
859,573.1|226.2
860,243.15|572.95
861,476.15|483.25
862,235.75|228.0
863,453.4|517.25
864,517.75|499.3
865,256.65|510.3
866,354.1|297.9
867,325.25|569.1
868,223.3|315.1
869,463.75|421.55
870,217.6|582.65
871,230.85|406.3
872,296.1|312.15
873,403.2|305.3
874,571.3|308.85
875,221.3|589.3
876,366.95|290.25
877,228.45|341.75
878,534.05|387.15
879,471.55|573.8
880,457.85|453.15
881,377.85|490.25
882,329.4|347.3
883,419.8|340.8
884,469.65|348.8
885,404.35|573.55
886,392.2|328.4
887,426.05|591.95
888,234.0|442.15
889,553.8|573.05
890,243.2|271.6
891,481.4|360.3
892,381.75|483.4
893,385.5|285.45
894,318.9|372.6
895,294.0|357.6
896,488.2|480.3
897,552.1|425.9
898,454.8|497.0
899,542.3|521.2
900,231.65|381.7
901,533.95|499.3
902,215.8|472.35
903,389.35|457.0
904,298.85|317.2
905,441.85|293.25
906,356.15|594.1
907,513.5|349.7
908,314.0|379.55
909,321.2|329.6
910,262.85|255.8
911,482.8|346.05
912,240.05|373.3
913,379.9|574.95
914,469.4|378.2
915,499.2|207.3
916,409.25|547.7
917,360.15|211.8
918,525.05|416.6
919,368.0|236.7
920,537.95|587.55
921,485.45|521.3
922,577.5|225.15
923,586.2|213.0
924,358.35|578.65
925,350.05|547.25
926,496.6|504.6
927,364.15|223.25
928,374.8|272.85
929,550.45|267.1
930,366.05|586.2
931,572.4|397.3
932,219.75|335.35
933,211.9|507.9
934,344.45|256.9
935,408.55|447.85
936,303.55|327.45
937,476.9|345.75
938,586.3|534.65
939,536.1|525.75
940,558.55|508.9
941,407.4|343.5
942,215.85|410.0
943,291.5|359.4
944,457.6|406.85
945,472.05|511.65
946,238.9|415.1
947,481.65|503.4
948,269.2|593.45
949,588.2|584.45
950,555.5|284.35
951,225.0|266.85
952,232.85|428.85
953,304.75|409.15
954,464.0|263.0
955,544.15|593.65
956,471.5|309.3
957,576.65|521.55
958,474.9|271.15
959,467.0|227.95
960,398.2|515.75
961,532.95|376.2
962,214.85|497.5
963,242.35|574.75
964,390.45|261.65
965,228.3|321.05
966,402.75|469.7
967,437.0|309.8
968,373.8|219.05
969,227.05|411.45
970,426.45|529.6
971,454.55|235.9
972,215.85|550.9
973,346.0|427.95
974,588.35|391.8
975,357.9|480.5
976,564.95|559.45
977,539.85|395.6
978,341.7|214.4
979,467.35|315.7
980,250.8|573.8
981,287.45|471.4
982,283.95|415.9
983,464.25|308.8
984,416.35|269.35
985,247.45|588.55
986,236.9|557.25
987,547.0|487.45
988,272.25|218.7
989,485.55|341.35
990,576.9|261.7
991,386.95|558.95
992,400.8|402.6
993,271.85|315.2
994,342.7|241.35
995,531.85|553.55
996,266.55|411.25
997,400.4|254.15
998,360.4|391.5
999,533.3|491.8
1000,296.3|315.65
1001,542.45|273.2
1002,461.35|265.2
1003,527.15|353.4
1004,496.35|247.75
1005,383.3|586.35
1006,453.2|269.95
1007,272.3|261.05
1008,405.6|464.05
1009,469.05|455.15
1010,292.25|351.75
1011,456.3|247.0
1012,230.1|234.05
1013,574.6|532.35
1014,251.55|215.2
1015,454.8|417.45
1016,397.4|361.25
1017,577.75|361.1
1018,393.35|470.35
1019,407.45|322.1
1020,551.9|321.45
1021,579.85|296.85
1022,501.25|452.8
1023,575.85|526.05
1024,225.7|391.8
1025,434.35|391.65
1026,258.8|558.45
1027,419.1|209.8
1028,533.05|290.95
1029,574.35|515.9
1030,255.5|397.75
1031,571.4|441.9
1032,587.0|470.7
1033,416.8|233.0
1034,451.0|384.4
1035,409.0|229.45
1036,586.85|364.95
1037,392.3|374.45
1038,565.7|364.95
1039,591.9|368.65
1040,445.2|517.65
1041,223.25|475.75
1042,485.5|492.3
1043,374.95|325.4
1044,309.95|207.85
1045,213.5|287.5
1046,455.85|258.8
1047,257.1|372.1
1048,472.6|291.95
1049,463.8|503.4
1050,279.25|424.1
1051,471.95|307.2
1052,252.3|219.9
1053,552.65|580.6
1054,477.85|506.8
1055,362.65|232.05
1056,274.75|286.95
1057,563.35|373.25
1058,272.9|362.1
1059,460.85|446.0
1060,425.45|243.85
1061,585.45|300.1
1062,271.9|271.05
1063,344.95|418.5
1064,567.85|546.7
1065,435.45|469.0
1066,253.8|559.5
1067,372.7|416.85
1068,390.3|278.4
1069,426.5|497.05
1070,208.15|234.15
1071,372.65|560.15
1072,406.2|369.2
1073,587.85|563.85
1074,234.55|584.8
1075,557.05|545.0
1076,284.2|330.45
1077,407.85|560.85
1078,340.5|417.2
1079,378.7|383.6
1080,588.4|273.1
1081,261.85|246.8
1082,217.65|256.7
1083,499.45|467.4
1084,530.75|398.15
1085,552.95|273.75
1086,244.1|485.9
1087,389.95|285.5
1088,262.95|426.1
1089,364.1|596.25
1090,242.45|263.25
1091,419.15|555.25
1092,507.35|355.6
1093,570.0|239.95
1094,383.75|315.85
1095,217.9|300.2
1096,413.85|289.6
1097,454.25|519.65
1098,583.85|585.15
1099,546.05|350.45
1100,554.85|272.1
1101,224.2|327.95
1102,401.75|351.4
1103,251.9|471.1
1104,227.35|381.55
1105,381.5|410.1
1106,337.95|392.85
1107,588.9|372.75
1108,355.5|443.0
1109,586.8|503.6
1110,367.8|288.25
1111,227.5|287.7
1112,543.35|327.0
1113,551.55|565.35
1114,298.5|547.0
1115,396.0|557.2
1116,556.35|335.35
1117,335.1|509.45
1118,355.55|275.4
1119,445.05|393.45
1120,435.65|391.55
1121,259.55|284.35
1122,313.1|366.65
1123,383.1|398.05
1124,291.85|317.4
1125,307.95|359.5
1126,411.1|318.0
1127,546.2|544.2
1128,269.65|408.8
1129,584.15|331.55
1130,442.55|258.8
1131,417.35|425.35
1132,489.2|387.85
1133,208.45|570.6
1134,290.05|323.05
1135,386.2|571.3
1136,272.75|528.35
1137,425.75|380.6
1138,380.35|232.65
1139,324.15|571.7
1140,276.9|412.45
1141,404.25|346.85
1142,586.75|362.95
1143,213.35|391.6
1144,235.45|433.05
1145,461.25|329.7
1146,426.25|427.95
1147,354.2|321.5
1148,581.0|494.8
1149,419.25|509.2
1150,461.9|299.85
1151,297.75|367.2
1152,383.65|553.35
1153,380.85|265.85
1154,239.25|358.55
1155,291.95|383.95
1156,268.35|564.45
1157,268.9|344.55
1158,454.15|384.9
1159,403.05|490.9
1160,208.1|497.8
1161,247.5|571.6
1162,453.25|521.75
1163,466.9|351.1
1164,559.4|418.5
1165,228.5|305.85
1166,241.45|461.75
1167,467.0|387.1
1168,348.4|397.9
1169,566.65|435.9
1170,496.45|258.25
1171,270.45|478.35
1172,456.45|490.8
1173,390.25|284.7
1174,438.95|244.1
1175,579.05|283.2
1176,320.6|405.1
1177,409.25|269.05
1178,258.7|213.75
1179,361.5|272.45
1180,533.75|514.9
1181,213.25|476.4
1182,352.1|373.65
1183,476.45|357.3
1184,220.55|586.05
1185,206.8|264.4
1186,430.4|445.7
1187,455.0|378.55
1188,462.5|348.0
1189,395.9|393.8
1190,362.35|329.5
1191,414.15|286.05
1192,240.1|505.9
1193,405.35|380.75
1194,461.3|501.9
1195,348.9|578.7
1196,254.8|269.1
1197,569.6|518.3
1198,214.75|211.3
1199,581.45|564.45
1200,344.45|360.35
1201,383.3|466.3
1202,368.25|325.6
1203,240.95|305.25
1204,590.8|251.9
1205,411.15|486.15
1206,453.2|530.2
1207,542.9|223.2
1208,411.85|341.8
1209,589.95|304.8
1210,472.95|428.25
1211,537.4|337.4
1212,222.3|421.95
1213,450.65|424.2
1214,359.2|405.35
1215,229.25|283.6
1216,327.6|586.9
1217,539.15|454.75
1218,566.3|280.9
1219,441.05|534.25
1220,293.4|320.2
1221,340.8|585.0
1222,344.6|455.45
1223,255.2|266.9
1224,364.75|429.2
1225,281.5|370.7
1226,592.85|409.9
1227,226.2|317.95
1228,245.6|226.05
1229,226.65|407.4
1230,347.7|234.65
1231,547.6|540.8
1232,360.55|224.2
1233,455.85|394.3
1234,343.85|267.55
1235,229.55|467.65
1236,287.4|533.15
1237,381.35|589.4
1238,242.9|414.65
1239,531.5|442.8
1240,360.05|270.1
1241,542.85|506.45
1242,367.85|402.3
1243,287.3|507.75
1244,365.9|237.55
1245,222.95|506.05
1246,211.25|473.45
1247,472.7|236.65
1248,365.6|589.75
1249,488.3|571.6
1250,394.05|447.75
1251,421.3|305.65
1252,435.95|396.0
1253,268.95|476.3
1254,469.9|361.3
1255,277.85|562.95
1256,570.5|509.25
1257,348.65|592.5
1258,466.95|235.05
1259,351.95|454.8
1260,333.4|336.7
1261,353.7|575.45
1262,449.7|464.6
1263,281.4|277.1
1264,346.4|556.05
1265,243.6|506.1
1266,263.45|369.65
1267,289.25|499.8
1268,263.3|225.85
1269,268.95|499.2
1270,265.65|542.9
1271,558.85|542.8
1272,590.1|348.35
1273,339.3|264.2
1274,588.65|217.5
1275,425.6|401.35
1276,511.25|249.0
1277,401.25|518.75
1278,459.85|562.15
1279,273.1|315.05
1280,250.3|384.85
1281,557.15|528.35
1282,365.9|266.15
1283,227.5|579.9
1284,388.3|277.45
1285,243.6|480.05
1286,538.65|270.75
1287,397.45|479.25
1288,304.95|374.75
1289,385.65|294.9
1290,545.25|474.9
1291,231.1|294.95
1292,578.25|578.55
1293,252.55|270.5
1294,542.45|234.7
1295,535.7|301.85
1296,352.75|381.8
1297,573.2|585.25
1298,368.6|579.55
1299,373.3|314.4
1300,253.95|222.95
1301,585.95|402.05
1302,543.75|546.8
1303,508.7|327.5
1304,535.0|469.95
1305,566.1|408.35
1306,422.85|337.5
1307,261.5|373.95
1308,396.9|385.5
1309,405.0|337.55
1310,589.5|212.3
1311,353.65|278.4
1312,416.8|508.6
1313,359.7|400.55
1314,350.1|368.45
1315,533.3|466.8
1316,590.7|424.15
1317,469.0|212.05
1318,491.2|363.1
1319,556.8|249.25
1320,339.35|351.65
1321,468.25|245.75
1322,430.2|235.75
1323,445.5|440.55
1324,581.4|264.55
1325,320.25|348.1
1326,260.25|519.3
1327,337.5|401.3
1328,304.85|404.0
1329,257.55|316.5
1330,244.25|459.05
1331,562.8|234.0
1332,408.7|373.4
1333,526.55|430.85
1334,393.2|257.25
1335,386.55|231.9
1336,348.75|438.4
1337,571.55|425.95
1338,346.2|229.5
1339,318.0|348.75
1340,588.55|255.4
1341,524.55|399.6
1342,350.3|590.45
1343,232.15|563.85
1344,460.1|391.0
1345,587.8|398.5
1346,481.25|484.3
1347,494.1|503.65
1348,315.55|365.3
1349,268.0|416.05
1350,348.5|311.85
1351,430.3|342.3
1352,533.15|456.65
1353,419.0|359.65
1354,438.85|473.5
1355,283.1|588.65
1356,256.75|342.55
1357,495.45|409.05
1358,440.2|525.0
1359,418.25|373.9
1360,310.4|240.8
1361,249.55|511.15
1362,476.95|275.95
1363,467.45|352.1
1364,490.55|524.3
1365,447.1|383.0
1366,290.8|536.0
1367,412.4|361.55
1368,237.5|492.3
1369,360.45|286.65
1370,217.25|500.65
1371,386.6|532.2
1372,435.15|381.4
1373,285.7|501.25
1374,421.05|349.8
1375,442.55|324.9
1376,408.8|566.35
1377,464.9|355.4
1378,592.35|475.85
1379,226.75|466.25
1380,344.4|575.65
1381,403.4|586.1
1382,232.45|528.2
1383,445.95|474.25
1384,425.35|384.65
1385,550.5|225.55
1386,591.35|415.85
1387,267.05|211.85
1388,531.45|268.0
1389,564.85|487.25
1390,387.5|595.55
1391,460.2|305.1
1392,449.95|522.95
1393,595.05|568.85
1394,276.25|358.3
1395,274.7|580.2
1396,385.6|471.45
1397,247.2|496.8
1398,325.45|556.8
1399,424.6|527.2
1400,546.65|512.6
1401,244.55|382.65
1402,520.7|511.85
1403,460.85|388.95
1404,234.1|272.55
1405,299.9|301.05
1406,520.35|437.15
1407,222.2|387.0
1408,207.35|264.45
1409,262.8|250.1
1410,226.85|584.9
1411,516.85|389.65
1412,232.45|239.25
1413,541.25|421.0
1414,586.65|465.65
1415,313.4|409.3
1416,205.45|487.2
1417,542.7|444.05
1418,571.45|508.75
1419,217.5|297.55
1420,555.75|523.6
1421,298.85|530.15
1422,229.05|533.45
1423,462.0|338.95
1424,266.75|344.85
1425,291.8|495.1
1426,428.5|513.1
1427,388.15|350.8
1428,542.1|546.1
1429,549.3|276.55
1430,231.8|466.9
1431,585.1|250.25
1432,403.65|571.4
1433,517.5|572.3
1434,462.0|326.2
1435,285.5|463.8
1436,219.7|546.9
1437,563.35|480.7
1438,590.35|516.85
1439,225.6|582.0
1440,240.9|539.3
1441,461.55|568.2
1442,408.85|467.0
1443,440.7|403.9
1444,587.6|553.2
1445,356.25|221.65
1446,217.15|468.55
1447,345.2|561.6
1448,549.15|438.15
1449,397.55|589.05
1450,452.4|431.0
1451,573.05|411.2
1452,394.15|369.45
1453,513.25|460.45
1454,219.45|263.75
1455,249.7|271.65
1456,225.95|428.65
1457,411.3|553.5
1458,477.95|349.8
1459,543.9|582.35
1460,468.85|455.5
1461,485.05|388.9
1462,585.8|315.65
1463,431.3|406.05
1464,532.05|580.15
1465,240.0|438.65
1466,553.65|562.3
1467,592.1|278.25
1468,461.15|484.9
1469,264.4|391.2
1470,378.25|423.95
1471,448.3|492.6
1472,544.55|347.7
1473,433.15|442.3
1474,367.6|239.3
1475,589.95|593.2
1476,280.6|273.3
1477,575.25|404.55
1478,518.45|529.3
1479,238.65|423.75
1480,271.9|463.85
1481,462.75|443.15
1482,411.0|527.1
1483,592.95|406.55
1484,228.6|276.85
1485,257.35|366.2
1486,491.5|285.55
1487,453.55|263.0
1488,396.45|492.4
1489,269.9|222.8
1490,352.95|240.55
1491,408.0|293.15
1492,554.45|380.75
1493,275.25|436.75
1494,591.65|277.35
1495,236.85|568.3
1496,454.85|368.25
1497,435.55|559.95
1498,423.0|566.6
1499,210.95|562.15
1500,364.55|326.7
1501,370.75|476.05
1502,544.75|511.2
1503,532.9|550.25
1504,523.0|569.15
1505,364.4|366.85
1506,554.5|575.45
1507,346.05|486.7
1508,211.35|317.2
1509,405.15|324.4
1510,212.3|523.0
1511,406.4|539.7
1512,358.1|213.1
1513,218.55|586.1
1514,226.3|480.9
1515,372.2|412.3
1516,575.75|431.25
1517,516.05|500.15
1518,419.7|506.8
1519,259.1|389.75
1520,343.85|272.6
1521,357.8|334.7
1522,458.6|274.7
1523,224.4|478.8
1524,361.05|280.75
1525,437.6|585.6
1526,564.8|439.35
1527,525.8|461.1
1528,469.6|223.05
1529,299.3|330.5
1530,206.65|461.9
1531,295.95|590.75
1532,429.45|501.15
1533,395.7|584.45
1534,295.55|360.4
1535,482.35|512.8
1536,217.55|372.1
1537,446.15|443.2
1538,390.3|498.55
1539,421.05|381.65
1540,573.2|304.5
1541,329.15|331.05
1542,580.05|327.0
1543,440.15|346.9
1544,342.3|403.3
1545,548.15|334.0
1546,281.0|412.2
1547,479.4|456.75
1548,282.2|575.75
1549,451.9|229.25
1550,314.6|316.3
1551,558.0|466.2
1552,535.8|230.65
1553,400.75|579.0
1554,271.3|314.5
1555,458.75|401.7
1556,239.65|218.45
1557,581.2|574.5
1558,262.9|248.65
1559,376.75|509.7
1560,531.2|423.6
1561,412.15|245.7
1562,440.45|403.0
1563,250.55|431.3
1564,567.35|251.1
1565,383.5|357.5
1566,418.95|584.8
1567,250.4|587.15
1568,474.55|260.2
1569,248.1|265.0
1570,444.35|385.75
1571,436.8|511.8
1572,476.45|226.7
1573,382.55|462.55
1574,560.05|332.0
1575,468.1|502.05
1576,370.05|480.3
1577,383.1|433.2
1578,502.0|489.75
1579,559.7|227.15
1580,326.95|394.9
1581,444.15|467.85
1582,408.55|519.0
1583,214.4|284.25
1584,383.8|407.15
1585,237.55|405.75
1586,582.4|413.35
1587,388.55|556.1
1588,222.55|371.05
1589,404.2|222.1
1590,348.15|458.25
1591,361.5|281.4
1592,399.2|471.6
1593,532.6|460.6
1594,290.35|282.35
1595,295.7|383.5
1596,591.95|404.5
1597,244.65|411.1
1598,539.4|246.75
1599,540.6|276.3
1600,352.4|552.9
1601,267.3|573.05
1602,588.8|565.2
1603,518.15|435.55
1604,404.6|215.7
1605,281.1|264.85
1606,289.8|539.35
1607,455.6|341.5
1608,371.35|255.6
1609,458.15|488.8
1610,584.2|315.2
1611,355.2|543.25
1612,550.7|373.2
1613,259.75|277.05
1614,570.8|425.0
1615,573.9|234.0
1616,248.35|348.75
1617,382.75|293.5
1618,468.5|290.05
1619,430.9|438.7
1620,386.25|327.2
1621,356.65|274.85
1622,297.05|425.15
1623,421.3|345.95
1624,244.9|301.25
1625,572.35|430.1
1626,464.4|298.95
1627,424.95|343.2
1628,460.9|431.7
1629,588.1|371.4
1630,390.5|448.65
1631,458.0|514.5
1632,367.05|341.0
1633,470.6|449.4
1634,589.7|586.9
1635,255.5|292.4
1636,587.15|510.55
1637,231.95|436.85
1638,256.85|215.3
1639,411.1|570.7
1640,562.05|299.4
1641,525.9|502.6
1642,214.5|299.8
1643,468.9|308.5
1644,506.45|484.9
1645,456.8|405.9
1646,222.65|539.45
1647,230.0|384.1
1648,333.2|433.05
1649,393.15|363.35
1650,405.55|346.4
1651,441.8|499.65
1652,495.1|366.05
1653,591.9|375.7
1654,220.9|473.3
1655,382.2|368.7
1656,389.1|376.35
1657,399.1|207.6
1658,463.7|473.75
1659,231.65|361.0
1660,242.95|448.75
1661,316.6|337.1
1662,357.4|217.9
1663,272.8|355.85
1664,350.85|270.4
1665,259.55|482.7
1666,413.9|386.45
1667,525.9|302.05
1668,525.15|553.95
1669,275.6|522.3
1670,474.7|482.2
1671,229.4|474.6
1672,292.15|583.85
1673,451.55|444.75
1674,592.15|586.25
1675,587.8|469.15
1676,462.75|280.35
1677,410.95|263.5
1678,528.4|462.35
1679,469.05|459.4
1680,534.4|469.15
1681,478.85|533.8
1682,432.1|214.5
1683,481.9|273.95
1684,562.4|548.55
1685,277.1|543.8
1686,370.7|280.35
1687,581.0|456.4
1688,445.05|462.0
1689,254.5|359.8
1690,265.55|230.6
1691,306.15|407.55
1692,491.6|487.8
1693,276.7|467.25
1694,412.0|574.05
1695,538.85|589.4
1696,446.9|303.35
1697,537.65|490.95
1698,418.0|233.7
1699,583.75|536.7
1700,229.4|500.55
1701,580.45|382.3
1702,253.7|571.4
1703,534.45|564.4
1704,220.65|525.2
1705,240.3|240.45
1706,437.05|355.2
1707,487.3|343.45
1708,546.55|350.25
1709,269.3|559.8
1710,388.35|487.6
1711,250.7|355.4
1712,354.6|273.2
1713,383.45|265.2
1714,282.55|391.25
1715,279.0|382.8
1716,506.95|486.7
1717,429.95|256.05
1718,464.35|327.5
1719,348.85|579.45
1720,272.85|264.75
1721,496.35|223.85
1722,262.6|421.6
1723,218.1|513.95
1724,421.0|245.45
1725,530.8|470.15
1726,252.15|296.8
1727,514.85|385.3
1728,344.6|581.3
1729,355.7|278.7
1730,212.15|586.5
1731,348.5|401.8
1732,535.6|336.0
1733,416.85|301.65
1734,534.95|541.0
1735,548.8|589.3
1736,309.3|260.6
1737,428.45|327.35
1738,230.75|226.55
1739,367.45|353.55
1740,281.7|340.45
1741,415.6|437.95
1742,439.5|313.15
1743,403.9|588.65
1744,371.5|528.5
1745,367.9|245.85
1746,320.1|375.45
1747,363.95|242.05
1748,372.75|395.9
1749,266.6|380.9
1750,412.4|395.25
1751,362.5|376.85
1752,415.7|549.65
1753,513.25|483.75
1754,502.55|578.7
1755,205.8|462.8
1756,515.55|513.9
1757,272.05|274.6
1758,241.4|209.05
1759,445.1|573.25
1760,335.55|416.4
1761,571.75|441.75
1762,291.15|589.0
1763,234.45|341.75
1764,208.25|242.7
1765,233.25|408.1
1766,510.7|494.7
1767,549.4|343.95
1768,361.05|591.75
1769,427.55|343.2
1770,276.05|227.2
1771,436.2|490.5
1772,476.4|495.3
1773,538.15|448.45
1774,527.05|440.95
1775,394.1|296.2
1776,342.4|333.55
1777,441.55|523.6
1778,392.7|373.25
1779,407.45|332.45
1780,285.75|391.5
1781,593.0|377.45
1782,354.15|512.1
1783,574.7|350.65
1784,253.55|535.3
1785,553.65|506.6
1786,557.15|582.95
1787,458.05|310.25
1788,548.0|228.95
1789,541.65|544.15
1790,240.8|428.35
1791,434.7|311.7
1792,431.15|266.15
1793,461.4|387.0
1794,342.05|215.95
1795,590.15|297.5
1796,459.25|565.8
1797,282.3|380.85
1798,390.2|309.05
1799,251.6|527.1
1800,394.95|475.75
1801,356.75|215.15
1802,535.0|457.4
1803,256.55|248.85
1804,265.4|283.05
1805,328.25|437.7
1806,267.75|514.5
1807,363.05|361.15
1808,425.45|413.65
1809,389.5|298.55
1810,396.55|256.55
1811,531.45|490.45
1812,486.75|297.75
1813,591.9|287.35
1814,523.7|250.95
1815,273.85|523.15
1816,335.5|334.2
1817,476.45|249.45
1818,499.65|220.8
1819,459.95|413.95
1820,438.8|506.45
1821,213.7|396.85
1822,387.6|339.75
1823,232.45|475.35
1824,508.45|469.45
1825,355.55|497.4
1826,391.4|390.15
1827,319.15|296.95
1828,278.35|521.9
1829,578.5|553.75
1830,389.7|352.95
1831,237.95|387.3
1832,557.45|238.5
1833,243.5|281.45
1834,570.2|426.2
1835,458.75|496.1
1836,267.05|409.1
1837,240.0|393.85
1838,347.05|344.9
1839,266.3|561.2
1840,254.4|288.35
1841,535.75|511.75
1842,397.25|369.45
1843,399.45|240.1
1844,292.15|296.6
1845,535.6|326.25
1846,356.15|344.1
1847,578.1|508.4
1848,292.2|488.95
1849,220.0|227.4
1850,570.65|291.7
1851,479.3|462.7
1852,305.5|392.25
1853,501.15|282.75
1854,411.45|211.75
1855,562.4|470.75
1856,367.2|508.95
1857,432.45|535.4
1858,558.9|400.8
1859,458.45|495.45
1860,563.1|461.3
1861,528.6|441.8
1862,427.35|352.55
1863,236.85|341.85
1864,324.75|567.95
1865,464.7|247.1
1866,214.6|590.8
1867,287.45|460.2
1868,233.6|535.0
1869,482.65|450.6
1870,542.9|572.9
1871,410.6|385.9
1872,585.8|386.6
1873,463.1|502.25
1874,531.3|340.9
1875,249.6|214.15
1876,408.7|371.4
1877,244.95|581.55
1878,284.55|531.0
1879,476.05|315.95
1880,363.1|451.1
1881,465.75|282.6
1882,467.2|217.6
1883,537.15|467.0
1884,280.45|263.9
1885,348.6|309.5
1886,272.4|454.65
1887,283.8|406.7
1888,388.25|352.75
1889,255.8|215.65
1890,237.35|469.55
1891,250.2|326.2
1892,340.2|218.9
1893,288.25|370.15
1894,399.8|513.35
1895,396.6|467.85
1896,587.4|238.7
1897,376.15|260.75
1898,552.95|592.7
1899,279.6|495.1
1900,273.4|427.3
1901,437.15|250.2
1902,235.75|233.3
1903,348.8|269.3
1904,274.8|560.6
1905,454.9|301.75
1906,329.85|316.6
1907,467.6|552.7
1908,231.7|367.2
1909,275.95|456.95
1910,587.85|304.1
1911,440.35|574.3
1912,466.55|417.15
1913,208.55|326.15
1914,346.15|444.25
1915,346.25|416.75
1916,273.1|430.1
1917,534.35|556.1
1918,219.65|223.75
1919,520.0|475.05
1920,430.75|215.3
1921,373.5|420.7
1922,581.8|330.15
1923,590.6|505.75
1924,542.75|520.15
1925,216.0|448.5
1926,577.3|305.65
1927,531.25|577.2
1928,561.0|510.2
1929,483.2|425.5
1930,288.4|407.05
1931,252.1|222.35
1932,435.35|267.15
1933,370.2|225.05
1934,247.1|434.15
1935,411.05|335.95
1936,250.15|418.7
1937,206.25|584.95
1938,552.2|252.7
1939,241.05|544.55
1940,538.5|320.5
1941,583.15|558.45
1942,409.95|535.9
1943,203.75|476.5
1944,460.1|448.5
1945,588.15|414.0
1946,403.85|468.1
1947,571.75|508.75
1948,213.3|457.2
1949,285.45|394.7
1950,377.45|280.55
1951,447.6|448.55
1952,218.2|492.55
1953,343.6|549.45
1954,548.3|487.25
1955,378.75|345.1
1956,225.25|494.05
1957,475.1|377.45
1958,356.15|432.85
1959,566.9|310.1
1960,471.25|246.85
1961,544.3|307.0
1962,593.2|356.1
1963,544.0|329.6
1964,560.95|511.3
1965,431.95|318.4
1966,371.7|244.3
1967,231.15|494.0
1968,233.65|356.1
1969,251.45|410.0
1970,270.4|565.85
1971,459.0|469.6
1972,440.1|336.8
1973,217.2|213.2
1974,280.25|536.55
1975,256.25|429.95
1976,215.5|379.1
1977,263.2|535.3
1978,556.05|469.75
1979,404.85|360.45
1980,216.05|247.55
1981,341.95|358.25
1982,475.05|463.35
1983,367.1|526.95
1984,276.65|343.05
1985,418.75|351.0
1986,307.7|398.3
1987,230.5|252.4
1988,212.25|586.35
1989,419.9|296.9
1990,354.9|373.85
1991,258.55|364.5
1992,265.2|571.8
1993,450.0|582.9
1994,532.95|223.7
1995,569.1|502.8
1996,466.15|492.8
1997,576.15|551.45
1998,403.7|495.75
1999,348.35|337.1
2000,330.65|580.15
2001,410.55|588.4
2002,432.15|528.3
2003,556.8|237.2
2004,481.25|484.8
2005,486.65|229.1
2006,355.55|335.8
2007,340.1|265.35
2008,571.65|254.0
2009,580.25|423.8
2010,231.75|291.7
2011,398.6|541.55
2012,476.95|284.0
2013,349.5|476.1
2014,229.4|583.3
2015,321.1|376.1
2016,581.55|295.3
2017,579.8|505.55
2018,290.1|354.6
2019,448.5|231.75
2020,297.2|407.4
2021,529.7|432.5
2022,357.25|215.4
2023,321.35|387.9
2024,286.65|516.55
2025,212.6|582.35
2026,267.8|566.25
2027,350.65|246.9
2028,296.2|562.85
2029,219.15|489.55
2030,326.55|422.35
2031,210.65|291.35
2032,334.35|345.1
2033,469.65|472.45
2034,395.15|377.55
2035,285.3|385.85
2036,348.55|346.85
2037,261.7|351.45
2038,258.5|296.2
2039,262.0|239.3
2040,240.75|558.55
2041,398.0|259.9
2042,220.15|492.65
2043,355.85|337.9
2044,578.25|592.0
2045,267.8|592.2
2046,243.55|229.95
2047,373.4|272.05
2048,235.75|579.05
2049,408.75|373.45
2050,443.65|525.7
2051,356.1|249.4
2052,344.25|589.15
2053,277.55|308.45
2054,535.4|267.25
2055,541.1|312.4
2056,456.2|485.65
2057,285.25|424.2
2058,542.0|442.35
2059,436.8|513.15
2060,536.45|418.95
2061,401.7|379.1
2062,457.3|259.6
2063,385.2|330.25
2064,460.45|212.8
2065,228.35|470.8
2066,219.65|311.75
2067,373.55|559.5
2068,427.15|237.85
2069,550.4|433.5
2070,382.45|576.95
2071,364.9|303.85
2072,568.1|506.85
2073,443.65|339.8
2074,370.25|439.45
2075,213.25|267.15
2076,529.45|582.45
2077,445.4|384.8
2078,516.7|450.9
2079,470.05|217.05
2080,264.4|435.2
2081,309.4|422.2
2082,569.85|524.9
2083,277.15|380.65
2084,411.95|243.15
2085,543.85|347.05
2086,393.35|352.1
2087,269.85|262.0
2088,546.65|234.0
2089,543.2|326.45
2090,364.85|440.25
2091,466.7|284.45
2092,555.05|495.3
2093,482.45|221.35
2094,369.55|441.5
2095,241.3|273.75
2096,548.3|245.85
2097,211.6|585.75
2098,523.85|352.85
2099,239.4|491.1
2100,418.85|247.95
2101,404.55|339.45
2102,451.7|410.8
2103,530.6|427.4
2104,222.95|325.25
2105,569.05|334.55
2106,520.4|416.75
2107,416.85|264.65
2108,459.55|576.55
2109,558.35|405.55
2110,368.1|420.0
2111,278.25|444.15
2112,591.25|213.35
2113,370.55|504.8
2114,418.2|475.1
2115,460.75|446.4
2116,230.0|427.25
2117,586.8|559.6
2118,303.4|532.6
2119,249.65|437.45
2120,343.95|340.25
2121,410.25|277.5
2122,294.75|398.0
2123,431.8|419.9
2124,566.15|511.1
2125,231.6|481.1
2126,393.95|302.3
2127,208.15|537.3
2128,529.8|223.45
2129,385.5|208.7
2130,225.5|412.25
2131,283.55|570.7
2132,441.35|316.3
2133,357.7|350.4
2134,410.6|213.65
2135,269.95|338.55
2136,460.95|333.4
2137,353.55|501.9
2138,338.9|445.8
2139,510.45|512.6
2140,355.15|280.95
2141,457.15|265.4
2142,257.45|390.4
2143,369.45|449.15
2144,454.95|532.75
2145,225.0|406.25
2146,339.0|259.3
2147,270.4|451.05
2148,284.8|500.75
2149,483.15|338.8
2150,457.05|504.4
2151,367.15|377.15
2152,528.7|515.15
2153,442.6|303.25
2154,366.8|573.65
2155,233.85|524.15
2156,303.35|319.35
2157,595.9|568.25
2158,558.3|473.35
2159,592.3|422.35
2160,402.75|230.4
2161,588.45|511.65
2162,252.25|363.35
2163,588.8|350.95
2164,277.95|557.8
2165,342.55|257.8
2166,519.35|346.05
2167,400.65|214.35
2168,426.8|406.1
2169,436.7|583.45
2170,289.95|335.05
2171,247.05|330.3
2172,360.9|370.95
2173,363.8|349.85
2174,286.05|330.95
2175,396.15|333.85
2176,343.85|323.95
2177,564.85|453.05
2178,285.25|578.55
2179,406.05|337.35
2180,460.5|451.35
2181,434.4|223.15
2182,434.55|285.6
2183,476.2|223.75
2184,471.8|292.4
2185,356.2|564.45
2186,231.2|397.15
2187,586.35|272.5
2188,346.4|405.8
2189,291.6|415.1
2190,294.35|371.25
2191,212.25|337.8
2192,431.75|268.05
2193,409.15|272.45
2194,445.3|589.85
2195,235.35|308.6
2196,263.05|286.1
2197,479.05|286.7
2198,557.05|518.9
2199,547.7|514.7
2200,343.05|545.95
2201,375.25|207.6
2202,293.45|396.0
2203,583.35|501.95
2204,350.85|373.55
2205,460.5|321.6
2206,279.9|466.0
2207,463.7|334.1
2208,447.4|524.05
2209,349.9|398.7
2210,264.3|345.35
2211,562.7|222.3
2212,382.7|400.75
2213,323.2|511.35
2214,266.2|442.25
2215,352.85|231.0
2216,412.4|269.75
2217,220.3|405.1
2218,582.2|237.15
2219,216.75|262.15
2220,544.1|456.95
2221,251.1|509.35
2222,267.0|241.75
2223,217.2|434.5
2224,330.4|560.85
2225,207.65|252.35
2226,216.15|514.55
2227,232.8|219.55
2228,581.3|491.6
2229,411.0|570.3
2230,210.7|586.6
2231,372.4|270.65
2232,397.15|569.35
2233,569.85|245.25
2234,422.0|531.3
2235,414.65|222.6
2236,570.45|338.65
2237,247.1|568.6
2238,267.3|555.35
2239,546.45|517.05
2240,357.0|258.15
2241,314.8|418.8
2242,389.8|457.2
2243,535.65|557.4
2244,565.0|209.5
2245,506.3|318.45
2246,579.2|276.7
2247,481.8|478.85
2248,410.8|534.45
2249,256.5|442.5
2250,218.45|241.0
2251,354.9|523.8
2252,581.75|568.75
2253,556.85|411.25
2254,259.0|515.45
2255,366.3|367.6
2256,365.9|570.75
2257,366.75|272.9
2258,553.75|277.35
2259,559.9|583.0
2260,368.5|268.35
2261,274.15|469.1
2262,224.7|591.55
2263,576.45|264.7
2264,213.1|588.0
2265,541.6|569.15
2266,588.05|524.9
2267,245.4|223.2
2268,592.1|418.2
2269,447.05|556.9
2270,429.9|552.45
2271,537.1|344.8
2272,461.75|226.4
2273,546.6|553.05
2274,406.9|495.55
2275,281.2|434.95
2276,568.15|455.45
2277,291.4|538.15
2278,383.2|265.9
2279,450.3|385.7
2280,268.85|214.0
2281,261.05|268.9
2282,343.7|431.6
2283,422.75|259.2
2284,494.85|490.25
2285,557.7|467.05
2286,574.15|324.65
2287,294.6|329.65
2288,283.45|516.9
2289,235.65|281.25
2290,317.55|336.0
2291,282.95|527.9
2292,362.25|221.55
2293,382.0|233.95
2294,295.15|350.45
2295,328.05|224.4
2296,549.45|519.8
2297,421.8|468.7
2298,555.65|527.45
2299,437.9|368.5
2300,575.4|511.0
2301,377.2|212.4
2302,378.85|445.35
2303,330.55|482.85
2304,224.55|268.7
2305,257.7|338.15
2306,595.25|252.65
2307,436.0|582.6
2308,267.5|244.25
2309,414.8|360.45
2310,461.3|471.2
2311,433.8|538.65
2312,391.25|286.0
2313,249.3|216.3
2314,278.65|293.75
2315,270.75|343.05
2316,245.9|255.1
2317,400.55|335.15
2318,588.35|318.3
2319,371.4|235.85
2320,230.9|403.3
2321,536.7|426.7
2322,550.25|303.15
2323,525.35|464.45
2324,404.95|510.5
2325,380.7|207.5
2326,341.15|223.7
2327,352.25|210.05
2328,582.0|512.0
2329,252.65|353.8
2330,448.7|271.55
2331,581.5|499.75
2332,585.65|464.1
2333,299.45|574.9
2334,449.15|234.65
2335,208.35|298.9
2336,290.4|280.05
2337,437.75|396.5
2338,292.0|423.3
2339,353.3|498.7
2340,272.85|277.25
2341,391.55|259.6
2342,582.0|535.45
2343,528.7|476.6
2344,208.65|243.4
2345,246.9|389.2
2346,255.75|528.3
2347,426.25|562.95
2348,229.85|378.55
2349,432.75|581.6
2350,273.0|371.15
2351,341.0|551.85
2352,538.7|573.15
2353,425.3|377.2
2354,375.15|260.7
2355,273.25|303.65
2356,539.7|499.6
2357,285.35|448.55
2358,470.0|234.7
2359,447.0|567.0
2360,542.85|348.0
2361,396.0|333.65
2362,379.35|374.2
2363,430.05|397.2
2364,532.1|319.75
2365,242.95|223.85
2366,467.1|417.2
2367,564.45|221.65
2368,285.45|477.35
2369,456.35|585.55
2370,225.75|489.35
2371,441.25|466.6
2372,407.95|233.05
2373,364.7|573.1
2374,231.55|279.0
2375,411.35|226.7
2376,318.05|315.55
2377,464.25|399.6
2378,239.25|436.5
2379,556.25|539.0
2380,279.7|329.8
2381,214.55|500.6
2382,446.35|384.0
2383,229.65|412.85
2384,462.1|498.2
2385,481.45|526.5
2386,448.4|345.15
2387,594.7|266.3
2388,372.55|511.45
2389,321.15|406.5
2390,376.7|251.75
2391,453.5|380.65
2392,441.95|573.35
2393,327.4|324.8
2394,229.55|580.15
2395,543.05|262.1
2396,396.45|273.05
2397,447.35|454.95
2398,514.25|521.55
2399,592.05|550.65
2400,467.1|539.1
2401,444.25|488.0
2402,222.65|342.5
2403,270.6|414.7
2404,461.75|438.75
2405,564.05|538.0
2406,350.15|327.35
2407,248.8|543.2
2408,348.45|534.95
2409,394.2|215.4
2410,531.45|566.4
2411,444.7|236.45
2412,549.85|305.45
2413,243.4|274.3
2414,233.8|567.45
2415,573.75|435.85
2416,583.6|359.85
2417,393.7|585.65
2418,342.05|375.85
2419,511.5|350.4
2420,594.4|542.75
2421,377.25|476.2
2422,219.05|314.85
2423,289.15|530.85
2424,297.4|337.05
2425,576.35|379.2
2426,540.65|404.3
2427,297.3|349.5
2428,551.05|465.75
2429,482.15|460.4
2430,554.1|441.65
2431,588.75|275.0
2432,338.6|537.9
2433,573.3|428.8
2434,460.7|559.9
2435,590.2|213.45
2436,416.4|317.35
2437,324.45|548.45
2438,341.3|380.05
2439,239.1|419.15
2440,222.35|352.7
2441,393.25|387.4
2442,570.75|407.35
2443,282.2|465.95
2444,253.8|580.4
2445,585.25|368.15
2446,273.85|251.8
2447,210.55|541.0
2448,291.5|458.85
2449,249.45|430.6
2450,583.45|438.0
2451,322.35|530.6
2452,542.05|417.6
2453,591.0|370.05
2454,384.55|549.95
2455,259.25|317.45
2456,547.85|343.65
2457,234.85|595.05
2458,413.55|499.75
2459,559.95|404.7
2460,561.1|283.65
2461,474.4|457.35
2462,335.45|239.05
2463,535.3|584.75
2464,527.1|396.75
2465,428.8|306.6
2466,261.25|220.85
2467,595.1|420.85
2468,218.5|408.3
2469,283.25|573.75
2470,275.5|539.65
2471,583.2|303.45
2472,211.05|462.55
2473,530.1|340.0
2474,445.6|466.55
2475,401.85|368.35
2476,354.3|468.55
2477,345.25|359.95
2478,451.45|271.5
2479,519.75|455.4
2480,479.85|345.2
2481,250.55|552.6
2482,213.9|461.8
2483,263.4|394.6
2484,426.9|243.7
2485,450.9|219.4
2486,408.95|268.35
2487,299.5|321.3
2488,521.65|504.4
2489,346.9|424.4
2490,296.25|339.85
2491,403.8|575.25
2492,430.8|569.3
2493,561.6|553.35
2494,419.05|336.1
2495,446.15|355.3
2496,289.9|380.65
2497,587.25|538.3
2498,437.7|307.95
2499,233.95|498.5
2500,524.65|447.05
2501,276.15|526.5
2502,467.0|264.6
2503,432.15|245.5
2504,219.25|300.95
2505,404.4|581.95
2506,256.25|417.25
2507,211.45|488.3
2508,401.45|447.9
2509,306.0|340.1
2510,233.65|257.45
2511,317.15|347.8
2512,457.6|529.25
2513,581.85|558.6
2514,270.05|488.05
2515,562.75|255.55
2516,569.15|218.5
2517,289.15|434.75
2518,584.55|434.05
2519,395.15|432.2
2520,348.95|315.2
2521,256.25|387.25
2522,250.0|569.2
2523,363.15|378.25
2524,543.45|568.9
2525,233.65|374.25
2526,440.5|459.3
2527,459.65|569.5
2528,395.35|236.65
2529,465.5|280.4
2530,266.85|400.35
2531,558.7|493.75
2532,256.55|369.65
2533,356.35|395.45
2534,445.9|540.4
2535,371.7|423.65
2536,514.45|368.55
2537,281.8|316.45
2538,479.35|501.4
2539,252.2|293.5
2540,326.3|406.8
2541,266.2|234.9
2542,213.85|211.85
2543,378.5|427.25
2544,562.85|589.1
2545,342.3|562.75
2546,433.6|567.8
2547,433.05|461.7
2548,558.9|585.55
2549,361.15|448.1
2550,346.0|272.05
2551,213.1|273.0
2552,376.15|282.55
2553,559.8|525.05
2554,428.95|252.75
2555,575.3|228.9
2556,571.85|221.75
2557,296.55|410.5
2558,493.5|477.75
2559,437.85|342.2
2560,554.0|372.2
2561,264.45|378.85
2562,534.15|372.1
2563,321.65|396.7
2564,429.5|229.05
2565,208.45|501.95
2566,279.9|329.3
2567,528.75|502.6
2568,465.45|268.6
2569,216.4|558.25
2570,482.45|278.45
2571,438.2|539.35
2572,376.6|495.95
2573,384.95|236.05
2574,272.2|330.15
2575,282.8|450.4
2576,350.45|565.55
2577,578.35|313.2
2578,454.3|526.5
2579,465.9|223.1
2580,537.4|459.6
2581,469.5|463.35
2582,530.5|465.55
2583,264.45|339.0
2584,585.9|301.55
2585,218.3|412.85
2586,302.8|399.3
2587,411.15|412.75
2588,211.7|438.55
2589,495.4|363.4
2590,421.25|370.95
2591,591.65|585.15
2592,275.7|281.75
2593,563.5|265.9
2594,373.55|412.25
2595,467.3|231.65
2596,550.8|578.6
2597,465.25|488.15
2598,398.85|384.2
2599,443.9|399.6
2600,457.65|544.85
2601,291.3|418.95
2602,229.1|584.95
2603,288.65|537.9
2604,554.05|534.3
2605,334.4|219.9
2606,563.65|487.95
2607,356.45|347.95
2608,413.0|374.35
2609,231.85|413.3
2610,237.25|384.8
2611,343.7|455.5
2612,207.75|532.95
2613,471.35|293.2
2614,590.3|288.95
2615,254.75|295.25
2616,567.5|434.3
2617,232.45|589.6
2618,578.3|551.85
2619,402.05|329.7
2620,348.9|524.6
2621,352.4|277.9
2622,549.4|561.6
2623,349.55|501.2
2624,439.45|330.0
2625,395.95|278.25
2626,207.7|530.8
2627,280.3|579.3
2628,378.55|495.6
2629,457.05|351.2
2630,217.45|404.75
2631,253.0|272.25
2632,430.65|461.75
2633,219.85|237.85
2634,214.1|482.45
2635,522.65|302.85
2636,589.6|212.65
2637,269.8|296.85
2638,533.55|383.85
2639,553.35|290.55
2640,470.45|252.5
2641,459.3|334.85
2642,347.1|241.55
2643,344.1|367.95
2644,288.55|334.4
2645,563.45|558.65
2646,433.5|420.5
2647,542.5|406.4
2648,281.95|341.8
2649,380.15|441.45
2650,356.75|338.35
2651,453.55|299.9
2652,550.3|467.55
2653,279.2|584.15
2654,580.85|556.85
2655,348.8|262.25
2656,512.6|409.85
2657,541.2|265.4
2658,436.15|427.95
2659,204.85|464.85
2660,387.35|371.95
2661,398.4|290.2
2662,583.55|368.85
2663,573.5|522.4
2664,570.55|593.4
2665,356.15|544.1
2666,356.3|277.65
2667,532.85|438.75
2668,346.75|349.05
2669,579.3|518.95
2670,441.75|426.9
2671,548.6|548.3
2672,296.35|321.25
2673,470.35|308.9
2674,523.3|490.5
2675,239.75|424.45
2676,384.1|581.15
2677,524.2|557.0
2678,533.0|569.0
2679,337.6|557.95
2680,521.1|339.95
2681,325.3|428.0
2682,573.7|297.05
2683,406.55|382.85
2684,278.0|533.6
2685,444.0|294.0
2686,401.75|590.05
2687,240.1|448.5
2688,237.35|531.6
2689,459.9|296.2
2690,289.15|451.75
2691,285.35|280.7
2692,574.8|210.35
2693,586.0|469.6
2694,232.0|300.25
2695,564.45|312.65
2696,426.55|379.2
2697,329.95|342.15
2698,244.3|402.1
2699,471.35|461.4
2700,573.65|387.1
2701,593.85|574.15
2702,232.8|278.6
2703,405.8|372.75
2704,269.35|265.5
2705,372.85|522.6
2706,277.95|413.95
2707,554.5|277.3
2708,224.6|329.4
2709,477.4|541.35
2710,451.75|324.25
2711,316.55|400.85
2712,459.45|219.95
2713,262.35|336.0
2714,546.75|267.35
2715,391.1|524.2
2716,403.9|401.7
2717,319.2|226.2
2718,565.85|436.35
2719,266.5|358.3
2720,421.65|579.05
2721,214.85|228.65
2722,529.65|435.95
2723,339.1|324.7
2724,417.4|266.35
2725,368.75|220.4
2726,236.9|505.9
2727,550.15|355.45
2728,253.35|316.15
2729,449.25|560.25
2730,461.15|232.9
2731,359.8|386.5
2732,433.15|552.3
2733,244.5|500.75
2734,461.95|578.75
2735,396.0|502.35
2736,592.15|299.85
2737,592.65|409.2
2738,469.3|298.0
2739,352.65|509.6
2740,259.2|570.0
2741,215.4|461.95
2742,260.8|289.3
2743,412.15|486.65
2744,372.05|283.7
2745,403.85|256.2
2746,266.2|207.85
2747,210.0|307.6
2748,531.55|456.45
2749,463.7|346.4
2750,215.8|461.75
2751,208.2|226.35
2752,240.85|356.1
2753,373.1|221.65
2754,241.4|590.95
2755,595.2|420.95
2756,236.4|558.3
2757,395.0|491.6
2758,433.7|382.3
2759,569.7|549.65
2760,394.65|439.9
2761,391.55|369.7
2762,342.05|246.1
2763,529.3|350.3
2764,462.4|345.85
2765,361.95|359.7
2766,460.7|336.15
2767,297.85|558.05
2768,535.05|312.7
2769,595.0|575.65
2770,209.2|262.75
2771,274.5|376.85
2772,417.8|521.85
2773,256.1|494.6
2774,348.6|557.85
2775,247.15|295.2
2776,454.7|271.85
2777,272.05|537.75
2778,407.7|577.25
2779,594.3|515.45
2780,541.8|244.35
2781,352.95|459.1
2782,449.6|532.45
2783,301.3|376.45
2784,463.45|366.95
2785,579.1|397.35
2786,548.4|426.7
2787,346.95|547.65
2788,523.35|359.6
2789,219.6|514.15
2790,584.9|345.85
2791,389.5|359.5
2792,341.45|558.35
2793,377.3|486.6
2794,447.65|454.0
2795,592.5|365.35
2796,239.6|386.05
2797,378.95|214.25
2798,220.9|584.15
2799,346.25|506.85
2800,260.95|262.65
2801,244.45|346.2
2802,274.05|333.85
2803,281.55|566.8
2804,591.5|299.6
2805,363.9|318.8
2806,241.75|393.9
2807,338.65|535.3
2808,362.55|271.15
2809,330.75|341.0
2810,423.75|213.35
2811,289.55|445.55
2812,422.5|230.45
2813,460.05|467.1
2814,226.5|522.7
2815,468.7|293.2
2816,394.35|455.3
2817,245.05|574.7
2818,476.2|291.45
2819,510.05|509.0
2820,423.45|565.55
2821,472.0|495.45
2822,381.1|585.5
2823,341.7|434.55
2824,315.95|372.15
2825,374.35|343.55
2826,458.7|564.85
2827,364.5|345.6
2828,428.4|354.5
2829,576.05|359.35
2830,483.0|513.75
2831,367.7|223.8
2832,591.95|429.6
2833,570.15|566.2
2834,453.4|578.25
2835,231.55|257.25
2836,414.3|482.65
2837,381.5|328.25
2838,426.15|461.0
2839,393.6|502.65
2840,453.7|274.0
2841,427.6|258.7
2842,373.3|398.7
2843,278.7|555.25
2844,540.35|475.9
2845,239.15|589.7
2846,452.35|462.0
2847,422.15|463.05
2848,471.65|465.3
2849,545.55|253.45
2850,416.1|287.05
2851,448.65|271.0
2852,310.15|508.7
2853,365.75|266.55
2854,507.15|235.8
2855,449.3|235.65
2856,424.8|397.5
2857,372.05|213.0
2858,460.9|232.25
2859,472.25|516.2
2860,468.65|444.7
2861,378.55|253.65
2862,283.7|331.4
2863,421.9|499.85
2864,243.25|445.1
2865,524.2|508.55
2866,246.95|337.5
2867,401.35|222.05
2868,284.3|540.25
2869,288.6|522.55
2870,554.5|505.85
2871,215.5|586.65
2872,543.4|332.8
2873,207.35|526.9
2874,491.2|449.65
2875,573.45|577.4
2876,415.45|308.25
2877,318.75|361.85
2878,273.7|411.2
2879,537.85|302.35
2880,283.8|343.5
2881,463.6|354.05
2882,276.1|590.55
2883,487.45|349.95
2884,481.45|366.3
2885,407.45|460.0
2886,565.25|231.3
2887,258.55|335.35
2888,394.65|545.9
2889,433.6|320.55
2890,473.9|339.9
2891,434.25|503.0
2892,461.2|246.05
2893,558.2|539.15
2894,219.4|265.75
2895,292.3|432.3
2896,579.15|390.3
2897,591.3|387.8
2898,545.65|275.45
2899,465.75|382.9
2900,554.6|553.9
2901,252.75|361.4
2902,239.25|546.05
2903,422.3|334.65
2904,206.5|522.2
2905,362.5|331.8
2906,245.35|301.7
2907,384.1|228.3
2908,425.9|339.6
2909,345.5|299.45
2910,544.5|554.9
2911,515.25|355.85
2912,587.0|508.55
2913,259.0|428.35
2914,513.4|505.75
2915,383.15|350.65
2916,568.9|406.6
2917,233.55|413.9
2918,468.5|552.3
2919,530.5|458.4
2920,363.3|486.9
2921,374.5|496.95
2922,455.7|585.95
2923,293.9|385.3
2924,566.4|402.3
2925,570.05|520.0
2926,226.0|416.45
2927,554.6|586.5
2928,275.85|543.95
2929,279.8|326.4
2930,574.95|514.55
2931,232.65|354.65
2932,349.45|540.4
2933,230.3|312.25
2934,242.45|461.9
2935,245.7|378.1
2936,367.8|370.2
2937,363.45|341.6
2938,353.8|385.75
2939,587.55|476.1
2940,582.95|245.75
2941,427.35|362.75
2942,277.25|447.15
2943,240.1|241.35
2944,480.5|430.75
2945,415.55|380.25
2946,249.65|436.25
2947,463.0|482.3
2948,533.3|289.6
2949,466.8|473.5
2950,379.4|263.55
2951,539.55|421.25
2952,488.2|368.55
2953,350.45|393.35
2954,473.3|286.0
2955,343.7|428.75
2956,408.3|290.9
2957,463.35|450.1
2958,363.8|340.6
2959,347.7|329.75
2960,392.6|294.0
2961,359.75|324.85
2962,427.45|507.85
2963,462.95|397.2
2964,541.15|589.35
2965,340.7|329.45
2966,398.7|592.35
2967,538.15|447.75
2968,579.65|506.45
2969,400.5|343.2
2970,499.8|374.5
2971,371.95|357.9
2972,240.35|425.2
2973,369.7|259.15
2974,423.15|539.1
2975,205.65|487.85
2976,208.25|210.95
2977,288.25|448.25
2978,264.5|290.3
2979,582.2|406.0
2980,529.35|547.35
2981,385.8|271.85
2982,431.85|451.15
2983,440.65|408.7
2984,406.2|359.55
2985,537.0|547.1
2986,408.6|363.85
2987,244.6|403.2
2988,368.2|435.9
2989,363.8|593.25
2990,220.7|226.85
2991,292.2|297.4
2992,450.6|428.4
2993,495.65|470.45
2994,383.15|499.0
2995,579.05|320.85
2996,573.25|392.65
2997,453.75|357.85
2998,232.5|360.35
2999,279.05|275.9
3000,281.2|477.05
3001,407.4|328.25
3002,255.05|584.1
3003,557.85|424.75
3004,368.15|325.65
3005,216.5|501.6
3006,298.75|501.8
3007,347.2|324.9
3008,228.15|241.2
3009,347.35|431.05
3010,230.65|431.25
3011,440.0|433.7
3012,590.7|591.9
3013,361.35|280.25
3014,529.9|484.8
3015,544.15|222.15
3016,213.2|248.5
3017,555.2|436.7
3018,253.05|460.95
3019,345.8|578.25
3020,260.75|266.6
3021,427.95|491.25
3022,447.85|263.7
3023,458.45|554.3
3024,476.55|343.75
3025,222.3|401.0
3026,211.0|331.6
3027,473.45|460.55
3028,540.25|516.0
3029,216.0|236.15
3030,592.5|577.8
3031,268.85|580.05
3032,537.35|569.6
3033,377.9|232.45
3034,215.6|226.05
3035,434.5|223.4
3036,453.35|541.9
3037,446.05|234.65
3038,447.15|478.9
3039,346.0|354.85
3040,352.8|288.2
3041,410.7|273.7
3042,282.7|293.05
3043,286.4|455.3
3044,523.75|349.25
3045,460.0|373.45
3046,572.7|251.95
3047,519.2|540.2
3048,294.2|339.5
3049,354.0|213.3
3050,370.9|351.55
3051,540.5|444.65
3052,215.45|312.55
3053,235.8|224.0
3054,572.6|498.15
3055,364.65|562.05
3056,267.4|385.4
3057,234.15|215.4
3058,221.5|409.35
3059,343.1|292.6
3060,465.55|584.0
3061,216.2|551.35
3062,244.0|574.65
3063,469.8|546.7
3064,233.2|398.2
3065,504.65|580.5
3066,232.9|251.7
3067,296.3|218.6
3068,370.05|283.8
3069,235.65|506.8
3070,293.75|376.75
3071,579.9|571.45
3072,234.05|584.1
3073,377.65|269.2
3074,460.75|218.15
3075,450.8|401.5
3076,286.3|460.2
3077,251.8|288.9
3078,388.6|489.9
3079,576.1|265.85
3080,466.95|414.0
3081,207.3|239.55
3082,472.5|507.2
3083,590.45|366.75
3084,470.3|212.65
3085,208.8|326.15
3086,320.45|356.3
3087,413.15|324.7
3088,341.0|373.5
3089,477.45|312.1
3090,589.4|424.1
3091,239.0|331.25
3092,554.4|319.75
3093,218.35|412.85
3094,482.55|567.85
3095,211.15|521.15
3096,210.95|546.4
3097,294.0|526.65
3098,344.95|514.5
3099,224.3|470.8
3100,290.0|262.65
3101,320.95|397.45
3102,373.85|355.55
3103,541.05|233.3
3104,337.45|373.85
3105,253.85|451.6
3106,359.1|331.0
3107,352.0|329.65
3108,363.55|281.2
3109,227.9|311.85
3110,530.15|462.95
3111,547.75|299.8
3112,412.85|248.05
3113,526.85|522.3
3114,581.65|224.85
3115,532.55|545.3
3116,273.75|552.5
3117,406.35|506.05
3118,347.1|359.2
3119,538.9|338.9
3120,205.85|534.5
3121,393.0|365.9
3122,557.7|292.15
3123,398.0|282.25
3124,247.4|224.75
3125,573.3|383.7
3126,255.75|406.95
3127,241.5|341.6
3128,235.3|487.45
3129,520.65|468.7
3130,390.8|581.85
3131,402.35|559.55
3132,442.35|471.55
3133,570.95|542.0
3134,535.2|547.2
3135,534.65|432.0
3136,428.4|247.4
3137,226.3|247.9
3138,407.2|344.85
3139,282.7|562.15
3140,377.15|298.5
3141,217.5|435.6
3142,309.1|339.25
3143,262.6|223.05
3144,465.0|492.55
3145,381.15|361.75
3146,425.0|228.3
3147,538.65|342.6
3148,357.2|359.85
3149,212.1|325.6
3150,279.85|527.6
3151,592.25|481.4
3152,352.25|442.55
3153,579.8|408.4
3154,212.5|551.05
3155,404.4|212.5
3156,427.9|406.05
3157,552.2|425.2
3158,288.35|393.05
3159,298.8|235.05
3160,386.1|558.15
3161,566.35|574.85
3162,526.6|564.05
3163,564.15|374.1
3164,258.25|258.4
3165,473.9|422.2
3166,477.8|220.7
3167,486.2|502.75
3168,421.8|424.0
3169,468.35|299.6
3170,386.85|272.05
3171,590.2|261.7
3172,273.9|562.4
3173,430.15|250.85
3174,519.2|452.45
3175,578.3|435.15
3176,410.45|569.4
3177,206.4|581.4
3178,575.9|340.3
3179,289.8|384.95
3180,534.7|543.85
3181,585.6|265.4
3182,352.3|271.8
3183,442.5|347.55
3184,256.3|545.2
3185,387.85|487.75
3186,580.35|459.25
3187,234.25|267.55
3188,356.1|303.3
3189,430.65|575.4
3190,357.15|256.45
3191,355.6|222.7
3192,584.95|228.05
3193,535.3|460.55
3194,213.7|531.7
3195,405.25|322.1
3196,382.25|376.5
3197,447.05|513.0
3198,385.1|544.1
3199,249.9|575.4
3200,263.65|378.35
3201,581.2|539.8
3202,350.05|581.55
3203,583.9|264.1
3204,556.25|407.6
3205,347.1|385.0
3206,291.45|332.6
3207,261.2|590.55
3208,403.2|490.6
3209,565.6|232.9
3210,282.85|448.4
3211,364.2|243.1
3212,352.7|499.6
3213,546.05|275.75
3214,362.6|333.45
3215,507.1|566.75
3216,415.25|364.1
3217,275.0|535.2
3218,286.55|239.65
3219,206.5|462.15
3220,466.95|465.05
3221,263.05|239.1
3222,510.1|503.65
3223,255.35|236.05
3224,264.2|222.15
3225,295.6|383.2
3226,271.95|250.2
3227,525.65|533.0
3228,398.8|560.25
3229,415.75|555.15
3230,209.0|408.65
3231,283.85|374.95
3232,441.05|387.2
3233,551.3|451.55
3234,433.8|583.8
3235,458.0|408.45
3236,564.7|564.1
3237,581.45|387.45
3238,426.9|448.65
3239,386.0|528.7
3240,346.0|210.6
3241,234.6|452.95
3242,358.8|282.85
3243,216.0|391.95
3244,432.0|220.55
3245,254.15|290.35
3246,351.5|452.7
3247,369.15|379.6
3248,560.2|237.8
3249,561.5|231.0
3250,273.15|277.45
3251,326.6|420.3
3252,401.5|328.05
3253,585.95|489.05
3254,478.85|362.9
3255,473.45|309.1
3256,428.2|393.35
3257,411.6|464.4
3258,548.3|270.25
3259,248.8|359.65
3260,389.15|223.25
3261,214.7|580.8
3262,480.4|343.9
3263,550.45|406.15
3264,390.65|584.55
3265,585.8|385.9
3266,346.3|339.3
3267,405.3|390.75
3268,299.55|371.35
3269,283.75|396.25
3270,233.85|529.5
3271,352.3|405.05
3272,462.6|296.95
3273,479.1|321.6
3274,258.15|266.2
3275,374.2|489.0
3276,413.55|590.6
3277,454.0|352.9
3278,317.55|522.9
3279,463.1|464.75
3280,310.1|271.75
3281,345.45|431.0
3282,357.15|383.9
3283,348.9|540.1
3284,586.05|434.4
3285,411.45|348.35
3286,204.0|497.55
3287,409.1|210.45
3288,336.85|420.4
3289,264.05|526.35
3290,255.85|514.75
3291,210.5|584.45
3292,348.9|262.0
3293,476.15|576.0
3294,462.7|540.45
3295,531.2|271.2
3296,416.25|413.9
3297,220.95|547.65
3298,592.05|264.85
3299,412.1|479.3
3300,247.7|228.0
3301,438.55|491.65
3302,462.7|219.3
3303,452.25|462.25
3304,385.5|472.95
3305,559.4|384.05
3306,486.3|484.65
3307,477.8|501.6
3308,433.45|508.25
3309,244.8|258.1
3310,458.1|465.5
3311,345.3|209.35
3312,328.1|316.3
3313,212.2|298.5
3314,394.45|207.7
3315,241.3|569.55
3316,434.65|333.2
3317,294.9|358.45
3318,286.65|433.4
3319,380.3|450.55
3320,297.05|314.65
3321,444.05|483.0
3322,520.4|282.95
3323,207.8|526.3
3324,342.1|320.1
3325,356.9|330.8
3326,531.6|513.95
3327,532.35|462.8
3328,463.95|566.35
3329,225.95|582.45
3330,258.9|491.85
3331,387.55|211.7
3332,432.75|301.3
3333,426.35|307.45
3334,351.8|290.5
3335,560.75|406.65
3336,527.85|522.4
3337,553.05|280.1
3338,246.1|323.15
3339,261.45|565.35
3340,347.65|244.0
3341,376.45|484.45
3342,312.0|563.4
3343,449.95|323.3
3344,436.85|462.55
3345,254.45|226.6
3346,210.35|493.75
3347,254.4|563.7
3348,560.55|302.05
3349,404.4|285.45
3350,355.65|568.5
3351,430.65|532.6
3352,531.95|433.25
3353,536.5|565.55
3354,509.0|231.75
3355,420.1|469.5
3356,580.1|370.45
3357,289.1|263.55
3358,351.1|239.05
3359,448.3|526.35
3360,340.9|353.8
3361,385.1|351.15
3362,430.45|280.75
3363,276.2|233.55
3364,320.3|496.45
3365,433.75|383.7
3366,223.7|578.9
3367,392.85|335.95
3368,570.55|332.1
3369,588.15|470.8
3370,343.05|404.6
3371,586.25|511.9
3372,445.6|356.55
3373,229.05|592.2
3374,354.5|390.8
3375,449.2|227.85
3376,429.9|530.85
3377,522.25|541.2
3378,584.85|359.75
3379,443.55|477.85
3380,445.85|389.75
3381,578.45|238.4
3382,399.25|319.35
3383,350.0|217.25
3384,310.15|445.95
3385,376.5|491.5
3386,449.0|248.5
3387,273.95|554.6
3388,463.1|279.75
3389,274.7|338.35
3390,354.35|431.95
3391,589.6|370.15
3392,274.2|583.05
3393,421.95|310.55
3394,539.15|351.4
3395,361.3|244.95
3396,418.95|245.1
3397,569.85|451.45
3398,565.6|418.65
3399,225.25|305.6
3400,342.35|559.0
3401,556.45|590.85
3402,472.9|537.35
3403,566.55|501.15
3404,206.4|476.3
3405,394.3|447.5
3406,294.05|325.9
3407,411.6|499.35
3408,539.75|298.7
3409,559.4|494.1
3410,223.1|587.0
3411,376.05|477.45
3412,369.2|572.4
3413,567.8|357.35
3414,448.2|314.0
3415,345.65|213.85
3416,577.55|531.8
3417,267.4|580.65
3418,422.45|580.6
3419,528.55|519.35
3420,354.2|328.75
3421,362.7|433.6
3422,592.25|396.65
3423,359.45|362.25
3424,223.05|457.4
3425,382.15|369.7
3426,558.1|428.9
3427,361.3|595.25
3428,559.3|326.35
3429,325.85|423.7
3430,440.5|458.95
3431,236.75|340.85
3432,282.25|455.7
3433,319.35|418.0
3434,576.15|259.45
3435,223.5|293.85
3436,483.3|556.25
3437,213.55|490.8
3438,412.8|361.0
3439,450.15|457.05
3440,340.35|404.2
3441,462.8|560.9
3442,478.4|297.2
3443,582.1|325.8
3444,221.2|234.3
3445,455.95|263.15
3446,291.4|467.8
3447,349.45|564.7
3448,238.1|359.2
3449,373.05|489.5
3450,275.35|582.45
3451,570.45|512.8
3452,578.45|228.65
3453,288.45|500.05
3454,210.8|587.05
3455,442.7|335.6
3456,217.15|316.7
3457,587.0|377.5
3458,337.7|222.55
3459,489.1|479.05
3460,557.05|382.7
3461,544.35|249.55
3462,567.8|242.35
3463,558.65|550.1
3464,554.85|253.05
3465,478.55|484.95
3466,382.35|325.55
3467,229.9|440.4
3468,361.5|321.85
3469,549.4|583.1
3470,214.85|504.75
3471,550.55|290.25
3472,362.1|436.3
3473,474.75|502.85
3474,233.4|397.3
3475,520.75|516.3
3476,413.45|239.2
3477,502.35|322.6
3478,582.55|214.45
3479,525.55|504.25
3480,418.5|324.6
3481,427.6|299.65
3482,593.7|501.85
3483,229.5|435.6
3484,268.85|281.5
3485,554.95|248.3
3486,478.55|514.25
3487,456.7|593.55
3488,592.45|568.75
3489,414.55|398.05
3490,448.15|528.65
3491,217.05|311.05
3492,548.95|496.4
3493,372.1|230.95
3494,241.25|434.8
3495,381.95|368.8
3496,248.95|282.4
3497,464.8|565.8
3498,473.1|476.85
3499,304.65|384.2
3500,362.15|228.85
3501,289.2|427.8
3502,386.6|212.0
3503,296.55|419.45
3504,242.3|508.85
3505,385.5|528.15
3506,480.4|314.6
3507,408.3|366.55
3508,532.65|437.65
3509,466.7|221.0
3510,527.15|485.55
3511,434.75|312.9
3512,573.3|469.8
3513,454.55|266.5
3514,577.3|293.35
3515,531.2|248.4
3516,546.2|336.1
3517,337.25|557.8
3518,206.45|585.2
3519,207.0|383.2
3520,239.4|514.15
3521,365.95|548.9
3522,256.3|451.3
3523,379.3|248.0
3524,295.8|359.6
3525,266.15|376.05
3526,259.05|267.45
3527,410.1|350.55
3528,254.5|276.45
3529,243.55|546.3
3530,532.4|570.05
3531,401.05|505.05
3532,254.45|253.7
3533,582.8|298.25
3534,512.65|462.1
3535,580.6|293.95
3536,550.65|217.85
3537,512.3|469.45
3538,409.3|474.55
3539,245.05|230.15
3540,549.45|260.8
3541,218.15|394.6
3542,329.05|290.45
3543,345.35|224.7
3544,276.9|279.2
3545,245.45|494.35
3546,498.2|487.5
3547,586.2|411.75
3548,559.25|484.35
3549,292.15|449.1
3550,445.8|479.3
3551,343.3|466.6
3552,477.4|346.8
3553,518.1|441.6
3554,457.3|382.8
3555,538.3|519.85
3556,275.0|517.95
3557,367.75|283.15
3558,442.35|314.4
3559,458.55|517.95
3560,465.4|255.6
3561,436.05|325.05
3562,556.95|469.45
3563,270.0|372.9
3564,351.25|506.75
3565,281.6|433.75
3566,421.4|553.65
3567,288.15|530.05
3568,459.95|460.35
3569,243.75|498.45
3570,563.6|236.6
3571,220.15|352.25
3572,408.5|399.2
3573,464.1|470.2
3574,438.2|242.85
3575,361.6|357.0
3576,225.55|311.65
3577,479.4|228.1
3578,343.9|239.95
3579,267.7|213.8
3580,361.6|277.3
3581,223.65|550.9
3582,470.45|242.4
3583,280.5|226.25
3584,342.9|549.95
3585,290.85|548.1
3586,457.8|483.6
3587,585.8|295.15
3588,576.2|485.85
3589,542.75|307.35
3590,456.15|473.45
3591,235.55|436.8
3592,413.0|224.65
3593,536.4|539.8
3594,209.3|382.2
3595,357.75|357.35
3596,394.2|350.3
3597,464.55|456.15
3598,369.3|553.9
3599,416.65|474.85
3600,483.2|277.25
3601,570.85|507.95
3602,231.45|510.05
3603,454.15|337.95
3604,334.7|385.4
3605,385.55|320.85
3606,573.65|457.65
3607,302.95|545.9
3608,250.75|280.35
3609,537.1|444.55
3610,572.4|564.05
3611,267.1|550.45
3612,267.15|571.65
3613,370.85|296.0
3614,439.85|576.2
3615,452.15|554.25
3616,589.8|309.0
3617,226.4|399.7
3618,473.75|333.5
3619,570.75|330.85
3620,345.55|391.55
3621,410.65|225.95
3622,562.7|524.1
3623,585.75|456.45
3624,576.5|572.1
3625,276.3|338.35
3626,474.6|389.95
3627,300.3|539.8
3628,229.95|274.05
3629,331.4|543.15
3630,542.95|428.45
3631,490.15|370.35
3632,575.45|352.45
3633,540.0|550.6
3634,387.1|246.1
3635,588.5|422.0
3636,459.8|345.65
3637,219.95|296.05
3638,471.2|463.2
3639,585.15|484.35
3640,281.75|575.3
3641,284.85|534.05
3642,353.65|214.8
3643,291.1|484.7
3644,402.0|555.75
3645,235.85|418.75
3646,500.2|312.45
3647,421.95|265.25
3648,287.7|533.05
3649,459.5|300.85
3650,388.25|351.7
3651,243.9|504.1
3652,277.1|293.5
3653,255.45|338.25
3654,349.8|286.15
3655,276.85|547.3
3656,460.15|230.7
3657,286.0|452.55
3658,212.55|275.6
3659,564.3|299.0
3660,308.5|352.65
3661,220.7|266.0
3662,367.75|371.45
3663,466.25|349.1
3664,586.45|424.7
3665,373.35|360.5
3666,428.25|315.45
3667,334.85|403.8
3668,256.95|285.0
3669,279.45|509.15
3670,410.25|382.4
3671,472.6|511.65
3672,575.7|526.95
3673,463.85|516.15
3674,420.1|283.8
3675,576.05|281.75
3676,220.55|478.9
3677,593.1|493.2
3678,288.1|439.9
3679,363.75|455.7
3680,417.8|447.9
3681,535.95|276.05
3682,279.55|541.7
3683,412.25|372.65
3684,345.2|389.0
3685,337.05|329.25
3686,532.25|456.9
3687,467.25|547.0
3688,448.75|475.5
3689,374.05|594.8
3690,592.35|407.05
3691,460.9|278.25
3692,573.9|594.8
3693,228.6|248.9
3694,547.4|289.7
3695,582.8|508.95
3696,277.65|505.25
3697,433.1|452.6
3698,517.5|437.0
3699,555.85|279.05
3700,434.25|400.5
3701,438.05|503.95
3702,380.0|216.2
3703,448.75|410.6
3704,447.05|534.05
3705,226.15|319.15
3706,442.35|460.05
3707,218.95|582.95
3708,466.25|554.05
3709,511.55|431.55
3710,240.4|349.3
3711,472.85|333.9
3712,207.3|582.05
3713,210.45|516.35
3714,266.75|377.2
3715,590.8|449.85
3716,350.35|524.65
3717,427.9|470.65
3718,565.9|252.25
3719,396.8|471.45
3720,342.1|591.9
3721,590.7|428.35
3722,208.65|238.5
3723,524.6|449.95
3724,379.05|425.4
3725,472.05|480.2
3726,466.5|225.75
3727,233.9|524.65
3728,388.65|285.65
3729,519.0|533.45
3730,363.35|534.5
3731,553.15|345.3
3732,435.4|467.0
3733,260.9|274.05
3734,374.65|356.0
3735,557.1|369.5
3736,264.3|262.35
3737,544.25|506.65
3738,401.65|509.45
3739,591.85|265.0
3740,414.45|361.65
3741,451.25|591.75
3742,275.75|563.45
3743,540.6|429.15
3744,265.3|243.55
3745,240.2|493.55
3746,281.15|429.85
3747,234.65|272.25
3748,464.65|329.1
3749,420.6|325.0
3750,252.4|571.95
3751,459.8|562.9
3752,229.25|286.1
3753,563.4|586.95
3754,543.5|302.75
3755,456.95|494.15
3756,217.2|308.5
3757,380.2|580.2
3758,450.8|503.8
3759,335.6|352.95
3760,264.7|560.6
3761,226.75|278.85
3762,496.05|489.6
3763,491.45|209.2
3764,371.4|454.0
3765,471.05|288.05
3766,518.8|500.3
3767,383.85|236.3
3768,405.75|423.4
3769,255.25|286.65
3770,348.75|427.8
3771,265.3|212.3
3772,589.2|420.75
3773,401.3|348.7
3774,527.15|479.75
3775,439.65|497.6
3776,458.95|442.95
3777,563.15|425.7
3778,266.1|352.7
3779,592.8|384.65
3780,253.45|218.15
3781,240.55|418.8
3782,555.25|533.75
3783,222.75|303.3
3784,255.65|275.7
3785,377.8|593.5
3786,207.25|472.4
3787,455.95|321.3
3788,286.85|543.35
3789,413.65|508.1
3790,284.25|453.55
3791,246.05|390.15
3792,449.3|215.2
3793,456.75|326.1
3794,243.9|229.1
3795,540.0|517.55
3796,569.45|311.0
3797,534.85|335.65
3798,538.55|582.05
3799,402.3|372.75
3800,472.95|434.4
3801,386.3|261.95
3802,209.9|582.5
3803,294.1|424.35
3804,476.65|466.95
3805,429.45|357.75
3806,260.75|322.25
3807,444.2|390.05
3808,537.1|445.0
3809,228.75|501.95
3810,323.0|340.85
3811,358.2|441.15
3812,404.4|590.4
3813,239.75|319.3
3814,541.35|585.5
3815,407.4|370.05
3816,221.6|444.8
3817,364.75|326.0
3818,279.0|284.85
3819,520.75|464.6
3820,217.45|582.85
3821,339.85|569.7
3822,556.65|474.4
3823,341.85|226.05
3824,409.75|376.15
3825,374.15|542.65
3826,537.9|284.05
3827,322.05|525.1
3828,345.15|418.0
3829,293.2|357.35
3830,579.5|593.45
3831,402.9|440.7
3832,294.7|373.15
3833,266.45|244.9
3834,290.0|421.5
3835,296.4|569.15
3836,570.4|458.6
3837,542.85|387.8
3838,468.6|236.4
3839,281.8|334.7
3840,432.9|220.05
3841,468.5|286.95
3842,221.35|436.95
3843,386.9|529.6
3844,593.05|215.9
3845,445.15|348.05
3846,585.1|344.45
3847,347.95|235.65
3848,551.15|334.65
3849,291.1|536.75
3850,367.65|217.45
3851,453.8|590.35
3852,387.15|396.2
3853,572.85|446.55
3854,436.0|469.3
3855,544.85|384.9
3856,497.45|346.35
3857,280.45|517.6
3858,382.15|241.6
3859,341.35|362.6
3860,579.3|255.2
3861,418.2|578.45
3862,429.05|562.6
3863,361.55|443.9
3864,346.5|267.45
3865,478.95|450.2
3866,267.65|324.7
3867,566.4|566.3
3868,534.55|298.7
3869,543.7|346.0
3870,589.2|281.15
3871,452.35|428.9
3872,453.7|530.85
3873,577.35|515.0
3874,421.5|272.6
3875,269.5|366.6
3876,278.75|233.6
3877,570.2|537.3
3878,442.0|314.75
3879,323.75|231.05
3880,348.35|354.45
3881,304.15|477.15
3882,225.7|310.4
3883,474.55|433.4
3884,519.6|498.25
3885,337.4|213.2
3886,358.1|494.95
3887,246.95|369.15
3888,374.35|211.15
3889,207.6|492.6
3890,381.7|397.3
3891,527.7|404.0
3892,241.35|573.7
3893,544.85|296.3
3894,213.85|219.85
3895,340.0|509.8
3896,371.9|244.6
3897,423.65|560.2
3898,295.35|320.05
3899,343.3|408.85
3900,453.6|490.0
3901,209.85|462.8
3902,470.1|268.4
3903,234.65|232.3
3904,260.6|318.85
3905,576.1|336.45
3906,479.05|472.45
3907,573.2|380.55
3908,457.8|469.45
3909,395.9|480.05
3910,278.1|427.3
3911,319.45|422.45
3912,277.75|427.9
3913,370.8|565.1
3914,359.85|582.85
3915,438.1|290.35
3916,568.45|474.95
3917,457.45|225.7
3918,228.6|355.95
3919,442.3|592.4
3920,470.3|300.75
3921,315.9|415.35
3922,505.75|472.6
3923,331.75|409.3
3924,462.75|405.4
3925,537.75|374.45
3926,206.1|309.9
3927,454.75|509.5
3928,240.15|492.95
3929,405.25|521.3
3930,447.0|425.4
3931,575.0|513.75
3932,268.1|434.1
3933,215.25|295.0
3934,557.6|264.85
3935,576.45|524.6
3936,258.8|562.75
3937,369.65|276.75
3938,394.55|524.45
3939,476.9|341.15
3940,529.8|428.25
3941,262.0|546.0
3942,468.65|382.2
3943,451.3|362.75
3944,464.9|458.15
3945,317.25|356.6
3946,588.55|402.05
3947,436.55|374.25
3948,261.45|219.05
3949,224.1|460.85
3950,566.95|326.9
3951,401.35|271.95
3952,245.1|294.35
3953,347.25|548.2
3954,526.3|463.55
3955,462.2|353.5
3956,434.85|242.4
3957,221.2|461.65
3958,367.7|245.9
3959,400.55|209.35
3960,451.35|324.85
3961,389.05|353.8
3962,475.9|357.65
3963,407.6|206.0
3964,523.85|535.35
3965,479.05|331.3
3966,381.15|228.6
3967,332.5|383.1
3968,593.05|557.25
3969,545.5|546.05
3970,415.1|514.1
3971,249.0|473.4
3972,454.15|239.15
3973,553.0|513.5
3974,456.0|577.9
3975,277.55|452.3
3976,352.1|528.75
3977,355.6|447.1
3978,533.95|279.75
3979,238.0|448.75
3980,532.95|241.6
3981,435.4|350.8
3982,563.7|268.25
3983,543.8|588.9
3984,380.4|284.65
3985,344.55|270.9
3986,410.9|287.2
3987,555.65|435.85
3988,588.85|550.95
3989,427.15|467.6
3990,588.2|493.55
3991,438.35|499.15
3992,350.25|538.5
3993,312.6|335.2
3994,490.0|245.05
3995,210.25|233.05
3996,543.3|537.75
3997,248.8|505.75
3998,398.45|540.75
3999,388.85|324.8
4000,571.5|587.55
4001,368.9|329.95
4002,277.05|550.75
4003,256.4|554.5
4004,586.35|302.75
4005,224.85|512.1
4006,457.7|359.8
4007,304.2|397.8
4008,381.35|220.75
4009,559.5|521.9
4010,243.2|342.0
4011,273.35|259.2
4012,434.65|419.6
4013,273.95|287.35
4014,209.1|504.7
4015,430.1|380.5
4016,507.3|451.95
4017,389.45|291.85
4018,218.35|587.55
4019,222.2|435.3
4020,521.95|541.3
4021,252.5|557.35
4022,553.8|564.3
4023,264.4|369.0
4024,436.75|428.6
4025,321.0|404.5
4026,562.6|544.25
4027,541.9|256.45
4028,293.25|382.5
4029,362.95|234.95
4030,362.15|593.0
4031,387.7|276.1
4032,356.95|448.5
4033,369.1|215.75
4034,352.4|406.5
4035,409.35|540.65
4036,466.7|530.15
4037,579.3|472.7
4038,279.2|353.55
4039,297.15|305.7
4040,441.15|448.0
4041,373.0|595.9
4042,310.7|370.5
4043,546.45|327.15
4044,212.75|461.75
4045,255.75|559.25
4046,584.0|363.65
4047,471.3|279.6
4048,543.9|489.95
4049,484.2|489.7
4050,445.75|494.85
4051,473.95|252.1
4052,460.25|390.15
4053,481.1|427.85
4054,388.2|507.9
4055,378.0|428.25
4056,413.15|591.25
4057,382.8|275.65
4058,380.45|508.0
4059,484.7|364.0
4060,405.6|539.35
4061,445.25|266.55
4062,591.05|267.35
4063,347.55|418.8
4064,378.8|344.3
4065,289.65|321.55
4066,459.15|412.15
4067,425.65|363.15
4068,445.3|222.8
4069,471.3|388.15
4070,445.0|312.2
4071,590.3|482.85
4072,282.25|432.6
4073,509.15|522.4
4074,222.95|480.7
4075,459.3|457.75
4076,249.2|345.1
4077,455.8|591.1
4078,257.15|368.65
4079,442.3|312.3
4080,549.7|426.9
4081,463.9|261.55
4082,418.7|231.05
4083,248.95|262.35
4084,427.4|565.65
4085,565.75|317.75
4086,335.55|367.95
4087,280.05|364.65
4088,253.95|415.25
4089,425.15|216.6
4090,574.85|584.05
4091,444.2|239.55
4092,345.3|205.5
4093,533.9|447.05
4094,235.95|445.55
4095,427.1|408.75
4096,395.25|295.3
4097,278.3|591.2
4098,246.6|578.75
4099,500.6|289.65
4100,424.35|304.9
4101,591.0|566.9
4102,370.35|585.15
4103,584.45|501.3
4104,223.0|339.45
4105,385.45|533.3
4106,215.05|343.0
4107,277.05|367.25
4108,493.0|356.85
4109,351.6|440.3
4110,257.5|490.95
4111,370.45|209.5
4112,219.8|273.0
4113,533.05|529.75
4114,522.6|271.25
4115,594.9|573.1
4116,275.65|373.3
4117,228.35|590.1
4118,215.05|212.2
4119,332.65|404.35
4120,419.75|573.1
4121,583.3|423.45
4122,333.3|551.3
4123,229.35|543.9
4124,427.05|218.85
4125,475.3|311.4
4126,572.45|446.0
4127,573.95|446.4
4128,391.4|476.05
4129,398.15|405.85
4130,258.0|276.8
4131,259.75|235.45
4132,380.5|485.65
4133,582.25|470.1
4134,381.9|206.2
4135,262.45|361.4
4136,396.85|538.0
4137,220.5|402.45
4138,314.5|423.5
4139,473.25|367.7
4140,579.9|399.15
4141,342.95|372.65
4142,453.65|426.85
4143,212.65|394.55
4144,405.05|413.5
4145,428.6|383.9
4146,574.7|301.55
4147,264.3|575.4
4148,558.4|231.35
4149,209.45|461.7
4150,318.9|482.65
4151,422.7|347.1
4152,452.8|383.15
4153,283.6|427.9
4154,439.5|584.4
4155,512.0|362.4
4156,218.65|372.45
4157,515.1|490.4
4158,371.0|352.65
4159,525.55|261.75
4160,593.75|475.8
4161,447.45|257.65
4162,537.2|557.05
4163,239.8|436.55
4164,294.8|337.7
4165,590.65|570.0
4166,474.9|348.0
4167,299.1|316.25
4168,371.0|386.25
4169,454.2|498.3
4170,282.9|586.1
4171,447.7|258.4
4172,567.6|455.45
4173,224.45|336.1
4174,436.65|515.7
4175,367.65|370.0
4176,539.85|589.95
4177,445.45|504.8
4178,265.7|209.65
4179,564.45|463.8
4180,433.1|229.4
4181,342.0|514.35
4182,465.3|359.75
4183,237.9|277.65
4184,414.8|209.75
4185,216.55|409.5
4186,388.65|379.7
4187,355.2|275.95
4188,532.75|553.9
4189,491.35|472.8
4190,533.95|578.5
4191,591.3|556.95
4192,241.45|297.0
4193,463.35|509.4
4194,533.0|301.8
4195,449.4|557.35
4196,394.2|483.15
4197,354.6|252.35
4198,419.75|454.6
4199,289.25|309.5
4200,451.2|361.5
4201,280.8|486.55
4202,400.2|368.7
4203,283.5|453.0
4204,432.9|476.95
4205,262.2|296.6
4206,461.9|542.5
4207,274.35|504.05
4208,529.4|342.1
4209,563.1|588.35
4210,479.35|470.4
4211,463.85|278.1
4212,429.6|386.75
4213,275.8|451.35
4214,569.0|476.75
4215,476.2|472.9
4216,205.35|550.15
4217,480.45|547.55
4218,529.45|453.8
4219,350.7|559.65
4220,265.65|262.75
4221,386.1|515.45
4222,340.85|590.7
4223,479.75|221.45
4224,456.9|463.35
4225,405.9|387.45
4226,342.7|226.75
4227,529.0|552.15
4228,265.4|548.3
4229,464.6|375.2
4230,279.7|588.3
4231,268.6|486.6
4232,408.3|244.8
4233,389.75|345.9
4234,351.4|330.15
4235,236.75|222.85
4236,371.0|378.8
4237,460.15|281.65
4238,425.25|319.35
4239,423.75|585.5
4240,495.75|253.1
4241,429.7|394.15
4242,546.4|537.0
4243,238.65|563.95
4244,588.3|468.1
4245,552.8|378.1
4246,355.3|259.5
4247,295.65|469.3
4248,279.7|356.5
4249,561.7|524.1
4250,538.1|501.05
4251,584.5|215.15
4252,335.55|227.7
4253,338.8|244.25
4254,379.3|592.45
4255,205.4|502.6
4256,223.2|481.8
4257,293.3|418.95
4258,326.8|442.7
4259,574.15|210.25
4260,437.5|455.9
4261,314.0|323.15
4262,544.7|583.7
4263,368.75|435.6
4264,404.0|390.55
4265,418.05|419.05
4266,423.65|392.4
4267,451.65|586.95
4268,472.15|378.6
4269,411.45|254.05
4270,396.55|503.65
4271,454.65|294.1
4272,237.6|521.5
4273,288.2|248.25
4274,583.35|582.2
4275,400.2|557.55
4276,409.25|368.85
4277,473.65|369.4
4278,440.15|383.1
4279,586.15|335.0
4280,573.85|252.95
4281,347.45|374.9
4282,590.55|374.75
4283,413.5|233.8
4284,209.7|524.35
4285,390.5|378.2
4286,243.45|278.55
4287,490.15|220.8
4288,417.85|373.35
4289,565.45|346.45
4290,583.7|247.35
4291,258.1|305.35
4292,456.7|587.5
4293,592.75|554.55
4294,517.45|448.4
4295,529.4|465.7
4296,449.35|588.0
4297,388.45|450.5
4298,275.8|243.9
4299,304.35|355.25
4300,426.2|486.25
4301,206.2|462.25
4302,223.75|413.95
4303,360.15|375.1
4304,585.6|337.2
4305,222.85|575.45
4306,374.9|565.4
4307,467.5|215.95
4308,256.05|265.65
4309,244.2|526.3
4310,282.3|473.15
4311,394.45|574.0
4312,226.3|292.9
4313,350.05|408.15
4314,573.25|446.9
4315,311.8|368.7
4316,348.35|225.45
4317,210.8|507.7
4318,212.65|585.8
4319,279.9|381.5
4320,377.4|561.55
4321,510.55|325.4
4322,491.85|475.1
4323,402.25|569.0
4324,478.1|543.15
4325,249.2|360.7
4326,222.85|378.8
4327,212.0|587.15
4328,412.65|440.6
4329,479.25|429.5
4330,293.45|524.35
4331,345.35|252.75
4332,379.6|273.65
4333,222.3|396.75
4334,282.65|338.9
4335,549.5|313.2
4336,564.2|448.3
4337,322.55|412.75
4338,582.1|411.9
4339,417.4|374.75
4340,446.55|583.6
4341,588.55|271.6
4342,580.1|472.15
4343,213.85|395.8
4344,236.8|349.85
4345,590.05|421.5
4346,324.3|351.3
4347,343.8|518.45
4348,213.7|403.7
4349,274.0|253.95
4350,445.95|264.8
4351,270.9|281.85
4352,541.8|332.0
4353,344.3|584.7
4354,210.55|407.2
4355,212.35|268.85
4356,535.45|426.45
4357,289.9|395.75
4358,277.1|425.7
4359,355.15|445.55
4360,335.15|399.9
4361,458.55|424.5
4362,372.1|498.75
4363,428.45|496.85
4364,436.6|461.45
4365,271.85|263.6
4366,242.35|410.6
4367,530.45|361.2
4368,424.15|592.5
4369,211.5|456.6
4370,260.85|462.25
4371,296.7|438.05
4372,236.6|544.35
4373,544.8|231.1
4374,243.05|550.9
4375,423.2|316.8
4376,456.05|510.5
4377,255.45|382.85
4378,231.05|481.75
4379,567.15|574.8
4380,435.65|470.75
4381,343.75|416.1
4382,513.5|360.15
4383,295.05|502.55
4384,264.75|585.5
4385,212.2|302.45
4386,256.8|433.65
4387,342.1|415.4
4388,345.85|421.35
4389,565.4|320.45
4390,386.0|359.2
4391,321.95|412.2
4392,466.8|352.45
4393,584.6|262.9
4394,415.8|580.75
4395,251.45|264.1
4396,388.95|220.75
4397,455.9|225.0
4398,365.7|447.45
4399,336.3|222.3
4400,426.9|426.2
4401,438.85|391.15
4402,365.05|489.05
4403,424.15|554.55
4404,341.8|319.65
4405,573.4|243.15
4406,243.35|420.35
4407,277.3|275.9
4408,346.75|375.4
4409,261.2|366.75
4410,360.8|460.0
4411,297.0|407.65
4412,365.35|383.7
4413,395.7|553.55
4414,554.65|243.8
4415,416.05|509.2
4416,334.05|498.15
4417,367.85|224.4
4418,206.15|330.2
4419,482.05|492.45
4420,259.8|283.05
4421,450.75|303.45
4422,560.8|487.65
4423,467.2|366.75
4424,208.3|449.9
4425,348.8|375.0
4426,577.05|494.85
4427,569.6|382.8
4428,228.0|216.55
4429,226.15|423.65
4430,579.4|231.95
4431,406.6|594.5
4432,572.55|365.75
4433,509.6|315.95
4434,526.45|373.1
4435,373.55|488.75
4436,407.25|222.0
4437,352.45|531.05
4438,394.05|409.7
4439,231.45|585.55
4440,571.55|313.4
4441,267.5|269.75
4442,469.7|377.1
4443,549.65|439.15
4444,457.35|236.2
4445,446.5|591.6
4446,449.05|403.15
4447,349.1|255.0
4448,514.45|568.75
4449,559.9|428.65
4450,247.3|400.45
4451,553.0|544.2
4452,409.25|420.2
4453,281.15|446.55
4454,353.1|427.85
4455,566.55|360.1
4456,417.7|554.3
4457,272.0|266.45
4458,259.45|249.4
4459,453.95|513.05
4460,259.95|551.65
4461,434.5|494.7
4462,526.4|530.8
4463,398.25|504.5
4464,350.4|382.3
4465,233.2|367.45
4466,595.5|277.7
4467,445.7|589.65
4468,392.8|223.4
4469,333.4|213.35
4470,280.85|203.85
4471,245.75|491.2
4472,479.15|479.6
4473,455.65|434.95
4474,533.25|530.75
4475,347.45|594.55
4476,397.3|228.95
4477,439.7|538.5
4478,213.65|498.8
4479,215.4|306.8
4480,446.95|502.05
4481,274.1|281.45
4482,522.95|529.4
4483,267.4|552.2
4484,258.15|490.25
4485,528.15|423.95
4486,368.75|485.5
4487,438.4|368.3
4488,405.6|438.95
4489,352.1|385.65
4490,236.4|567.4
4491,531.8|527.55
4492,212.2|572.25
4493,225.5|573.75
4494,446.4|383.85
4495,461.65|448.55
4496,301.95|483.95
4497,266.25|295.45
4498,206.6|407.25
4499,220.75|357.15
4500,253.45|503.35
4501,398.8|560.85
4502,418.15|480.6
4503,318.95|345.25
4504,594.65|214.65
4505,214.95|589.85
4506,387.8|571.5
4507,540.8|485.75
4508,434.2|580.4
4509,223.0|496.0
4510,378.05|279.15
4511,593.05|506.3
4512,256.45|347.05
4513,205.85|489.35
4514,264.4|364.0
4515,571.3|465.0
4516,372.6|486.15
4517,413.3|541.0
4518,494.45|376.2
4519,347.05|382.55
4520,447.85|505.3
4521,341.95|336.05
4522,223.6|529.4
4523,206.65|520.55
4524,213.5|589.0
4525,233.95|562.4
4526,308.75|351.0
4527,430.85|422.8
4528,371.1|337.0
4529,258.0|413.65
4530,531.4|542.5
4531,419.35|326.6
4532,378.1|372.5
4533,258.95|353.25
4534,390.65|501.6
4535,532.05|482.7
4536,225.4|247.65
4537,418.3|381.45
4538,401.95|564.6
4539,221.05|221.4
4540,366.5|225.7
4541,525.05|519.75
4542,355.8|583.15
4543,563.55|218.9
4544,585.1|412.15
4545,442.7|386.3
4546,461.8|332.65
4547,231.7|269.7
4548,570.35|515.7
4549,549.5|226.1
4550,399.8|436.0
4551,477.0|355.75
4552,248.2|273.25
4553,453.55|525.7
4554,422.5|377.95
4555,283.55|486.2
4556,336.05|386.05
4557,465.35|354.3
4558,263.2|271.1
4559,589.2|427.0
4560,268.65|475.8
4561,409.05|560.85
4562,473.75|466.45
4563,216.85|332.7
4564,522.9|338.8
4565,208.45|240.65
4566,591.95|402.2
4567,251.1|551.6
4568,572.55|218.8
4569,417.4|468.25
4570,232.95|245.45
4571,570.05|367.15
4572,413.95|365.5
4573,551.1|417.6
4574,211.6|257.0
4575,259.75|473.9
4576,322.4|400.3
4577,469.85|243.05
4578,268.05|584.1
4579,229.5|300.0
4580,524.65|538.1
4581,582.2|539.85
4582,387.45|386.4
4583,212.65|487.6
4584,243.6|231.85
4585,276.65|555.65
4586,436.6|564.65
4587,238.85|587.5
4588,238.85|364.9
4589,368.65|453.75
4590,475.45|497.65
4591,476.0|490.1
4592,300.4|575.05
4593,581.2|515.65
4594,588.15|449.85
4595,383.15|582.1
4596,450.65|442.25
4597,432.5|581.55
4598,361.6|297.65
4599,430.8|468.55
4600,474.25|469.65
4601,236.45|523.3
4602,252.5|376.9
4603,592.8|280.55
4604,249.4|437.4
4605,539.65|522.35
4606,423.45|459.65
4607,378.25|548.35
4608,455.35|473.1
4609,209.85|452.3
4610,567.65|470.5
4611,345.6|296.55
4612,432.7|230.1
4613,221.6|503.25
4614,229.7|304.1
4615,541.65|225.35
4616,298.4|489.15
4617,520.55|220.1
4618,331.4|569.25
4619,576.9|414.25
4620,426.2|293.45
4621,350.1|271.45
4622,586.45|553.95
4623,400.3|267.0
4624,469.8|215.3
4625,311.6|558.2
4626,416.3|340.25
4627,384.85|507.9
4628,538.75|525.95
4629,235.95|482.1
4630,215.8|583.25
4631,266.6|242.05
4632,589.75|356.4
4633,415.75|572.85
4634,212.5|356.9
4635,455.25|409.65
4636,546.2|350.2
4637,345.4|352.6
4638,521.1|507.4
4639,554.85|412.65
4640,361.5|349.8
4641,230.25|368.45
4642,351.95|438.6
4643,521.65|506.5
4644,282.0|452.25
4645,247.05|481.1
4646,210.3|585.45
4647,511.15|352.5
4648,550.35|290.25
4649,448.4|481.35
4650,393.2|367.55
4651,471.75|253.9
4652,471.5|264.2
4653,303.2|344.15
4654,458.3|591.6
4655,351.5|445.75
4656,398.35|359.95
4657,485.05|516.2
4658,257.8|417.6
4659,229.5|274.55
4660,354.25|229.0
4661,370.15|450.65
4662,423.85|378.15
4663,581.75|584.5
4664,520.5|272.5
4665,422.5|532.2
4666,217.95|403.35
4667,434.7|311.35
4668,566.75|283.55
4669,358.35|526.4
4670,286.15|246.7
4671,549.6|553.45
4672,444.35|524.75
4673,537.35|443.05
4674,406.5|286.7
4675,456.5|241.0
4676,213.95|585.85
4677,206.3|540.65
4678,357.75|595.7
4679,442.6|534.1
4680,408.25|372.0
4681,409.1|589.35
4682,361.1|223.3
4683,417.15|336.5
4684,462.85|288.75
4685,434.15|352.15
4686,238.9|547.75
4687,347.9|249.1
4688,384.4|479.35
4689,345.9|409.05
4690,473.4|249.7
4691,297.4|387.7
4692,472.65|256.45
4693,347.7|279.4
4694,470.45|300.1
4695,588.0|373.55
4696,242.0|302.1
4697,216.85|504.4
4698,548.4|248.65
4699,536.6|330.45
4700,553.65|290.1
4701,578.4|350.65
4702,574.6|483.45
4703,256.7|429.8
4704,214.75|283.45
4705,412.45|466.85
4706,348.2|227.6
4707,283.85|346.6
4708,344.5|325.05
4709,477.3|275.8
4710,474.2|275.7
4711,214.85|474.65
4712,575.7|585.2
4713,551.85|341.85
4714,253.75|300.95
4715,223.3|524.3
4716,398.5|418.25
4717,439.7|583.6
4718,283.9|383.35
4719,395.95|450.65
4720,412.6|287.05
4721,334.25|410.8
4722,341.7|420.35
4723,445.75|425.25
4724,533.85|277.8
4725,579.4|383.9
4726,213.65|481.5
4727,213.95|349.4
4728,400.95|536.85
4729,370.2|325.1
4730,516.05|527.55
4731,435.0|363.65
4732,425.35|583.15
4733,367.7|307.5
4734,286.0|342.85
4735,458.65|257.0
4736,447.85|228.6
4737,376.4|208.6
4738,526.0|447.45
4739,219.7|494.95
4740,420.85|236.6
4741,439.4|591.35
4742,403.6|579.35
4743,408.25|213.2
4744,459.85|323.25
4745,289.2|504.55
4746,568.2|301.65
4747,419.0|510.4
4748,329.5|409.15
4749,520.55|533.8
4750,466.8|287.75
4751,479.35|361.1
4752,333.3|208.2
4753,241.65|482.9
4754,565.55|494.6
4755,550.85|355.15
4756,498.05|491.35
4757,430.05|254.65
4758,227.7|497.95
4759,550.05|534.2
4760,261.25|560.6
4761,212.4|553.2
4762,210.6|260.8
4763,476.6|324.0
4764,355.45|339.95
4765,421.35|286.3
4766,449.05|321.75
4767,454.15|263.55
4768,582.9|417.5
4769,523.4|374.55
4770,576.05|225.95
4771,272.95|581.5
4772,475.45|266.1
4773,299.1|582.4
4774,255.45|565.1
4775,412.9|219.1
4776,460.3|361.25
4777,279.65|249.9
4778,223.7|411.4
4779,541.4|529.8
4780,241.7|593.15
4781,380.5|592.05
4782,375.95|501.4
4783,416.95|364.7
4784,566.85|226.45
4785,568.9|440.2
4786,303.9|418.35
4787,238.55|413.55
4788,324.05|522.2
4789,403.2|577.65
4790,435.75|240.85
4791,531.35|583.95
4792,539.2|319.9
4793,241.1|306.85
4794,481.8|284.45
4795,589.55|278.2
4796,441.65|510.7
4797,354.8|456.5
4798,305.65|523.65
4799,559.6|223.55
4800,365.1|274.55
4801,382.6|295.8
4802,451.5|391.65
4803,245.8|553.45
4804,466.35|384.65
4805,348.25|400.4
4806,590.6|572.4
4807,277.25|281.25
4808,223.15|584.95
4809,399.5|553.3
4810,351.95|225.75
4811,583.75|572.3
4812,399.45|370.15
4813,243.1|560.85
4814,320.25|342.45
4815,449.55|458.55
4816,235.05|470.35
4817,575.3|562.15
4818,267.0|560.6
4819,539.1|548.45
4820,430.85|244.4
4821,553.0|237.15
4822,537.55|502.75
4823,535.1|434.3
4824,581.35|298.95
4825,431.55|533.55
4826,303.3|335.65
4827,341.65|253.95
4828,550.65|510.4
4829,375.85|580.95
4830,355.05|439.25
4831,294.45|428.6
4832,221.4|585.8
4833,417.95|378.85
4834,452.75|391.4
4835,277.85|283.65
4836,396.85|547.75
4837,376.8|360.55
4838,284.3|594.8
4839,464.95|303.8
4840,241.15|412.2
4841,451.1|517.8
4842,320.6|355.5
4843,327.5|248.95
4844,465.15|329.9
4845,448.85|225.05
4846,541.75|587.5
4847,321.1|334.05
4848,539.95|262.75
4849,392.05|367.95
4850,220.5|492.55
4851,464.35|346.4
4852,481.0|228.4
4853,234.55|582.85
4854,324.8|433.3
4855,576.75|557.55
4856,545.15|578.2
4857,278.35|374.55
4858,415.4|382.05
4859,205.1|289.25
4860,435.8|301.75
4861,533.95|455.75
4862,532.5|286.8
4863,365.75|286.15
4864,339.2|245.15
4865,397.45|300.45
4866,426.3|328.35
4867,464.35|387.05
4868,417.5|478.7
4869,219.8|507.2
4870,321.0|362.55
4871,366.0|373.2
4872,429.9|461.15
4873,414.9|210.45
4874,239.75|301.15
4875,534.6|428.6
4876,486.35|281.6
4877,366.5|361.8
4878,527.7|344.9
4879,476.25|257.25
4880,525.45|497.35
4881,468.1|512.05
4882,488.7|351.75
4883,390.9|284.1
4884,328.3|231.4
4885,276.75|489.7
4886,455.2|583.85
4887,537.75|426.2
4888,211.25|461.5
4889,556.4|591.0
4890,280.75|378.85
4891,231.75|425.45
4892,340.0|550.45
4893,468.5|359.85
4894,308.9|326.75
4895,357.4|433.4
4896,218.15|316.75
4897,569.3|403.35
4898,427.8|569.0
4899,387.95|492.2
4900,550.2|528.65
4901,557.85|295.45
4902,473.35|459.05
4903,258.9|584.95
4904,589.7|272.55
4905,296.05|418.2
4906,281.5|571.35
4907,336.0|402.75
4908,426.1|247.1
4909,282.25|530.9
4910,517.6|500.55
4911,536.45|445.15
4912,210.4|536.25
4913,473.85|277.7
4914,429.35|343.25
4915,583.9|325.35
4916,217.3|290.75
4917,269.85|579.9
4918,454.0|226.05
4919,356.6|265.3
4920,291.25|450.7
4921,482.65|312.6
4922,441.05|541.6
4923,527.6|577.7
4924,537.35|581.15
4925,243.35|247.45
4926,239.75|488.1
4927,411.1|361.4
4928,416.55|273.85
4929,402.0|295.1
4930,447.25|504.75
4931,364.5|595.2
4932,563.3|425.9
4933,593.25|490.6
4934,340.6|238.7
4935,476.8|309.1
4936,462.0|229.85
4937,223.35|395.8
4938,408.7|493.25
4939,578.8|471.0
4940,302.1|345.05
4941,373.0|337.1
4942,349.0|397.75
4943,224.6|319.65
4944,418.25|267.75
4945,231.3|460.95
4946,277.2|510.6
4947,371.7|377.55
4948,404.75|226.0
4949,228.25|409.05
4950,276.85|241.5
4951,438.55|225.05
4952,337.3|367.9
4953,550.4|447.75
4954,381.95|275.7
4955,319.65|399.45
4956,253.3|586.25
4957,385.55|325.05
4958,552.95|236.65
4959,240.05|524.2
4960,262.7|222.1
4961,459.35|462.4
4962,267.8|559.0
4963,477.7|342.8
4964,500.1|342.85
4965,332.05|457.8
4966,415.05|570.05
4967,566.0|476.7
4968,429.2|355.05
4969,586.6|357.35
4970,342.9|401.9
4971,269.35|342.8
4972,398.35|272.3
4973,404.05|528.0
4974,366.25|353.0
4975,457.55|454.1
4976,421.3|303.7
4977,367.8|274.25
4978,284.45|538.1
4979,408.7|312.2
4980,572.25|524.65
4981,536.3|577.95
4982,469.85|549.7
4983,416.5|460.15
4984,299.5|350.85
4985,389.9|462.15
4986,256.15|342.3
4987,481.65|513.35
4988,216.1|312.85
4989,557.65|293.15
4990,257.15|416.0
4991,459.05|346.85
4992,233.85|582.2
4993,579.0|353.6
4994,340.85|346.15
4995,266.65|302.0
4996,386.3|382.95
4997,209.2|468.15
4998,217.95|222.8
4999,350.2|386.95
5000,359.0|211.45
5001,465.05|574.3
5002,527.1|479.2
5003,251.95|567.75
5004,579.5|267.2
5005,209.05|576.7
5006,240.25|539.9
5007,252.95|215.5
5008,274.4|286.5
5009,234.8|269.2
5010,364.0|347.95
5011,422.0|358.65
5012,203.65|582.95
5013,299.35|562.25
5014,302.1|502.05
5015,586.2|415.3
5016,468.3|315.7
5017,235.8|562.4
5018,469.75|323.5
5019,494.4|372.65
5020,335.2|412.35
5021,336.6|569.95
5022,361.05|549.1
5023,274.85|582.35
5024,286.15|294.85
5025,251.65|316.9
5026,343.85|561.6
5027,304.4|431.35
5028,359.5|263.25
5029,474.95|278.75
5030,437.7|552.75
5031,386.45|206.3
5032,463.25|274.0
5033,280.5|294.55
5034,209.8|515.65
5035,295.75|371.65
5036,442.75|378.6
5037,509.8|484.7
5038,592.5|366.55
5039,469.1|219.1
5040,387.2|352.65
5041,581.95|532.1
5042,360.3|255.4
5043,408.45|221.75
5044,242.0|362.35
5045,543.45|339.75
5046,219.45|247.85
5047,554.2|587.15
5048,570.4|454.45
5049,265.55|326.65
5050,573.75|575.55
5051,213.0|407.3
5052,300.25|329.15
5053,264.7|331.85
5054,266.1|558.6
5055,331.4|346.75
5056,365.6|216.5
5057,360.8|320.25
5058,215.8|314.85
5059,399.45|295.3
5060,468.1|350.5
5061,496.85|486.55
5062,537.95|430.7
5063,531.4|555.55
5064,461.75|461.1
5065,235.25|502.9
5066,497.0|216.6
5067,402.75|569.8
5068,496.3|490.5
5069,376.35|276.45
5070,463.3|538.5
5071,433.5|516.3
5072,410.7|243.75
5073,379.05|359.95
5074,281.45|544.95
5075,437.75|539.0
5076,214.3|219.7
5077,489.75|440.75
5078,214.35|408.55
5079,355.15|257.5
5080,535.95|503.1
5081,475.7|388.2
5082,424.45|307.2
5083,410.05|571.55
5084,492.45|431.05
5085,344.5|327.7
5086,576.45|581.55
5087,274.3|384.3
5088,456.45|557.25
5089,365.25|587.3
5090,206.9|515.8
5091,396.8|449.15
5092,403.65|588.5
5093,296.2|335.0
5094,525.8|494.9
5095,561.5|581.6
5096,405.95|375.5
5097,431.3|299.35
5098,547.75|293.4
5099,568.2|541.7
5100,346.25|515.15
5101,446.05|243.85
5102,250.05|298.9
5103,410.65|461.15
5104,393.4|513.45
5105,487.8|525.25
5106,425.65|391.65
5107,337.05|583.1
5108,351.25|457.25
5109,275.1|411.95
5110,593.15|420.75
5111,583.75|313.15
5112,320.2|382.0
5113,456.55|332.1
5114,576.5|377.85
5115,226.2|550.55
5116,400.2|410.3
5117,224.15|370.95
5118,551.45|487.6
5119,410.25|535.85
5120,264.6|573.5
5121,414.4|257.45
5122,240.3|364.2
5123,558.75|242.75
5124,412.35|233.45
5125,435.25|314.05
5126,321.4|367.95
5127,233.25|434.75
5128,578.55|543.2
5129,208.05|590.1
5130,390.1|279.2
5131,423.2|524.25
5132,344.6|519.6
5133,444.65|562.65
5134,378.2|268.85
5135,550.2|406.65
5136,221.9|437.6
5137,283.85|356.75
5138,385.15|221.7
5139,403.9|343.65
5140,238.3|284.5
5141,426.4|436.55
5142,394.05|288.85
5143,226.55|551.05
5144,518.4|453.55
5145,572.0|220.1
5146,460.95|269.65
5147,398.85|237.1
5148,580.75|365.35
5149,536.05|315.65
5150,345.25|392.9
5151,537.05|459.45
5152,465.95|313.8
5153,345.3|328.65
5154,215.15|237.4
5155,358.8|322.4
5156,591.1|355.2
5157,346.75|404.8
5158,344.35|564.25
5159,399.4|484.7
5160,464.15|543.7
5161,345.95|342.7
5162,560.05|403.1
5163,321.7|357.4
5164,460.05|274.55
5165,439.7|592.3
5166,576.1|497.4
5167,426.4|581.75
5168,501.85|371.8
5169,364.0|578.2
5170,574.15|307.7
5171,347.45|383.85
5172,292.85|278.8
5173,240.1|459.0
5174,343.9|450.65
5175,364.0|447.9
5176,229.75|242.2
5177,331.3|266.45
5178,366.65|320.4
5179,339.0|218.85
5180,546.45|283.55
5181,579.55|584.75
5182,353.7|267.85
5183,217.45|348.7
5184,355.45|466.4
5185,338.2|400.5
5186,258.9|381.0
5187,559.05|237.7
5188,462.55|231.1
5189,346.15|241.8
5190,545.55|293.35
5191,441.8|436.15
5192,448.95|357.95
5193,505.5|515.75
5194,327.05|558.35
5195,397.95|492.7
5196,246.4|509.2
5197,429.0|475.35
5198,586.95|377.6
5199,293.2|391.8
5200,580.25|393.55
5201,432.3|432.8
5202,377.95|369.0
5203,495.15|271.3
5204,546.6|508.8
5205,303.6|382.55
5206,235.0|473.6
5207,403.15|549.6
5208,564.2|306.4
5209,522.25|411.6
5210,564.2|246.75
5211,507.65|472.5
5212,591.1|584.05
5213,353.65|452.2
5214,405.9|461.95
5215,532.15|224.3
5216,422.85|326.45
5217,529.7|403.4
5218,577.85|581.75
5219,320.8|562.95
5220,375.95|390.15
5221,583.9|215.6
5222,231.5|413.0
5223,355.65|579.55
5224,553.75|474.75
5225,433.05|332.15
5226,559.05|228.25
5227,312.7|399.4
5228,313.35|322.95
5229,576.8|225.95
5230,380.45|581.55
5231,389.65|339.4
5232,430.15|216.25
5233,529.2|458.0
5234,563.9|278.55
5235,347.75|569.45
5236,506.05|350.95
5237,410.8|456.2
5238,468.05|324.05
5239,258.8|456.7
5240,530.95|352.6
5241,553.0|584.1
5242,458.05|450.3
5243,343.1|501.85
5244,451.35|228.5
5245,265.7|412.95
5246,384.0|449.45
5247,484.7|313.65
5248,210.4|389.65
5249,340.45|422.85
5250,440.2|255.7
5251,278.55|448.8
5252,547.65|550.75
5253,356.35|350.7
5254,544.15|243.35
5255,554.7|310.8
5256,551.45|247.0
5257,348.55|343.95
5258,211.65|249.05
5259,443.95|324.15
5260,214.65|247.55
5261,397.2|496.2
5262,224.8|307.05
5263,429.0|429.35
5264,243.0|427.15
5265,451.4|369.85
5266,238.45|522.1
5267,299.9|559.95
5268,590.2|564.35
5269,472.7|357.9
5270,539.3|392.2
5271,528.55|573.25
5272,387.5|324.6
5273,279.45|345.45
5274,517.5|369.55
5275,441.1|579.3
5276,525.75|534.35
5277,580.65|286.7
5278,566.35|270.2
5279,273.6|550.75
5280,546.15|280.2
5281,477.65|225.25
5282,402.6|277.45
5283,360.25|452.45
5284,557.0|335.15
5285,234.9|499.95
5286,301.0|359.75
5287,523.9|456.6
5288,457.95|227.85
5289,372.8|397.8
5290,423.95|435.35
5291,531.85|336.0
5292,230.6|255.5
5293,376.8|321.2
5294,337.85|540.6
5295,523.9|346.2
5296,538.8|265.45
5297,427.2|291.6
5298,284.9|407.9
5299,334.4|476.8
5300,463.45|440.65
5301,434.8|300.0
5302,538.05|251.4
5303,402.85|338.25
5304,394.55|514.05
5305,536.1|567.7
5306,253.4|266.8
5307,468.8|284.0
5308,474.0|482.55
5309,220.0|585.2
5310,322.55|339.2
5311,384.9|321.55
5312,530.45|536.35
5313,266.6|502.1
5314,580.65|470.45
5315,379.25|486.3
5316,351.4|215.35
5317,380.6|282.4
5318,393.9|317.65
5319,284.0|239.65
5320,252.05|514.5
5321,577.35|260.8
5322,240.1|237.75
5323,243.25|351.0
5324,570.25|217.6
5325,528.2|400.05
5326,444.6|418.9
5327,381.1|582.65
5328,457.95|361.35
5329,467.05|391.95
5330,266.55|583.9
5331,349.6|385.5
5332,571.8|420.8
5333,219.25|214.45
5334,491.6|284.3
5335,320.85|408.3
5336,297.45|409.1
5337,591.9|262.55
5338,473.7|467.55
5339,364.05|276.95
5340,358.65|256.55
5341,324.65|409.5
5342,281.5|577.75
5343,590.4|594.25
5344,580.1|442.8
5345,538.15|539.8
5346,342.5|244.45
5347,408.4|422.45
5348,258.35|422.1
5349,568.2|340.9
5350,479.4|312.5
5351,523.15|528.2
5352,206.0|318.85
5353,256.4|402.4
5354,273.2|546.25
5355,377.5|257.95
5356,269.45|330.75
5357,222.55|382.1
5358,466.55|466.95
5359,556.8|586.0
5360,275.95|530.1
5361,578.25|388.4
5362,447.1|328.3
5363,585.4|361.0
5364,529.25|350.0
5365,476.35|512.15
5366,270.05|429.75
5367,422.7|204.1
5368,443.35|357.9
5369,353.25|289.5
5370,470.55|467.4
5371,370.65|572.8
5372,279.55|433.7
5373,515.55|398.6
5374,274.75|589.15
5375,466.5|552.2
5376,229.75|419.8
5377,546.9|529.75
5378,214.55|583.6
5379,247.45|377.0
5380,394.05|446.8
5381,407.75|489.15
5382,585.3|534.1
5383,416.35|223.5
5384,412.7|525.55
5385,569.75|425.05
5386,211.1|294.35
5387,450.95|465.1
5388,329.15|233.5
5389,234.45|489.8
5390,359.7|376.6
5391,226.25|567.45
5392,379.9|213.2
5393,248.55|266.1
5394,588.15|216.9
5395,363.2|374.85
5396,282.9|434.6
5397,221.85|511.05
5398,209.55|383.25
5399,211.55|484.7
5400,232.65|386.6
5401,457.35|439.95
5402,574.8|219.6
5403,320.45|345.9
5404,318.75|388.9
5405,282.6|586.9
5406,441.45|587.2
5407,229.45|223.55
5408,299.5|381.3
5409,260.0|442.55
5410,574.85|283.35
5411,586.2|216.2
5412,213.8|515.05
5413,390.3|207.5
5414,223.05|481.4
5415,289.6|546.9
5416,377.6|438.2
5417,268.75|431.4
5418,572.15|305.7
5419,358.4|586.25
5420,263.35|562.8
5421,460.35|267.8
5422,420.45|484.0
5423,239.75|316.55
5424,473.4|431.35
5425,477.35|512.75
5426,227.75|482.1
5427,456.1|383.35
5428,332.65|539.75
5429,549.0|470.65
5430,358.85|249.45
5431,345.95|550.35
5432,410.5|335.55
5433,246.5|513.9
5434,581.7|407.15
5435,463.9|477.7
5436,351.25|214.35
5437,244.2|333.25
5438,204.1|454.85
5439,230.15|310.7
5440,583.05|326.5
5441,266.65|476.65
5442,433.1|216.05
5443,534.3|509.15
5444,382.9|459.7
5445,348.0|369.65
5446,531.3|575.5
5447,481.55|279.5
5448,430.1|235.15
5449,453.05|520.05
5450,458.3|558.35
5451,258.15|214.35
5452,341.95|559.3
5453,559.0|512.05
5454,378.45|359.0
5455,465.3|332.15
5456,224.3|424.95
5457,582.25|467.95
5458,384.65|360.55
5459,457.65|314.6
5460,245.2|372.5
5461,476.6|333.25
5462,428.7|430.1
5463,592.2|490.1
5464,297.05|579.15
5465,362.9|448.2
5466,572.85|477.45
5467,270.5|267.65
5468,271.1|548.2
5469,386.6|527.4
5470,544.65|452.45
5471,391.2|504.65
5472,433.25|257.15
5473,573.75|524.45
5474,595.45|567.5
5475,591.95|518.1
5476,368.7|453.25
5477,216.55|456.0
5478,347.5|215.25
5479,473.0|257.35
5480,251.55|288.15
5481,255.15|268.85
5482,247.4|282.95
5483,234.7|539.85
5484,543.55|370.7
5485,283.0|425.85
5486,533.5|460.35
5487,447.6|319.95
5488,472.15|318.05
5489,587.1|393.8
5490,284.65|583.2
5491,458.8|299.55
5492,499.85|228.0
5493,422.55|265.2
5494,361.85|518.45
5495,292.85|432.4
5496,358.35|431.8
5497,452.9|310.35
5498,357.2|381.8
5499,435.95|464.3
5500,269.85|582.75
5501,391.8|451.0
5502,300.3|558.1
5503,549.55|280.6
5504,217.55|466.25
5505,517.3|450.05
5506,253.2|240.45
5507,210.6|408.15
5508,208.35|580.45
5509,466.65|505.3
5510,431.85|586.05
5511,222.85|409.65
5512,368.45|231.5
5513,584.1|378.05
5514,262.4|371.25
5515,303.85|341.5
5516,272.3|287.7
5517,271.75|249.2
5518,560.65|273.0
5519,447.4|546.2
5520,529.25|509.15
5521,582.35|456.95
5522,429.35|262.95
5523,353.25|412.55
5524,340.25|583.5
5525,440.35|307.65
5526,384.0|350.0
5527,247.45|432.25
5528,210.8|262.05
5529,577.1|408.2
5530,219.2|579.25
5531,410.35|571.65
5532,359.0|364.6
5533,350.4|553.1
5534,549.75|327.7
5535,393.95|499.45
5536,433.3|466.75
5537,340.7|233.65
5538,256.05|326.25
5539,579.7|362.7
5540,216.35|261.45
5541,344.65|423.9
5542,345.05|332.75
5543,463.45|518.65
5544,370.95|500.25
5545,374.1|491.7
5546,548.0|493.85
5547,474.9|313.3
5548,323.5|407.15
5549,525.05|443.55
5550,347.2|275.15
5551,359.0|536.1
5552,543.0|515.3
5553,473.65|472.8
5554,457.2|577.05
5555,531.0|553.6
5556,491.25|479.0
5557,255.75|343.75
5558,391.4|257.55
5559,589.75|335.35
5560,248.25|531.2
5561,272.25|208.85
5562,590.65|357.85
5563,219.7|458.4
5564,588.5|241.4
5565,328.2|399.1
5566,465.15|317.8
5567,404.95|537.05
5568,338.75|523.4
5569,288.45|331.8
5570,457.5|209.1
5571,327.25|562.55
5572,453.95|263.9
5573,539.35|242.4
5574,463.4|533.4
5575,502.95|483.6
5576,206.95|580.85
5577,267.6|235.0
5578,532.8|419.2
5579,418.55|582.0
5580,573.95|393.4
5581,346.3|352.1
5582,549.65|219.85
5583,393.4|210.45
5584,288.6|576.8
5585,413.1|504.85
5586,567.55|349.8
5587,538.75|463.85
5588,261.35|368.05
5589,578.75|323.25
5590,346.45|310.5
5591,282.9|427.5
5592,337.5|423.85
5593,298.35|321.45
5594,346.35|524.0
5595,563.75|430.0
5596,569.5|257.15
5597,416.2|244.3
5598,242.25|419.75
5599,450.55|408.55
5600,544.15|326.25
5601,470.25|501.8
5602,414.9|436.55
5603,222.9|378.45
5604,530.25|371.7
5605,574.95|444.0
5606,366.75|575.9
5607,209.1|249.15
5608,230.4|410.5
5609,499.8|276.25
5610,556.2|459.15
5611,576.4|472.45
5612,392.9|335.05
5613,350.1|582.05
5614,399.95|339.3
5615,425.25|458.85
5616,260.3|274.95
5617,391.5|362.95
5618,433.3|591.95
5619,532.25|434.45
5620,229.35|471.75
5621,283.95|378.05
5622,385.85|315.3
5623,209.95|237.45
5624,403.1|573.25
5625,380.85|274.1
5626,350.95|350.85
5627,463.85|484.55
5628,541.1|454.35
5629,412.2|433.75
5630,575.9|376.35
5631,582.8|333.95
5632,577.95|476.65
5633,298.3|380.7
5634,438.95|351.25
5635,336.95|366.6
5636,233.0|527.75
5637,462.6|437.55
5638,395.05|396.9
5639,248.55|324.2
5640,283.35|443.2
5641,364.95|253.8
5642,453.65|388.9
5643,230.2|253.0
5644,579.9|353.75
5645,218.5|548.25
5646,568.45|318.1
5647,592.7|503.9
5648,469.85|550.5
5649,526.25|242.9
5650,380.45|264.1
5651,559.55|301.65
5652,568.85|565.55
5653,390.7|488.05
5654,465.0|540.45
5655,244.3|389.85
5656,591.25|268.65
5657,433.75|411.15
5658,581.75|449.2
5659,519.35|452.35
5660,472.9|341.1
5661,346.45|267.65
5662,553.55|294.7
5663,222.65|466.65
5664,359.05|242.3
5665,555.3|450.15
5666,532.8|584.15
5667,544.35|371.35
5668,340.15|558.4
5669,586.65|352.9
5670,435.2|326.25
5671,317.85|414.8
5672,457.5|436.55
5673,282.15|559.45
5674,538.8|468.85
5675,415.55|496.5
5676,389.9|562.2
5677,364.85|340.25
5678,579.4|455.25
5679,223.55|580.4
5680,378.3|268.45
5681,392.75|488.6
5682,540.05|268.0
5683,392.6|238.15
5684,552.1|534.6
5685,256.9|242.0
5686,460.05|448.95
5687,451.7|450.25
5688,302.05|348.55
5689,209.85|321.65
5690,323.7|360.75
5691,524.1|343.9
5692,538.55|381.95
5693,219.7|223.5
5694,513.1|343.0
5695,444.8|470.05
5696,396.1|310.35
5697,218.8|395.65
5698,238.4|356.0
5699,500.1|500.35
5700,443.55|480.25
5701,298.9|333.8
5702,392.6|537.7
5703,517.5|498.6
5704,331.75|572.85
5705,372.95|233.8
5706,467.0|360.05
5707,375.75|258.9
5708,323.7|586.95
5709,580.15|506.4
5710,419.85|243.0
5711,465.3|581.3
5712,225.8|226.1
5713,285.1|521.65
5714,580.4|428.25
5715,468.4|440.75
5716,233.25|511.9
5717,542.25|353.25
5718,358.05|340.55
5719,588.1|437.3
5720,478.8|497.0
5721,358.9|493.7
5722,595.05|430.75
5723,241.3|401.65
5724,409.25|247.8
5725,481.4|440.9
5726,355.3|588.55
5727,337.9|556.5
5728,280.2|470.95
5729,594.25|587.05
5730,460.95|509.55
5731,300.15|312.9
5732,522.15|395.0
5733,331.0|586.75
5734,216.9|300.85
5735,440.9|424.25
5736,471.9|505.25
5737,231.8|303.6
5738,269.85|448.05
5739,417.05|313.9
5740,203.45|494.6
5741,474.6|380.85
5742,376.2|367.25
5743,534.95|587.15
5744,439.2|544.55
5745,409.5|270.1
5746,381.2|271.4
5747,221.05|482.9
5748,284.05|545.75
5749,356.05|409.4
5750,280.25|338.5
5751,265.9|485.3
5752,354.55|273.35
5753,565.0|276.95
5754,410.55|209.35
5755,593.6|206.75
5756,440.25|316.7
5757,571.3|275.9
5758,470.3|575.6
5759,528.35|434.0
5760,225.55|307.0
5761,344.55|554.7
5762,441.85|383.3
5763,239.7|340.0
5764,465.3|318.0
5765,258.4|555.65
5766,331.75|583.65
5767,463.95|455.15
5768,235.5|247.9
5769,579.8|439.7
5770,376.65|488.7
5771,353.05|331.3
5772,468.3|378.8
5773,430.65|475.75
5774,354.8|581.45
5775,415.1|322.55
5776,470.55|539.25
5777,229.85|261.95
5778,506.4|493.05
5779,274.75|343.6
5780,545.5|254.05
5781,407.6|296.55
5782,420.45|368.45
5783,212.9|478.1
5784,339.55|412.75
5785,263.4|375.3
5786,437.0|294.7
5787,436.3|343.1
5788,407.9|282.1
5789,450.5|437.95
5790,584.15|298.05
5791,352.9|444.4
5792,433.05|446.0
5793,587.1|477.15
5794,270.5|275.55
5795,363.75|337.1
5796,251.5|220.9
5797,580.15|484.65
5798,590.7|368.95
5799,311.7|404.8
5800,272.5|350.5
5801,342.9|526.2
5802,458.95|254.6
5803,460.15|448.5
5804,240.7|254.6
5805,410.65|511.4
5806,386.55|316.95
5807,474.75|321.7
5808,564.15|366.35
5809,529.8|445.95
5810,431.55|353.4
5811,412.7|498.1
5812,255.75|284.0
5813,237.3|233.15
5814,260.85|270.4
5815,226.85|393.7
5816,221.05|241.25
5817,251.05|441.7
5818,233.3|229.55
5819,457.55|283.0
5820,466.15|385.05
5821,418.45|217.5
5822,300.5|405.7
5823,309.4|435.85
5824,220.2|246.15
5825,566.45|282.45
5826,266.2|243.7
5827,454.3|326.55
5828,587.15|291.6
5829,580.45|438.3
5830,233.65|403.05
5831,340.2|212.0
5832,564.2|253.6
5833,442.15|265.85
5834,583.65|337.95
5835,283.75|479.45
5836,337.75|331.3
5837,365.65|257.8
5838,474.2|326.8
5839,276.15|455.7
5840,224.25|533.35
5841,234.45|262.35
5842,458.8|470.3
5843,455.15|341.4
5844,269.4|400.7
5845,422.75|531.4
5846,238.05|568.3
5847,471.7|461.4
5848,521.5|440.7
5849,405.7|270.35
5850,577.4|378.95
5851,556.25|268.15
5852,584.4|213.25
5853,347.85|499.2
5854,468.35|471.15
5855,464.0|260.35
5856,323.55|406.0
5857,463.7|250.25
5858,409.3|274.85
5859,242.7|518.3
5860,347.35|573.95
5861,573.05|518.3
5862,458.25|474.6
5863,419.65|383.45
5864,243.15|567.15
5865,580.65|396.9
5866,358.1|472.8
5867,533.0|396.85
5868,316.8|346.1
5869,267.1|564.25
5870,208.25|327.2
5871,483.45|502.85
5872,537.85|500.0
5873,268.55|284.0
5874,394.45|279.7
5875,239.25|237.2
5876,347.0|379.9
5877,531.25|531.25
5878,226.55|586.15
5879,232.5|366.5
5880,511.65|428.45
5881,502.85|362.1
5882,342.9|540.0
5883,578.4|318.5
5884,343.1|320.15
5885,380.9|333.8
5886,577.95|573.7
5887,443.75|504.7
5888,234.15|394.85
5889,400.75|273.25
5890,361.75|591.25
5891,556.15|405.85
5892,219.25|306.95
5893,548.0|565.7
5894,270.1|360.7
5895,234.6|506.5
5896,468.35|320.5
5897,248.1|323.65
5898,280.55|287.55
5899,579.65|295.3
5900,429.45|391.25
5901,422.2|354.25
5902,582.35|321.55
5903,473.9|553.4
5904,410.6|383.2
5905,591.9|578.8
5906,384.95|499.6
5907,295.8|404.2
5908,230.8|385.25
5909,569.85|408.7
5910,462.1|474.4
5911,454.85|240.1
5912,404.45|564.95
5913,536.85|500.15
5914,247.5|375.1
5915,264.05|451.75
5916,584.05|275.6
5917,579.15|475.8
5918,488.25|560.1
5919,402.15|576.8
5920,488.4|450.2
5921,258.4|361.7
5922,283.35|338.2
5923,216.4|509.75
5924,400.65|565.6
5925,239.85|550.15
5926,509.6|461.2
5927,417.45|400.75
5928,575.5|447.3
5929,355.05|566.0
5930,253.65|347.9
5931,433.2|538.75
5932,426.55|450.7
5933,442.45|518.75
5934,338.05|228.0
5935,355.9|214.7
5936,592.1|232.8
5937,470.95|455.8
5938,270.25|531.6
5939,561.1|458.95
5940,256.5|496.65
5941,345.05|554.05
5942,328.65|430.9
5943,211.4|246.9
5944,523.55|456.9
5945,558.05|219.35
5946,373.5|596.55
5947,460.8|571.85
5948,551.55|545.2
5949,233.15|231.65
5950,226.25|406.4
5951,569.55|313.4
5952,406.4|215.95
5953,508.5|508.35
5954,337.9|310.3
5955,401.5|328.5
5956,411.0|240.55
5957,527.8|532.85
5958,531.6|377.35
5959,350.0|541.5
5960,298.1|340.5
5961,548.85|429.7
5962,389.05|367.55
5963,215.45|242.55
5964,347.65|238.5
5965,283.75|431.7
5966,329.95|536.9
5967,243.25|344.1
5968,569.35|508.25
5969,270.5|500.85
5970,443.95|446.5
5971,282.6|589.6
5972,233.9|330.55
5973,405.05|370.65
5974,505.95|457.9
5975,370.25|424.4
5976,335.4|344.85
5977,319.35|329.7
5978,216.05|294.9
5979,361.25|479.4
5980,582.2|572.4
5981,397.3|511.45
5982,526.15|528.65
5983,444.5|220.7
5984,394.2|229.7
5985,591.15|492.4
5986,474.8|366.0
5987,402.05|586.2
5988,567.3|546.45
5989,569.4|574.35
5990,533.9|444.9
5991,211.8|228.85
5992,240.75|454.65
5993,351.15|307.2
5994,589.2|595.7
5995,562.15|529.0
5996,467.2|218.85
5997,358.25|475.5
5998,535.65|363.7
5999,402.9|452.8
6000,331.3|378.2
6001,396.85|334.15
6002,455.0|589.8
6003,544.4|545.7
6004,469.35|313.2
6005,469.85|478.0
6006,572.65|433.3
6007,412.75|356.9
6008,286.2|430.65
6009,283.6|540.65
6010,406.25|545.05
6011,231.25|475.6
6012,564.4|524.45
6013,561.7|219.75
6014,415.6|357.15
6015,577.75|495.15
6016,276.95|398.05
6017,578.5|302.9
6018,472.25|304.9
6019,465.65|364.25
6020,405.1|449.25
6021,352.15|360.6
6022,361.0|516.35
6023,322.85|401.85
6024,459.9|475.0
6025,374.85|218.7
6026,500.65|224.35
6027,210.85|587.65
6028,463.5|256.65
6029,383.4|502.7
6030,562.6|588.8
6031,244.5|541.65
6032,379.2|303.55
6033,491.9|473.0
6034,392.55|288.4
6035,223.6|420.3
6036,415.2|406.9
6037,284.35|429.7
6038,524.9|365.4
6039,567.4|242.75
6040,264.85|401.85
6041,468.0|347.9
6042,462.8|440.2
6043,364.85|277.7
6044,407.65|250.6
6045,319.35|384.8
6046,592.6|363.0
6047,212.65|394.25
6048,462.65|240.4
6049,218.35|467.8
6050,360.8|406.45
6051,210.85|323.15
6052,535.6|527.05
6053,227.55|491.4
6054,536.75|459.3
6055,238.0|251.6
6056,586.25|280.75
6057,469.4|465.75
6058,505.55|494.5
6059,589.85|281.35
6060,369.25|559.85
6061,321.9|399.2
6062,440.25|506.05
6063,473.4|345.4
6064,377.8|587.1
6065,356.5|457.6
6066,357.35|527.2
6067,353.45|552.2
6068,352.5|381.05
6069,532.9|524.0
6070,285.35|451.0
6071,504.8|226.65
6072,385.8|410.2
6073,273.45|261.8
6074,278.35|308.15
6075,227.4|293.2
6076,390.8|475.7
6077,411.9|213.1
6078,392.1|382.35
6079,397.35|222.75
6080,271.05|463.1
6081,472.3|483.45
6082,409.5|467.25
6083,328.35|322.05
6084,338.55|551.55
6085,294.1|389.3
6086,431.3|355.05
6087,533.15|431.05
6088,250.5|281.5
6089,341.45|557.7
6090,590.9|366.8
6091,525.7|531.85
6092,365.95|275.15
6093,434.95|220.9
6094,463.5|282.1
6095,378.6|480.35
6096,479.85|376.4
6097,592.4|366.25
6098,463.3|534.0
6099,581.95|445.25
6100,344.15|530.75
6101,214.85|478.0
6102,413.95|332.25
6103,220.25|274.6
6104,214.15|480.25
6105,454.95|337.3
6106,482.05|264.1
6107,459.65|247.5
6108,461.8|506.5
6109,283.75|559.5
6110,592.5|505.1
6111,438.55|495.95
6112,385.05|271.9
6113,449.5|450.25
6114,582.8|580.05
6115,436.7|497.6
6116,426.45|340.2
6117,441.0|387.45
6118,536.85|526.8
6119,442.75|443.15
6120,276.45|239.3
6121,563.55|582.2
6122,565.25|371.35
6123,377.7|362.5
6124,590.05|481.15
6125,553.8|502.55
6126,253.75|501.5
6127,246.3|538.85
6128,528.55|472.6
6129,228.2|571.9
6130,469.3|315.35
6131,285.8|394.7
6132,252.75|466.6
6133,335.85|427.45
6134,346.6|567.4
6135,557.3|494.2
6136,574.9|213.4
6137,470.4|369.4
6138,252.0|413.45
6139,478.3|268.35
6140,550.3|589.1
6141,206.6|532.6
6142,241.3|410.9
6143,356.1|256.55
6144,455.25|236.9
6145,331.95|569.4
6146,439.1|569.15
6147,260.85|252.4
6148,524.7|494.15
6149,398.6|592.1
6150,344.05|538.75
6151,224.55|590.55
6152,346.65|557.95
6153,542.5|569.6
6154,355.5|438.3
6155,535.85|497.95
6156,346.85|317.9
6157,579.95|419.9
6158,399.35|593.2
6159,258.0|258.2
6160,227.05|264.8
6161,217.35|261.45
6162,493.0|482.5
6163,411.35|477.25
6164,470.6|307.3
6165,403.55|337.9
6166,407.85|516.0
6167,527.65|425.1
6168,520.1|538.1
6169,346.6|348.85
6170,388.5|472.6
6171,447.75|360.05
6172,350.6|417.9
6173,580.5|331.25
6174,578.0|401.15
6175,586.8|390.05
6176,447.35|422.15
6177,254.3|285.65
6178,337.0|492.1
6179,489.9|287.6
6180,470.0|295.6
6181,526.95|556.5
6182,237.25|330.15
6183,217.75|309.7
6184,448.6|494.55
6185,373.3|315.6
6186,228.5|471.9
6187,341.5|208.55
6188,440.3|516.55
6189,368.05|280.2
6190,429.1|217.45
6191,434.75|438.85
6192,436.65|271.95
6193,545.75|217.9
6194,477.45|212.45
6195,407.6|578.15
6196,593.55|581.45
6197,392.55|576.25
6198,590.75|352.85
6199,577.05|503.25
6200,355.2|386.1
6201,256.7|337.7
6202,461.85|560.9
6203,472.9|479.95
6204,393.45|373.95
6205,570.15|360.9
6206,439.4|240.95
6207,260.9|513.7
6208,468.0|341.8
6209,242.35|481.45
6210,517.7|461.25
6211,574.85|318.15
6212,452.0|365.5
6213,441.7|586.75
6214,466.75|454.35
6215,524.5|431.05
6216,291.65|347.25
6217,539.2|567.75
6218,285.6|446.4
6219,227.2|346.4
6220,390.4|238.6
6221,541.1|242.05
6222,457.7|287.95
6223,280.15|288.6
6224,271.1|405.6
6225,429.2|572.35
6226,528.7|484.7
6227,231.85|520.05
6228,447.95|386.3
6229,270.65|588.5
6230,585.2|448.05
6231,250.4|587.9
6232,341.6|567.1
6233,395.25|477.6
6234,542.75|442.55
6235,436.4|555.55
6236,264.45|366.5
6237,582.35|295.65
6238,595.0|357.75
6239,383.45|326.85
6240,241.7|282.3
6241,535.1|300.7
6242,387.5|587.05
6243,288.65|318.7
6244,393.15|263.25
6245,524.35|276.6
6246,419.85|446.7
6247,588.2|487.05
6248,259.1|570.4
6249,428.3|374.25
6250,345.75|548.25
6251,562.05|538.4
6252,564.95|420.55
6253,593.7|356.75
6254,586.5|419.1
6255,219.65|581.7
6256,528.4|485.6
6257,486.75|325.1
6258,583.15|330.15
6259,488.5|397.45
6260,562.5|510.25
6261,264.25|558.85
6262,578.85|512.75
6263,393.75|243.8
6264,268.65|319.6
6265,564.85|407.2
6266,427.65|385.3
6267,428.45|392.1
6268,257.2|580.1
6269,567.55|584.6
6270,240.0|590.5
6271,293.85|565.35
6272,461.5|353.85
6273,217.1|500.75
6274,243.3|233.95
6275,572.6|401.7
6276,567.6|409.25
6277,463.0|257.7
6278,236.35|414.45
6279,289.75|567.45
6280,538.95|293.7
6281,362.45|579.6
6282,344.2|581.9
6283,558.9|248.1
6284,466.6|279.45
6285,210.45|587.55
6286,449.8|296.8
6287,502.55|403.1
6288,445.2|213.55
6289,276.6|324.55
6290,503.0|558.0
6291,357.35|469.8
6292,429.8|434.3
6293,383.7|563.55
6294,413.95|506.7
6295,379.0|486.35
6296,416.6|370.05
6297,356.5|403.4
6298,546.3|593.85
6299,469.5|457.15
6300,576.65|591.3
6301,341.9|259.6
6302,372.3|437.35
6303,313.9|448.65
6304,517.65|517.75
6305,367.2|489.3
6306,403.5|492.15
6307,528.45|559.5
6308,344.5|234.55
6309,392.35|316.9
6310,412.15|357.9
6311,360.75|341.1
6312,491.25|463.75
6313,491.65|485.65
6314,451.85|581.9
6315,579.35|432.15
6316,580.75|274.65
6317,451.85|283.8
6318,404.75|333.4
6319,412.4|572.75
6320,328.0|435.55
6321,503.2|323.45
6322,362.5|261.1
6323,232.7|459.05
6324,256.7|273.8
6325,361.85|458.15
6326,566.55|412.55
6327,394.6|352.35
6328,345.85|566.6
6329,577.55|308.4
6330,245.7|411.75
6331,332.6|214.95
6332,593.0|584.3
6333,584.8|472.3
6334,584.0|368.9
6335,424.85|435.25
6336,466.1|366.15
6337,495.0|333.95
6338,576.8|210.5
6339,253.25|350.2
6340,405.35|375.35
6341,584.65|557.85
6342,565.8|586.95
6343,296.95|394.0
6344,267.5|466.55
6345,379.9|249.45
6346,447.7|528.1
6347,365.0|498.8
6348,401.9|295.15
6349,430.3|471.7
6350,384.1|331.3
6351,477.05|242.85
6352,590.35|379.1
6353,302.15|471.0
6354,310.5|581.4
6355,370.5|327.5
6356,247.8|564.9
6357,403.1|409.75
6358,563.65|332.4
6359,234.2|521.95
6360,351.6|425.35
6361,462.3|352.95
6362,420.65|370.25
6363,426.8|400.8
6364,283.85|545.95
6365,227.55|386.85
6366,375.25|271.75
6367,556.35|349.5
6368,549.75|338.65
6369,266.85|552.8
6370,551.3|593.1
6371,224.75|343.45
6372,345.5|546.9
6373,324.6|328.85
6374,396.7|258.5
6375,448.2|590.95
6376,555.75|319.25
6377,550.55|525.1
6378,421.1|256.95
6379,441.85|443.85
6380,293.75|352.5
6381,267.3|434.05
6382,238.55|560.1
6383,368.95|247.95
6384,472.7|508.6
6385,278.5|526.95
6386,425.8|537.95
6387,300.35|314.35
6388,232.2|457.8
6389,237.25|488.75
6390,212.8|336.15
6391,515.7|564.55
6392,207.6|391.95
6393,273.5|523.5
6394,291.5|485.65
6395,212.0|520.1
6396,585.65|397.8
6397,380.5|306.25
6398,418.95|342.35
6399,337.9|409.2
6400,258.65|223.6
6401,358.5|330.9
6402,397.9|524.2
6403,436.45|338.5
6404,582.5|537.65
6405,400.75|351.75
6406,224.7|413.9
6407,307.6|570.4
6408,575.75|227.7
6409,479.95|291.55
6410,431.45|311.85
6411,554.5|539.65
6412,380.65|321.15
6413,239.3|544.35
6414,391.95|506.6
6415,213.65|581.25
6416,369.15|590.7
6417,391.15|303.7
6418,460.65|263.35
6419,435.5|336.3
6420,363.2|227.3
6421,250.9|352.25
6422,416.1|218.15
6423,558.25|542.8
6424,404.85|384.65
6425,572.1|572.5
6426,467.3|360.35
6427,584.3|536.8
6428,373.95|459.85
6429,305.45|411.35
6430,242.35|505.55
6431,587.25|397.65
6432,263.4|426.9
6433,339.6|548.65
6434,251.7|430.15
6435,537.9|533.05
6436,443.0|460.35
6437,290.4|380.85
6438,457.2|381.4
6439,468.75|400.65
6440,357.05|219.7
6441,361.6|299.15
6442,529.8|553.2
6443,235.6|575.8
6444,554.7|366.25
6445,413.0|484.5
6446,281.1|505.9
6447,591.0|568.55
6448,228.25|486.05
6449,236.5|307.05
6450,587.75|213.25
6451,267.45|449.9
6452,431.65|510.2
6453,543.35|432.85
6454,474.35|448.75
6455,476.85|360.05
6456,284.65|440.0
6457,588.05|417.35
6458,386.9|395.0
6459,324.0|298.65
6460,555.7|465.9
6461,424.05|247.1
6462,228.8|319.55
6463,518.75|500.75
6464,393.8|486.75
6465,511.65|448.25
6466,438.9|588.2
6467,584.55|497.25
6468,590.35|271.6
6469,216.45|461.95
6470,237.2|248.9
6471,434.75|569.8
6472,374.1|339.2
6473,594.55|576.3
6474,515.9|542.8
6475,437.5|401.7
6476,263.5|525.85
6477,419.7|237.9
6478,382.4|499.2
6479,350.75|478.9
6480,409.45|498.95
6481,565.7|293.55
6482,297.8|485.65
6483,228.95|390.2
6484,458.25|440.35
6485,371.1|276.5
6486,325.75|564.95
6487,454.75|216.75
6488,301.95|377.95
6489,238.35|586.1
6490,472.4|310.95
6491,214.35|479.65
6492,395.3|553.5
6493,417.6|335.1
6494,422.8|236.75
6495,357.35|510.9
6496,540.9|350.0
6497,380.75|245.55
6498,288.7|509.35
6499,243.75|596.75
6500,521.95|454.3
6501,212.2|306.9
6502,382.5|246.15
6503,248.1|429.1
6504,302.2|484.6
6505,434.55|361.05
6506,248.2|398.55
6507,401.15|488.85
6508,239.1|509.1
6509,269.5|582.95
6510,216.8|589.25
6511,268.45|424.95
6512,579.9|417.1
6513,280.3|263.6
6514,210.95|261.55
6515,367.45|563.15
6516,212.05|446.3
6517,541.7|342.3
6518,207.35|459.8
6519,587.75|381.4
6520,536.3|441.35
6521,569.15|347.55
6522,444.85|316.7
6523,277.3|583.45
6524,284.5|432.05
6525,387.45|522.0
6526,264.6|326.4
6527,279.15|584.4
6528,403.85|289.05
6529,277.8|594.4
6530,523.6|522.2
6531,572.2|541.7
6532,450.55|249.45
6533,552.15|573.2
6534,367.95|436.35
6535,485.4|362.25
6536,409.3|242.35
6537,294.4|332.45
6538,311.75|479.9
6539,239.0|402.1
6540,250.45|407.5
6541,283.9|544.5
6542,513.65|242.5
6543,576.65|491.3
6544,536.0|443.65
6545,448.2|427.4
6546,411.1|511.35
6547,277.1|371.95
6548,237.55|479.15
6549,592.65|376.25
6550,404.9|379.7
6551,468.35|239.75
6552,492.3|428.45
6553,307.7|593.05
6554,551.85|591.7
6555,366.95|558.65
6556,415.45|504.45
6557,227.8|321.8
6558,488.65|236.65
6559,582.85|498.45
6560,573.05|338.05
6561,276.5|392.85
6562,347.85|254.05
6563,540.65|336.8
6564,384.5|561.2
6565,569.95|268.25
6566,504.55|478.2
6567,456.9|381.65
6568,220.0|416.3
6569,320.85|375.4
6570,544.15|233.4
6571,559.7|273.1
6572,531.1|261.65
6573,442.05|405.2
6574,574.15|213.8
6575,397.7|386.6
6576,398.1|590.7
6577,535.95|547.9
6578,269.05|229.05
6579,553.3|411.0
6580,243.4|232.8
6581,423.25|592.05
6582,280.1|505.7
6583,227.3|535.2
6584,384.25|505.05
6585,241.4|496.55
6586,240.75|227.4
6587,540.55|581.15
6588,431.05|526.7
6589,436.85|330.3
6590,345.35|442.9
6591,527.55|312.05
6592,368.3|285.4
6593,267.3|231.9
6594,419.6|365.05
6595,367.4|372.15
6596,211.45|400.05
6597,268.3|345.55
6598,360.8|247.4
6599,465.05|363.95
6600,424.7|344.65
6601,530.7|363.25
6602,261.05|354.55
6603,228.4|294.5
6604,477.25|331.5
6605,421.55|432.3
6606,551.0|477.6
6607,471.3|281.6
6608,229.65|574.05
6609,411.65|587.4
6610,222.45|450.9
6611,276.15|368.8
6612,416.05|376.5
6613,519.7|500.6
6614,293.5|544.0
6615,262.55|494.55
6616,329.7|542.4
6617,281.3|576.05
6618,424.3|581.55
6619,582.8|519.35
6620,315.65|388.1
6621,585.1|493.5
6622,269.25|255.65
6623,467.45|452.85
6624,535.15|528.65
6625,461.7|221.65
6626,409.9|457.5
6627,214.75|457.2
6628,587.2|295.65
6629,545.35|592.05
6630,340.85|331.5
6631,339.05|240.85
6632,449.75|589.35
6633,356.7|213.55
6634,580.25|218.85
6635,301.8|233.35
6636,299.1|365.35
6637,254.5|428.7
6638,376.6|493.5
6639,290.0|276.0
6640,223.5|216.85
6641,300.55|428.15
6642,222.25|221.2
6643,298.25|374.55
6644,353.35|487.45
6645,404.5|447.65
6646,381.8|587.4
6647,498.1|510.1
6648,340.2|543.1
6649,383.45|241.4
6650,262.6|581.15
6651,363.0|585.8
6652,346.6|451.75
6653,559.5|559.35
6654,284.85|561.65
6655,532.45|501.4
6656,410.2|510.9
6657,551.7|229.2
6658,587.6|557.4
6659,419.4|350.2
6660,205.0|458.45
6661,397.35|308.9
6662,350.25|321.7
6663,581.7|473.35
6664,521.05|367.7
6665,273.65|364.6
6666,377.65|245.45
6667,473.25|483.25
6668,479.35|507.35
6669,346.65|479.7
6670,411.05|392.0
6671,259.45|425.55
6672,464.55|321.4
6673,288.6|566.95
6674,556.45|253.75
6675,593.4|489.7
6676,591.2|250.8
6677,345.2|355.0
6678,379.3|394.6
6679,394.0|583.55
6680,391.75|477.8
6681,427.75|250.7
6682,290.3|528.6
6683,265.2|254.05
6684,420.45|347.25
6685,480.1|428.05
6686,290.6|355.8
6687,450.6|311.0
6688,214.85|272.75
6689,562.75|524.1
6690,566.15|396.85
6691,576.15|525.15
6692,317.7|362.0
6693,431.8|301.9
6694,587.3|575.35
6695,353.1|325.8
6696,354.7|285.4
6697,546.7|563.3
6698,422.95|317.2
6699,460.7|449.7
6700,521.0|490.45
6701,311.9|331.4
6702,456.9|590.35
6703,544.15|287.35
6704,448.05|326.6
6705,424.25|592.05
6706,553.25|425.5
6707,576.8|523.5
6708,309.05|349.3
6709,570.25|489.8
6710,303.0|371.65
6711,422.25|311.0
6712,566.45|587.6
6713,443.2|313.65
6714,447.85|556.3
6715,323.1|369.35
6716,234.75|554.45
6717,461.05|297.0
6718,233.35|545.55
6719,409.3|539.55
6720,390.3|377.25
6721,577.1|420.55
6722,557.55|405.05
6723,414.25|590.35
6724,588.1|299.85
6725,283.1|268.6
6726,240.45|542.0
6727,222.6|473.9
6728,250.9|213.55
6729,453.35|384.35
6730,550.95|214.5
6731,276.45|431.9
6732,471.4|478.75
6733,570.9|405.5
6734,353.2|305.55
6735,379.25|543.3
6736,408.1|585.95
6737,409.75|465.05
6738,244.7|392.8
6739,570.9|486.1
6740,305.9|548.75
6741,410.3|384.0
6742,306.2|483.1
6743,372.2|224.2
6744,536.3|469.9
6745,371.4|224.1
6746,541.1|570.05
6747,574.2|592.05
6748,241.8|287.1
6749,459.15|524.55
6750,427.35|458.75
6751,276.2|546.7
6752,326.2|512.25
6753,273.25|243.15
6754,550.4|433.9
6755,332.7|423.65
6756,576.8|393.3
6757,438.3|578.95
6758,373.05|449.55
6759,333.65|579.4
6760,295.3|392.0
6761,355.8|455.65
6762,240.8|298.85
6763,393.95|496.15
6764,464.45|486.65
6765,553.5|419.75
6766,424.3|559.3
6767,279.8|259.2
6768,277.1|432.2
6769,219.15|299.9
6770,405.05|474.9
6771,356.15|225.5
6772,377.0|279.75
6773,218.05|276.1
6774,425.55|453.3
6775,376.7|592.6
6776,551.35|574.15
6777,401.65|268.1
6778,555.4|254.3
6779,370.8|266.3
6780,397.45|284.4
6781,379.65|337.2
6782,588.15|397.9
6783,365.4|277.55
6784,547.25|331.35
6785,507.45|252.35
6786,290.7|449.05
6787,243.2|496.9
6788,390.8|291.05
6789,474.05|328.4
6790,274.95|566.8
6791,288.9|479.2
6792,276.6|562.8
6793,514.65|523.6
6794,361.35|281.3
6795,361.55|490.55
6796,415.85|485.35
6797,545.8|454.45
6798,396.95|411.75
6799,271.15|260.55
6800,591.5|345.6
6801,581.85|362.8
6802,226.4|484.95
6803,217.0|311.55
6804,572.6|427.3
6805,319.95|346.75
6806,424.15|582.55
6807,334.1|259.9
6808,251.15|519.0
6809,371.5|334.6
6810,344.0|302.7
6811,478.25|559.35
6812,405.25|300.3
6813,464.95|259.7
6814,269.6|553.0
6815,574.95|486.9
6816,232.25|356.7
6817,582.95|214.05
6818,479.7|352.45
6819,555.75|229.35
6820,544.25|348.9
6821,405.05|379.45
6822,287.7|427.55
6823,235.5|493.9
6824,246.95|425.9
6825,204.8|552.7
6826,229.25|541.95
6827,360.0|571.9
6828,567.25|265.45
6829,377.3|367.6
6830,578.2|533.9
6831,243.45|371.15
6832,585.75|372.55
6833,552.6|582.05
6834,222.6|502.85
6835,517.45|335.1
6836,383.25|263.35
6837,270.65|267.75
6838,283.35|383.05
6839,435.25|590.15
6840,531.45|340.35
6841,454.85|213.6
6842,392.05|480.1
6843,541.0|354.1
6844,250.65|470.85
6845,214.9|233.0
6846,404.4|351.1
6847,225.4|216.45
6848,462.95|463.45
6849,282.1|318.8
6850,341.15|504.1
6851,481.3|330.5
6852,583.25|338.95
6853,338.7|596.05
6854,259.1|577.1
6855,342.45|364.8
6856,344.25|551.25
6857,543.1|357.4
6858,272.05|433.55
6859,417.4|495.95
6860,230.65|374.8
6861,326.25|430.0
6862,524.1|356.85
6863,583.4|569.5
6864,299.15|373.3
6865,464.4|296.15
6866,282.25|542.85
6867,232.9|509.7
6868,556.1|310.05
6869,586.1|359.6
6870,206.8|515.5
6871,266.0|539.3
6872,314.35|532.85
6873,342.4|559.0
6874,584.25|476.35
6875,205.75|500.9
6876,585.4|253.6
6877,234.15|245.6
6878,321.3|410.75
6879,594.75|472.9
6880,507.4|438.5
6881,406.9|565.95
6882,393.65|382.9
6883,296.55|338.05
6884,469.0|322.65
6885,279.3|397.35
6886,245.5|523.8
6887,242.0|439.6
6888,561.9|493.9
6889,565.55|221.9
6890,373.5|369.85
6891,261.9|544.55
6892,472.15|369.8
6893,466.5|461.35
6894,239.65|235.25
6895,427.25|261.65
6896,236.45|562.25
6897,218.05|481.95
6898,400.0|294.3
6899,404.2|265.0
6900,397.8|365.05
6901,318.85|415.8
6902,553.05|256.4
6903,205.85|513.6
6904,268.5|568.6
6905,209.6|587.2
6906,356.3|352.3
6907,482.75|487.55
6908,264.8|509.85
6909,579.4|382.9
6910,562.7|545.35
6911,592.1|421.7
6912,426.55|558.2
6913,209.35|473.5
6914,367.2|538.35
6915,564.0|303.65
6916,548.5|338.3
6917,341.1|223.5
6918,392.95|222.85
6919,242.45|475.95
6920,324.05|248.3
6921,540.5|456.1
6922,314.55|332.95
6923,393.15|496.3
6924,359.6|302.75
6925,569.05|244.75
6926,467.7|448.8
6927,474.6|557.5
6928,228.5|226.75
6929,398.9|237.65
6930,560.7|592.55
6931,234.15|565.4
6932,473.55|499.35
6933,343.85|345.55
6934,321.65|392.8
6935,394.85|581.5
6936,589.8|358.35
6937,550.35|441.85
6938,313.4|431.4
6939,209.95|587.85
6940,273.2|455.25
6941,445.7|363.2
6942,570.0|469.5
6943,400.9|442.85
6944,229.55|281.1
6945,451.8|336.6
6946,251.1|250.15
6947,431.5|582.85
6948,546.7|300.3
6949,419.25|300.9
6950,349.8|331.65
6951,332.05|536.55
6952,400.8|290.9
6953,258.25|359.55
6954,282.2|274.75
6955,422.85|343.5
6956,593.7|512.4
6957,396.55|475.9
6958,458.6|457.0
6959,285.3|420.6
6960,432.6|209.9
6961,438.4|392.9
6962,359.0|595.3
6963,407.8|390.1
6964,381.6|246.15
6965,375.9|215.1
6966,266.05|207.15
6967,356.9|246.55
6968,559.65|585.8
6969,538.45|328.7
6970,445.1|559.85
6971,424.65|311.15
6972,209.0|572.05
6973,459.3|324.8
6974,567.4|377.3
6975,254.4|284.95
6976,568.6|299.35
6977,546.95|342.4
6978,272.9|234.65
6979,342.8|562.85
6980,464.15|473.9
6981,390.95|237.7
6982,465.55|246.7
6983,443.3|413.15
6984,422.95|232.3
6985,403.2|294.6
6986,407.55|332.85
6987,260.05|232.6
6988,295.9|439.8
6989,559.6|267.25
6990,575.0|332.55
6991,240.2|566.55
6992,231.85|373.95
6993,569.85|375.85
6994,376.45|397.4
6995,495.4|497.3
6996,471.5|285.15
6997,209.65|536.55
6998,356.15|211.3
6999,367.95|261.2
7000,264.05|578.8
7001,421.25|584.4
7002,573.8|589.0
7003,452.1|273.35
7004,229.05|478.85
7005,452.6|285.45
7006,250.05|209.2
7007,345.65|250.2
7008,297.0|496.05
7009,208.95|389.1
7010,440.05|383.0
7011,395.55|416.05
7012,425.9|557.55
7013,245.85|419.7
7014,568.0|256.4
7015,466.5|462.05
7016,284.55|548.25
7017,581.3|525.15
7018,403.15|339.45
7019,344.95|422.9
7020,336.05|320.7
7021,578.95|586.9
7022,237.0|256.0
7023,362.6|596.0
7024,466.6|333.0
7025,219.6|388.9
7026,211.15|577.6
7027,364.25|530.2
7028,579.65|461.3
7029,272.95|321.65
7030,484.7|450.4
7031,371.25|522.95
7032,223.55|292.0
7033,542.3|534.35
7034,459.5|433.95
7035,232.4|382.75
7036,459.95|224.0
7037,472.15|379.1
7038,586.35|425.85
7039,553.6|233.85
7040,210.7|473.55
7041,456.75|365.1
7042,235.95|328.1
7043,351.35|429.2
7044,287.35|343.7
7045,406.85|206.4
7046,543.15|481.05
7047,232.2|230.75
7048,456.4|414.45
7049,352.55|371.45
7050,451.35|434.3
7051,415.45|444.15
7052,345.0|398.35
7053,402.6|359.0
7054,217.0|364.5
7055,354.45|250.85
7056,358.8|336.35
7057,351.65|268.75
7058,347.35|315.9
7059,228.55|271.85
7060,540.1|306.5
7061,404.95|255.2
7062,228.55|421.35
7063,578.6|536.15
7064,224.15|372.55
7065,583.55|322.0
7066,229.55|279.35
7067,562.9|410.95
7068,370.95|218.8
7069,318.55|373.65
7070,382.65|480.4
7071,485.95|288.55
7072,574.5|468.0
7073,229.7|221.15
7074,317.3|434.25
7075,266.5|574.05
7076,545.85|514.0
7077,356.85|259.8
7078,575.35|272.8
7079,296.2|384.85
7080,417.35|284.75
7081,525.45|421.7
7082,351.45|329.05
7083,402.55|574.25
7084,513.2|532.65
7085,586.65|293.0
7086,413.25|533.95
7087,523.35|224.15
7088,566.55|472.2
7089,440.15|268.05
7090,274.85|584.55
7091,436.85|386.0
7092,371.3|366.3
7093,551.75|540.5
7094,354.05|537.95
7095,589.45|564.1
7096,471.7|276.1
7097,257.55|302.2
7098,588.15|571.65
7099,564.5|593.15
7100,458.1|551.45
7101,419.05|415.5
7102,278.45|576.45
7103,370.6|281.15
7104,253.75|278.2
7105,351.6|445.9
7106,228.05|254.6
7107,419.1|355.8
7108,256.3|532.75
7109,428.5|550.85
7110,372.75|373.3
7111,261.5|424.3
7112,287.75|451.25
7113,373.45|515.5
7114,360.8|349.4
7115,384.8|506.0
7116,272.55|284.5
7117,220.7|467.05
7118,566.2|429.5
7119,543.75|449.1
7120,441.7|560.6
7121,473.45|277.55
7122,279.6|329.65
7123,363.3|367.5
7124,211.4|587.9
7125,554.05|488.0
7126,423.05|566.25
7127,462.25|293.0
7128,210.65|501.0
7129,224.8|586.3
7130,319.8|434.5
7131,577.3|464.4
7132,345.75|258.6
7133,529.0|282.2
7134,376.1|589.4
7135,408.5|246.9
7136,557.15|265.3
7137,283.8|366.9
7138,469.25|279.7
7139,288.6|484.7
7140,271.15|239.7
7141,335.4|396.8
7142,215.05|469.35
7143,339.55|318.65
7144,213.25|219.6
7145,550.35|459.3
7146,402.25|489.75
7147,303.7|321.9
7148,467.9|537.95
7149,449.85|498.95
7150,257.25|379.8
7151,411.1|473.85
7152,335.65|290.5
7153,240.75|553.15
7154,330.7|336.6
7155,577.05|374.85
7156,527.5|500.5
7157,264.3|570.05
7158,348.35|235.65
7159,210.3|311.7
7160,208.55|502.9
7161,453.0|307.95
7162,391.85|350.55
7163,462.25|357.15
7164,338.15|581.4
7165,223.75|383.6
7166,529.75|454.55
7167,342.9|239.4
7168,552.05|504.5
7169,430.85|456.75
7170,419.15|220.8
7171,273.25|261.6
7172,340.35|323.35
7173,350.8|243.25
7174,444.65|251.25
7175,546.65|518.5
7176,350.95|421.9
7177,522.45|451.65
7178,252.25|307.85
7179,363.3|591.0
7180,512.0|510.65
7181,465.45|336.75
7182,275.7|368.45
7183,261.5|549.3
7184,377.45|281.95
7185,402.55|535.1
7186,568.9|357.55
7187,454.0|335.5
7188,231.0|398.65
7189,330.85|573.45
7190,430.7|345.9
7191,348.7|513.85
7192,211.7|364.9
7193,351.45|563.25
7194,412.4|503.4
7195,467.7|384.95
7196,287.35|537.2
7197,394.7|218.75
7198,383.75|475.75
7199,216.55|498.3
7200,580.25|488.25
7201,333.1|325.9
7202,232.7|293.4
7203,427.5|222.4
7204,569.9|395.75
7205,224.15|257.05
7206,332.35|316.4
7207,214.25|396.1
7208,293.25|322.5
7209,262.7|289.2
7210,594.0|497.2
7211,478.95|219.35
7212,340.3|338.85
7213,530.8|473.2
7214,453.35|551.5
7215,383.65|493.15
7216,537.35|462.45
7217,352.45|317.9
7218,226.9|306.4
7219,247.8|223.6
7220,274.3|251.8
7221,582.8|230.55
7222,587.7|376.35
7223,221.0|480.45
7224,271.05|333.6
7225,555.15|501.1
7226,327.5|301.45
7227,386.95|474.45
7228,574.4|537.55
7229,507.2|481.3
7230,286.75|584.6
7231,462.8|225.95
7232,296.2|339.2
7233,286.9|274.45
7234,392.45|476.8
7235,512.9|451.9
7236,255.35|584.9
7237,348.4|337.45
7238,285.0|543.75
7239,210.15|285.8
7240,461.15|441.0
7241,243.5|428.85
7242,424.35|323.85
7243,286.9|330.6
7244,294.45|316.75
7245,251.0|211.65
7246,415.4|590.65
7247,532.05|561.6
7248,220.65|580.1
7249,412.15|574.05
7250,539.3|306.75
7251,302.95|334.6
7252,513.05|464.3
7253,461.7|513.15
7254,567.0|230.75
7255,515.05|518.8
7256,568.8|304.55
7257,417.2|586.5
7258,208.25|462.15
7259,468.55|319.3
7260,390.75|482.5
7261,445.85|329.05
7262,224.0|583.1
7263,433.1|454.75
7264,209.3|479.0
7265,273.0|324.4
7266,355.25|323.3
7267,592.15|362.3
7268,227.55|563.95
7269,548.85|478.6
7270,213.05|286.7
7271,371.05|396.2
7272,268.75|219.85
7273,551.35|445.6
7274,390.1|257.05
7275,591.3|360.15
7276,368.6|510.45
7277,472.8|345.4
7278,265.8|560.35
7279,557.8|265.35
7280,566.45|313.4
7281,436.5|390.85
7282,360.5|262.25
7283,412.3|280.25
7284,527.9|337.4
7285,413.0|577.0
7286,342.0|533.9
7287,213.9|253.85
7288,574.55|435.4
7289,353.45|332.2
7290,284.65|337.45
7291,403.2|503.1
7292,466.6|279.4
7293,459.55|212.85
7294,232.2|364.55
7295,571.85|281.7
7296,408.9|554.6
7297,569.8|575.0
7298,573.25|299.8
7299,491.35|476.85
7300,529.95|347.8
7301,263.6|279.25
7302,556.8|588.85
7303,286.75|298.9
7304,219.1|583.95
7305,446.0|262.6
7306,261.75|447.05
7307,406.9|520.1
7308,322.9|338.05
7309,346.9|220.55
7310,379.0|254.95
7311,482.7|313.85
7312,474.25|490.6
7313,274.9|390.0
7314,585.75|561.8
7315,239.75|483.5
7316,339.85|268.7
7317,420.0|320.95
7318,265.9|460.85
7319,211.9|481.4
7320,264.65|299.55
7321,242.95|394.05
7322,399.85|329.85
7323,274.2|530.9
7324,584.4|401.35
7325,448.6|587.8
7326,444.65|294.35
7327,526.0|487.65
7328,304.15|532.95
7329,400.85|351.15
7330,530.7|575.4
7331,228.25|485.15
7332,355.75|213.5
7333,286.8|555.6
7334,429.35|460.3
7335,248.3|478.95
7336,483.85|410.5
7337,258.1|400.6
7338,532.35|453.25
7339,348.85|506.8
7340,478.55|318.5
7341,538.3|269.15
7342,407.45|508.25
7343,235.0|510.15
7344,409.5|218.6
7345,237.9|324.05
7346,560.75|300.65
7347,236.45|227.2
7348,407.3|508.45
7349,246.2|555.45
7350,221.75|227.8
7351,443.1|396.8
7352,236.3|303.45
7353,262.5|207.55
7354,558.5|473.6
7355,547.1|487.4
7356,232.1|372.75
7357,376.15|591.3
7358,534.85|574.3
7359,261.5|231.0
7360,400.7|493.6
7361,490.6|471.55
7362,430.75|314.85
7363,237.1|568.55
7364,325.8|537.35
7365,485.3|507.6
7366,437.1|473.6
7367,584.0|365.6
7368,262.6|437.35
7369,514.5|429.15
7370,219.55|581.95
7371,275.0|307.4
7372,410.3|312.8
7373,511.95|451.8
7374,385.2|486.85
7375,289.15|364.75
7376,363.15|432.45
7377,324.9|498.0
7378,301.65|379.3
7379,219.5|403.5
7380,450.15|582.35
7381,571.5|444.1
7382,567.9|225.9
7383,264.8|438.95
7384,247.35|226.35
7385,234.35|301.35
7386,282.5|441.4
7387,425.2|305.55
7388,401.85|270.05
7389,473.45|357.65
7390,372.05|214.85
7391,455.5|431.3
7392,211.7|325.25
7393,346.15|343.9
7394,219.0|581.7
7395,475.25|480.25
7396,231.3|280.15
7397,347.55|350.3
7398,276.25|281.85
7399,592.15|365.5
7400,390.25|353.8
7401,230.35|211.0
7402,441.75|219.85
7403,551.35|230.25
7404,365.8|587.4
7405,236.6|250.65
7406,470.0|219.75
7407,447.25|573.0
7408,465.75|505.05
7409,273.25|335.2
7410,409.25|444.5
7411,484.9|490.0
7412,235.2|419.15
7413,448.1|373.95
7414,242.35|410.2
7415,583.3|432.7
7416,264.1|275.15
7417,420.2|309.6
7418,399.6|340.75
7419,441.5|562.55
7420,395.6|332.55
7421,432.9|559.6
7422,205.9|520.45
7423,470.4|459.6
7424,574.1|496.7
7425,397.15|377.9
7426,218.0|515.05
7427,389.35|324.2
7428,518.8|357.9
7429,339.95|442.2
7430,401.9|434.85
7431,351.2|214.0
7432,482.25|545.5
7433,269.7|275.4
7434,493.35|490.35
7435,243.6|392.5
7436,377.95|231.6
7437,253.05|583.85
7438,579.95|589.0
7439,467.2|338.6
7440,476.05|228.6
7441,484.4|278.25
7442,253.95|276.0
7443,343.65|377.0
7444,443.7|505.8
7445,222.55|584.5
7446,360.35|215.25
7447,207.55|580.75
7448,356.65|338.0
7449,465.65|272.4
7450,459.6|402.65
7451,452.0|230.45
7452,225.45|335.15
7453,584.4|469.8
7454,355.9|572.7
7455,458.45|283.6
7456,247.95|366.65
7457,225.05|472.75
7458,593.0|394.65
7459,471.15|466.25
7460,560.4|227.75
7461,210.85|463.0
7462,278.0|406.45
7463,276.05|491.45
7464,527.0|497.65
7465,234.75|395.15
7466,376.4|577.8
7467,440.85|592.8
7468,442.05|533.7
7469,360.65|281.15
7470,415.25|262.0
7471,214.95|493.45
7472,547.35|263.2
7473,559.25|233.05
7474,222.05|587.25
7475,372.55|346.2
7476,370.1|473.7
7477,258.5|404.35
7478,484.2|321.4
7479,413.75|302.85
7480,531.95|520.05
7481,264.1|282.55
7482,418.15|218.1
7483,383.35|478.05
7484,217.2|291.55
7485,417.75|395.35
7486,342.6|496.25
7487,517.55|450.15
7488,526.55|489.95
7489,361.8|270.75
7490,577.7|529.85
7491,584.65|252.95
7492,293.4|583.25
7493,253.45|211.65
7494,291.7|338.3
7495,287.95|564.0
7496,466.3|350.55
7497,587.75|414.75
7498,318.6|362.0
7499,280.55|434.6
7500,415.6|261.0
7501,551.05|558.5
7502,212.55|247.35
7503,437.2|306.45
7504,275.6|544.15
7505,291.8|320.75
7506,368.45|437.75
7507,404.8|410.4
7508,224.9|448.1
7509,476.7|486.2
7510,471.95|368.8
7511,581.4|240.9
7512,263.9|281.75
7513,378.3|359.95
7514,431.05|555.85
7515,339.25|526.15
7516,536.5|540.25
7517,364.85|581.5
7518,449.3|238.1
7519,574.7|416.95
7520,215.05|584.45
7521,564.1|491.85
7522,530.4|436.05
7523,495.35|470.0
7524,242.6|274.95
7525,398.15|515.1
7526,326.35|351.35
7527,594.45|578.35
7528,400.45|224.2
7529,243.1|231.2
7530,336.2|349.85
7531,382.75|314.2
7532,250.55|279.75
7533,259.35|478.85
7534,292.05|550.0
7535,241.05|417.95
7536,370.35|262.85
7537,209.7|238.75
7538,344.7|305.0
7539,377.75|484.35
7540,568.3|436.2
7541,360.15|488.55
7542,208.9|253.0
7543,426.6|434.65
7544,462.9|402.3
7545,275.15|427.5
7546,334.55|414.7
7547,221.2|441.05
7548,271.8|295.0
7549,228.75|270.95
7550,357.9|506.15
7551,377.6|499.95
7552,432.25|421.2
7553,565.2|261.1
7554,361.8|281.6
7555,575.3|513.0
7556,239.25|239.9
7557,261.95|538.25
7558,494.75|489.1
7559,300.45|334.45
7560,452.1|587.4
7561,401.05|271.95
7562,270.95|423.25
7563,543.4|509.85
7564,531.5|504.45
7565,396.05|244.75
7566,337.15|342.05
7567,425.4|294.5
7568,363.1|268.2
7569,210.3|575.7
7570,445.0|306.65
7571,223.0|433.4
7572,248.7|509.5
7573,539.6|543.85
7574,271.9|365.65
7575,414.75|321.55
7576,489.4|352.45
7577,558.1|277.15
7578,261.6|444.25
7579,423.4|470.35
7580,566.6|530.6
7581,435.85|478.4
7582,446.25|589.15
7583,269.55|318.8
7584,337.35|262.8
7585,406.5|365.35
7586,425.65|498.55
7587,355.1|269.2
7588,476.5|331.45
7589,593.45|400.05
7590,581.25|349.25
7591,366.6|376.25
7592,265.0|408.0
7593,531.85|438.25
7594,428.8|215.9
7595,217.2|346.7
7596,491.9|460.15
7597,215.9|469.0
7598,411.3|594.75
7599,556.1|239.85
7600,351.35|330.8
7601,278.1|368.55
7602,404.85|338.05
7603,211.1|301.65
7604,215.8|473.4
7605,204.25|240.1
7606,411.15|594.25
7607,412.65|359.4
7608,370.15|467.2
7609,478.1|414.0
7610,412.5|351.75
7611,204.75|495.35
7612,220.45|376.05
7613,266.6|343.55
7614,472.5|227.6
7615,379.45|491.1
7616,286.6|266.0
7617,585.35|402.7
7618,530.0|447.65
7619,342.8|345.25
7620,291.55|502.3
7621,420.8|249.35
7622,530.6|534.95
7623,234.7|258.7
7624,431.05|560.15
7625,326.05|496.9
7626,576.0|516.35
7627,473.7|320.35
7628,586.65|489.55
7629,223.35|469.5
7630,432.5|539.2
7631,287.65|432.6
7632,279.9|242.35
7633,357.4|288.8
7634,448.35|270.65
7635,420.75|394.75
7636,465.8|530.85
7637,552.05|322.5
7638,562.0|465.8
7639,285.9|433.3
7640,378.45|276.8
7641,285.4|309.15
7642,236.8|347.45
7643,503.8|292.1
7644,577.75|334.45
7645,573.05|514.7
7646,227.05|225.6
7647,535.1|350.2
7648,434.25|343.25
7649,563.7|232.5
7650,277.8|442.0
7651,387.2|519.8
7652,235.8|463.75
7653,403.25|321.95
7654,329.05|422.6
7655,377.65|454.7
7656,514.15|475.45
7657,288.75|527.65
7658,386.2|542.65
7659,577.35|293.25
7660,456.5|214.6
7661,576.05|228.45
7662,319.9|586.8
7663,459.05|493.0
7664,542.0|265.4
7665,575.7|213.9
7666,388.25|590.25
7667,255.35|556.85
7668,456.15|354.2
7669,212.55|250.6
7670,216.8|275.55
7671,491.05|275.9
7672,265.35|443.95
7673,590.15|377.55
7674,409.8|591.85
7675,376.5|286.9
7676,213.8|392.6
7677,569.75|324.15
7678,246.3|213.85
7679,413.3|268.2
7680,432.0|443.2
7681,419.6|359.85
7682,237.45|238.7
7683,340.15|351.25
7684,392.2|497.2
7685,560.0|532.55
7686,234.65|259.65
7687,574.7|580.7
7688,441.95|283.8
7689,454.95|503.95
7690,437.05|481.2
7691,463.8|260.45
7692,408.8|465.25
7693,445.15|441.45
7694,222.1|462.2
7695,344.25|370.3
7696,278.0|429.2
7697,282.25|450.4
7698,560.2|302.3
7699,467.4|272.5
7700,582.65|466.25
7701,331.65|336.45
7702,582.35|371.1
7703,470.7|524.25
7704,437.1|379.9
7705,370.1|582.55
7706,311.75|507.0
7707,221.45|582.85
7708,472.0|255.55
7709,275.4|553.35
7710,358.15|273.55
7711,546.85|488.35
7712,336.5|218.05
7713,586.75|427.25
7714,215.9|304.7
7715,375.05|244.85
7716,235.7|318.9
7717,570.6|214.45
7718,473.1|337.9
7719,410.55|511.9
7720,412.75|271.5
7721,478.8|468.65
7722,222.0|513.85
7723,393.45|274.65
7724,301.7|371.6
7725,530.95|432.45
7726,544.05|215.4
7727,384.95|581.55
7728,344.25|565.0
7729,536.85|328.2
7730,372.9|281.2
7731,281.0|347.7
7732,532.95|424.15
7733,239.35|321.85
7734,440.75|563.35
7735,590.95|593.6
7736,375.85|503.4
7737,360.7|579.05
7738,376.5|399.7
7739,397.6|460.15
7740,375.25|444.55
7741,420.65|375.3
7742,329.3|412.55
7743,376.2|578.8
7744,541.75|440.3
7745,412.65|240.6
7746,335.95|396.7
7747,563.2|313.15
7748,210.45|489.1
7749,233.75|576.3
7750,349.3|586.75
7751,226.6|403.15
7752,371.9|537.1
7753,415.45|376.85
7754,431.7|519.25
7755,277.1|283.3
7756,545.85|591.25
7757,572.4|216.55
7758,375.35|273.85
7759,584.0|319.3
7760,370.0|321.95
7761,490.4|495.6
7762,466.75|380.85
7763,256.0|342.0
7764,551.15|263.5
7765,278.45|533.65
7766,452.35|397.1
7767,350.45|328.95
7768,371.45|276.9
7769,479.6|261.35
7770,541.9|537.65
7771,321.75|336.45
7772,394.65|572.55
7773,439.4|493.6
7774,248.35|405.75
7775,273.4|228.7
7776,589.7|422.6
7777,572.8|315.0
7778,265.2|295.1
7779,464.15|478.05
7780,349.4|525.1
7781,447.15|525.65
7782,401.3|571.0
7783,254.2|286.65
7784,549.2|302.3
7785,378.1|448.85
7786,242.85|277.35
7787,255.2|578.5
7788,560.95|221.75
7789,283.0|357.75
7790,343.05|327.85
7791,341.95|347.75
7792,246.7|371.3
7793,477.15|273.7
7794,416.3|390.0
7795,412.95|435.65
7796,483.55|586.8
7797,438.4|235.4
7798,577.75|383.45
7799,442.2|361.0
7800,444.3|475.6
7801,401.25|574.35
7802,288.0|391.9
7803,233.3|395.35
7804,341.9|423.1
7805,295.65|359.55
7806,251.75|349.25
7807,475.9|341.5
7808,218.95|342.95
7809,575.15|538.0
7810,537.3|509.25
7811,578.5|357.25
7812,270.0|588.15
7813,221.5|474.4
7814,525.6|452.5
7815,280.3|360.3
7816,368.45|269.0
7817,225.55|396.45
7818,458.85|329.95
7819,249.35|398.95
7820,458.95|472.15
7821,263.7|495.8
7822,277.9|293.35
7823,395.85|555.2
7824,546.25|352.75
7825,406.4|536.75
7826,250.3|556.2
7827,480.15|512.75
7828,215.45|402.9
7829,349.65|569.4
7830,221.1|430.1
7831,369.8|298.05
7832,366.85|351.3
7833,460.9|555.1
7834,258.35|584.95
7835,580.8|443.15
7836,273.6|228.15
7837,475.7|293.3
7838,384.45|328.2
7839,208.5|588.15
7840,472.05|504.3
7841,517.1|539.75
7842,395.45|293.7
7843,524.8|351.95
7844,590.55|487.85
7845,515.7|450.9
7846,215.35|583.0
7847,479.05|466.95
7848,399.65|209.55
7849,279.65|301.5
7850,263.5|408.6
7851,523.55|279.2
7852,359.3|558.85
7853,359.7|445.65
7854,341.8|331.15
7855,445.25|321.4
7856,425.8|452.05
7857,558.4|224.95
7858,579.8|523.65
7859,336.7|356.15
7860,402.95|348.5
7861,265.05|518.85
7862,224.3|531.9
7863,403.7|585.45
7864,214.05|517.3
7865,262.55|304.25
7866,302.3|499.8
7867,247.45|410.6
7868,232.8|436.25
7869,407.6|299.2
7870,585.9|563.3
7871,475.15|334.5
7872,236.25|300.35
7873,412.2|535.5
7874,588.8|448.8
7875,347.8|406.25
7876,514.35|465.45
7877,526.0|474.15
7878,373.4|345.1
7879,585.9|560.05
7880,368.65|284.35
7881,367.3|460.45
7882,219.7|380.65
7883,231.8|542.05
7884,218.45|578.0
7885,570.7|581.7
7886,587.2|585.45
7887,317.1|334.45
7888,447.15|586.05
7889,485.3|339.65
7890,445.4|459.2
7891,391.35|492.45
7892,216.2|302.15
7893,433.35|585.2
7894,298.3|381.15
7895,435.1|590.2
7896,382.95|491.45
7897,253.25|550.85
7898,233.7|404.4
7899,357.15|249.75
7900,579.65|323.1
7901,227.55|523.15
7902,259.7|395.35
7903,218.45|213.6
7904,586.35|220.95
7905,275.85|431.6
7906,320.05|433.35
7907,409.3|535.55
7908,357.6|238.0
7909,408.15|335.6
7910,254.95|283.45
7911,441.6|448.15
7912,542.5|551.95
7913,304.15|370.35
7914,214.95|249.65
7915,398.4|451.45
7916,590.75|270.75
7917,515.25|407.95
7918,455.95|589.15
7919,341.6|325.65
7920,461.4|425.95
7921,262.4|375.0
7922,204.0|501.8
7923,557.55|541.25
7924,386.55|324.0
7925,346.6|521.8
7926,225.3|307.05
7927,274.0|571.6
7928,455.75|346.7
7929,423.15|580.6
7930,283.05|453.1
7931,391.9|354.3
7932,353.9|428.4
7933,256.7|266.3
7934,587.25|282.05
7935,435.25|248.35
7936,267.7|552.75
7937,448.65|387.8
7938,352.3|352.6
7939,573.0|552.15
7940,434.0|336.0
7941,545.9|333.35
7942,537.5|543.4
7943,263.5|331.6
7944,390.35|484.45
7945,468.2|353.15
7946,566.55|436.4
7947,253.15|488.4
7948,575.5|335.4
7949,365.0|215.05
7950,469.5|218.65
7951,461.5|214.6
7952,395.1|287.4
7953,234.7|435.75
7954,275.05|545.4
7955,410.55|360.35
7956,508.25|392.25
7957,586.75|405.95
7958,421.65|523.55
7959,542.55|397.35
7960,461.7|485.7
7961,238.75|573.85
7962,433.75|567.55
7963,565.65|283.65
7964,274.0|369.05
7965,580.4|408.7
7966,224.5|258.0
7967,390.7|295.55
7968,564.7|317.0
7969,563.15|497.5
7970,313.5|314.5
7971,284.7|402.1
7972,554.35|254.45
7973,593.95|581.1
7974,235.0|221.5
7975,229.5|321.25
7976,449.55|588.05
7977,589.3|470.1
7978,381.05|479.9
7979,394.05|286.65
7980,237.5|259.75
7981,407.55|549.75
7982,550.8|573.75
7983,535.35|542.5
7984,436.9|401.4
7985,569.25|554.8
7986,540.15|267.7
7987,339.95|343.3
7988,578.35|255.45
7989,447.3|418.1
7990,370.15|456.9
7991,285.7|534.4
7992,541.2|306.15
7993,382.3|207.45
7994,377.7|552.05
7995,545.45|545.95
7996,487.45|211.3
7997,272.8|532.2
7998,399.3|321.4
7999,462.2|514.25
8000,237.7|426.95
8001,229.1|241.8
8002,435.75|398.35
8003,279.95|586.9
8004,275.1|534.3
8005,390.95|451.05
8006,351.15|524.3
8007,560.65|405.65
8008,542.25|335.65
8009,250.65|421.8
8010,512.05|468.35
8011,341.5|560.65
8012,417.35|527.95
8013,361.75|506.2
8014,268.1|417.65
8015,326.45|231.4
8016,455.6|411.7
8017,442.85|316.85
8018,592.15|362.6
8019,406.5|549.8
8020,263.25|331.2
8021,469.65|490.9
8022,468.9|211.8
8023,380.3|577.35
8024,282.65|357.35
8025,220.7|425.0
8026,458.15|427.25
8027,455.3|435.35
8028,292.35|426.4
8029,437.2|500.2
8030,349.75|440.95
8031,338.85|328.8
8032,571.15|488.95
8033,380.45|482.55
8034,414.7|577.0
8035,213.75|402.9
8036,530.9|548.9
8037,422.45|389.4
8038,366.25|341.85
8039,393.8|305.65
8040,489.7|513.8
8041,464.8|281.7
8042,255.1|384.15
8043,235.8|223.45
8044,473.05|511.25
8045,282.9|438.2
8046,466.85|381.3
8047,418.55|220.75
8048,409.0|570.45
8049,449.95|528.2
8050,450.55|235.15
8051,438.3|452.8
8052,218.4|227.4
8053,324.35|579.55
8054,274.1|565.2
8055,258.95|420.15
8056,591.05|409.95
8057,358.45|580.65
8058,238.35|290.8
8059,590.15|559.65
8060,272.65|549.65
8061,212.2|484.2
8062,357.6|576.8
8063,590.45|518.25
8064,561.85|406.45
8065,466.45|228.3
8066,430.3|499.15
8067,282.65|316.8
8068,536.5|503.9
8069,310.65|463.65
8070,258.05|281.35
8071,222.95|492.7
8072,528.65|485.6
8073,467.75|263.65
8074,566.0|371.6
8075,550.4|247.75
8076,232.8|584.55
8077,576.95|281.35
8078,435.0|300.3
8079,524.05|584.8
8080,568.95|442.1
8081,293.35|480.1
8082,419.05|211.3
8083,579.35|459.1
8084,472.4|462.1
8085,292.6|368.65
8086,469.0|364.25
8087,279.75|493.75
8088,463.5|568.5
8089,262.45|292.25
8090,235.55|401.45
8091,355.55|207.2
8092,467.35|449.65
8093,218.2|414.45
8094,388.6|475.6
8095,456.2|491.2
8096,400.85|574.4
8097,543.45|506.75
8098,292.95|366.8
8099,584.25|570.95
8100,591.75|484.75
8101,291.35|404.25
8102,408.65|371.7
8103,409.35|309.9
8104,404.65|388.1
8105,578.8|439.15
8106,566.3|487.2
8107,341.2|252.55
8108,392.65|405.95
8109,440.9|559.7
8110,263.2|554.7
8111,523.9|371.8
8112,215.7|208.75
8113,444.5|407.05
8114,580.4|562.0
8115,362.4|240.3
8116,408.2|526.7
8117,221.2|314.65
8118,393.8|365.9
8119,402.7|417.6
8120,333.8|576.2
8121,344.65|252.5
8122,392.7|248.3
8123,533.85|531.1
8124,375.75|584.1
8125,464.2|325.25
8126,583.05|380.75
8127,289.5|347.9
8128,253.25|498.65
8129,247.9|462.7
8130,587.3|419.65
8131,453.7|421.3
8132,220.75|213.8
8133,434.6|494.7
8134,221.35|403.15
8135,586.45|510.3
8136,392.0|489.3
8137,231.05|267.75
8138,359.85|570.35
8139,552.75|281.4
8140,457.8|250.35
8141,237.15|295.15
8142,539.3|436.7
8143,406.1|338.55
8144,574.95|222.2
8145,408.3|335.15
8146,386.2|497.6
8147,594.8|571.1
8148,290.65|337.2
8149,583.25|456.5
8150,477.35|265.55
8151,574.35|485.4
8152,410.65|360.6
8153,512.25|526.25
8154,522.05|307.65
8155,243.05|503.3
8156,343.55|437.95
8157,381.4|502.25
8158,455.9|311.3
8159,268.25|554.35
8160,575.6|557.2
8161,366.1|256.15
8162,485.7|278.4
8163,286.95|404.95
8164,514.65|511.25
8165,576.8|295.65
8166,574.15|505.45
8167,571.25|444.55
8168,394.35|591.6
8169,405.65|520.25
8170,544.8|530.0
8171,342.35|340.4
8172,580.05|564.75
8173,267.75|570.65
8174,488.35|221.05
8175,224.1|489.5
8176,372.3|231.2
8177,414.0|393.65
8178,400.85|449.05
8179,348.85|318.7
8180,528.5|546.9
8181,382.55|204.4
8182,403.2|394.95
8183,247.8|241.0
8184,254.1|552.65
8185,537.7|256.7
8186,440.8|406.6
8187,521.1|405.5
8188,211.15|333.35
8189,472.3|511.6
8190,460.8|558.15
8191,435.05|491.45
8192,401.1|532.9
8193,535.75|469.55
8194,472.35|383.1
8195,388.85|486.65
8196,214.95|307.0
8197,442.2|472.0
8198,556.35|263.15
8199,233.1|303.65
8200,460.95|589.25
8201,278.8|368.6
8202,451.9|593.4
8203,391.55|344.6
8204,584.45|348.05
8205,477.85|337.85
8206,538.05|523.35
8207,274.5|519.85
8208,530.1|346.45
8209,404.55|299.7
8210,236.7|579.0
8211,578.6|446.1
8212,404.55|577.15
8213,229.15|271.85
8214,230.45|234.6
8215,284.3|373.3
8216,565.9|442.3
8217,524.1|457.6
8218,248.5|272.9
8219,544.95|337.9
8220,218.9|472.45
8221,452.05|528.9
8222,432.3|316.3
8223,577.95|570.7
8224,558.55|229.35
8225,408.6|497.9
8226,377.0|266.75
8227,233.75|450.75
8228,287.05|304.55
8229,453.8|305.55
8230,478.75|348.6
8231,467.9|443.2
8232,356.45|303.4
8233,418.95|223.65
8234,377.3|375.75
8235,269.75|252.3
8236,586.35|215.9
8237,216.0|581.85
8238,557.45|232.5
8239,242.1|446.55
8240,509.6|225.3
8241,583.1|561.05
8242,276.6|533.95
8243,400.2|218.0
8244,527.35|545.7
8245,451.15|542.55
8246,410.5|563.95
8247,423.65|593.1
8248,430.5|582.15
8249,292.35|307.25
8250,368.9|276.85
8251,428.8|482.9
8252,560.85|462.3
8253,397.65|287.7
8254,575.4|442.85
8255,208.45|573.8
8256,226.55|266.0
8257,206.25|515.25
8258,536.0|559.25
8259,276.3|246.95
8260,268.25|435.85
8261,251.55|577.75
8262,264.0|359.85
8263,427.75|498.1
8264,416.15|361.5
8265,230.2|580.0
8266,442.2|478.0
8267,580.0|523.35
8268,539.25|587.15
8269,532.4|587.2
8270,533.9|565.3
8271,528.0|456.55
8272,212.85|308.35
8273,424.0|224.85
8274,340.85|320.35
8275,311.25|321.6
8276,374.8|486.6
8277,340.8|318.7
8278,579.45|403.75
8279,538.35|552.8
8280,592.4|503.55
8281,557.35|592.85
8282,395.5|572.35
8283,400.2|467.25
8284,268.7|240.35
8285,326.75|559.3
8286,441.25|489.2
8287,594.25|413.5
8288,267.5|262.95
8289,523.75|291.2
8290,224.4|578.95
8291,220.05|210.45
8292,255.95|261.05
8293,284.05|348.65
8294,571.2|537.5
8295,568.2|213.3
8296,517.6|479.85
8297,271.85|455.4
8298,345.85|409.55
8299,322.45|330.25
8300,360.15|264.85
8301,571.5|223.35
8302,535.15|326.95
8303,283.65|357.6
8304,229.2|238.65
8305,279.65|413.65
8306,282.45|234.55
8307,558.65|253.75
8308,366.65|284.15
8309,231.45|342.45
8310,214.7|284.6
8311,349.85|396.95
8312,539.1|507.45
8313,437.95|511.75
8314,535.1|524.05
8315,546.1|255.6
8316,356.6|236.65
8317,291.1|332.85
8318,370.2|388.3
8319,359.55|408.25
8320,434.85|498.75
8321,348.25|258.1
8322,445.5|229.55
8323,448.7|300.9
8324,419.5|485.5
8325,417.95|503.3
8326,248.2|497.55
8327,537.15|523.1
8328,235.75|264.7
8329,237.95|431.45
8330,381.8|282.1
8331,591.25|356.55
8332,249.0|456.25
8333,242.65|403.8
8334,534.75|451.6
8335,263.15|589.3
8336,288.2|590.6
8337,457.75|303.35
8338,353.35|382.9
8339,270.55|278.8
8340,430.3|566.7
8341,343.2|394.7
8342,581.0|531.65
8343,580.3|425.3
8344,558.65|234.9
8345,416.35|267.0
8346,584.5|243.95
8347,557.85|516.75
8348,380.6|316.25
8349,259.55|584.3
8350,553.25|441.1
8351,355.15|362.1
8352,486.85|215.9
8353,551.05|238.15
8354,475.0|475.05
8355,281.3|426.35
8356,466.9|404.0
8357,284.05|331.5
8358,392.6|218.35
8359,429.55|232.55
8360,557.45|460.45
8361,407.55|374.0
8362,357.5|477.75
8363,430.1|446.4
8364,330.7|407.65
8365,552.4|348.3
8366,261.8|252.65
8367,542.5|385.8
8368,215.4|372.05
8369,518.9|328.55
8370,338.75|400.15
8371,332.2|576.5
8372,438.95|558.15
8373,305.5|546.7
8374,458.95|440.5
8375,444.5|542.9
8376,245.6|320.1
8377,474.25|321.0
8378,556.45|316.2
8379,338.1|239.25
8380,548.4|283.75
8381,270.55|536.85
8382,406.8|570.05
8383,438.25|388.2
8384,386.45|207.85
8385,217.0|229.5
8386,568.7|574.75
8387,506.5|320.7
8388,215.8|235.35
8389,336.5|592.3
8390,232.85|245.1
8391,454.65|457.65
8392,569.95|221.05
8393,399.7|211.45
8394,230.8|359.45
8395,568.2|406.9
8396,431.95|397.15
8397,220.7|304.7
8398,282.65|459.1
8399,255.2|356.4
8400,483.25|348.2
8401,260.45|434.55
8402,212.2|294.0
8403,240.35|366.65
8404,569.0|309.95
8405,455.85|407.3
8406,397.4|586.9
8407,514.2|506.1
8408,480.75|361.7
8409,296.85|456.45
8410,265.05|277.9
8411,245.25|447.95
8412,373.0|578.9
8413,231.5|494.3
8414,539.05|463.65
8415,279.9|584.75
8416,346.25|435.75
8417,407.6|209.45
8418,419.85|492.65
8419,233.9|261.3
8420,255.8|229.2
8421,222.4|316.15
8422,430.4|568.9
8423,406.95|365.85
8424,575.7|299.55
8425,589.45|351.9
8426,509.6|341.55
8427,467.95|463.9
8428,297.4|525.55
8429,397.8|265.8
8430,591.75|230.45
8431,206.55|546.85
8432,216.65|483.5
8433,565.35|251.5
8434,303.05|365.9
8435,211.8|298.65
8436,244.0|469.75
8437,470.8|344.55
8438,349.85|217.65
8439,588.1|293.75
8440,556.5|229.1
8441,341.8|290.0
8442,259.85|293.35
8443,291.25|437.0
8444,394.25|507.8
8445,471.4|450.45
8446,274.6|247.8
8447,273.15|285.15
8448,338.7|294.7
8449,291.65|365.0
8450,359.25|565.3
8451,583.95|338.35
8452,205.7|509.95
8453,467.45|312.6
8454,212.35|318.9
8455,236.7|532.25
8456,238.25|543.85
8457,305.2|432.05
8458,572.15|340.7
8459,393.5|557.9
8460,390.9|495.55
8461,289.85|307.9
8462,524.85|551.15
8463,371.75|451.15
8464,227.35|543.6
8465,268.5|393.7
8466,346.55|339.25
8467,490.6|439.35
8468,411.45|225.6
8469,443.05|591.2
8470,419.6|255.05
8471,361.05|366.15
8472,229.9|274.95
8473,365.8|357.3
8474,558.3|220.6
8475,227.85|413.1
8476,234.75|230.75
8477,232.55|419.45
8478,549.8|577.6
8479,468.1|498.8
8480,364.4|288.45
8481,348.1|323.8
8482,421.85|251.35
8483,450.9|463.7
8484,216.65|312.65
8485,490.45|502.55
8486,359.35|353.35
8487,345.65|424.35
8488,348.0|525.2
8489,391.3|535.5
8490,400.5|343.05
8491,548.35|478.7
8492,441.9|583.85
8493,215.0|239.5
8494,588.5|551.55
8495,579.85|300.8
8496,381.75|561.4
8497,272.9|514.6
8498,234.15|326.45
8499,525.65|411.8
8500,311.25|393.9
8501,350.25|538.65
8502,269.2|587.4
8503,551.05|315.6
8504,390.3|590.35
8505,294.3|345.55
8506,466.3|230.1
8507,510.6|348.35
8508,279.95|441.8
8509,354.05|386.95
8510,505.3|282.75
8511,265.8|240.7
8512,350.15|316.85
8513,416.0|529.9
8514,388.25|262.8
8515,587.2|579.3
8516,290.25|402.05
8517,463.1|498.3
8518,463.4|515.25
8519,212.95|584.6
8520,572.6|441.15
8521,384.15|205.05
8522,392.55|559.55
8523,340.45|442.35
8524,340.8|258.5
8525,342.05|404.65
8526,578.7|324.6
8527,296.4|398.45
8528,208.75|262.8
8529,355.15|298.95
8530,460.65|248.25
8531,288.8|535.45
8532,215.3|475.6
8533,346.3|342.55
8534,368.05|378.7
8535,249.15|229.45
8536,278.1|272.3
8537,551.85|299.55
8538,423.35|489.05
8539,435.55|403.3
8540,279.65|245.55
8541,380.9|423.1
8542,452.5|305.9
8543,370.5|299.5
8544,410.35|328.9
8545,367.6|370.45
8546,277.15|442.1
8547,280.15|571.85
8548,208.95|522.85
8549,452.55|589.4
8550,354.65|459.35
8551,339.2|422.4
8552,512.8|390.35
8553,335.8|421.5
8554,517.3|341.7
8555,573.75|571.0
8556,345.55|388.85
8557,344.65|516.6
8558,486.65|220.65
8559,338.5|436.6
8560,227.6|440.1
8561,556.6|452.05
8562,446.55|463.7
8563,278.8|477.65
8564,584.4|340.05
8565,577.25|220.8
8566,215.3|500.1
8567,395.25|440.25
8568,573.0|242.0
8569,580.7|519.6
8570,346.05|333.45
8571,261.35|479.3
8572,356.4|386.15
8573,259.95|253.0
8574,511.05|350.05
8575,416.05|357.75
8576,426.05|570.4
8577,379.55|451.45
8578,541.25|542.65
8579,466.6|399.1
8580,537.05|263.25
8581,242.0|401.35
8582,293.35|385.55
8583,484.05|228.0
8584,593.1|401.8
8585,465.6|304.1
8586,575.8|430.45
8587,570.2|364.25
8588,373.85|513.4
8589,293.25|341.5
8590,242.9|591.45
8591,414.5|347.95
8592,480.7|369.3
8593,553.85|358.4
8594,526.5|567.2
8595,240.5|230.7
8596,515.3|572.0
8597,282.95|557.8
8598,448.25|433.9
8599,529.15|493.65
8600,543.4|274.75
8601,461.1|449.35
8602,585.5|226.45
8603,289.4|535.95
8604,464.9|243.9
8605,562.95|590.85
8606,298.35|450.35
8607,472.1|347.2
8608,570.2|364.3
8609,445.8|576.3
8610,427.05|591.3
8611,502.25|496.15
8612,592.45|569.85
8613,444.3|389.0
8614,208.25|475.8
8615,280.45|271.5
8616,567.1|262.0
8617,338.85|271.2
8618,379.15|205.7
8619,590.8|406.2
8620,251.8|515.55
8621,465.0|552.75
8622,333.7|340.5
8623,325.2|550.55
8624,410.45|489.95
8625,292.35|325.3
8626,352.0|568.15
8627,352.85|520.8
8628,288.75|369.5
8629,499.8|223.05
8630,561.5|490.1
8631,421.9|237.85
8632,482.8|320.55
8633,253.55|394.85
8634,555.65|312.05
8635,454.5|488.65
8636,337.55|413.7
8637,258.0|322.3
8638,544.7|271.4
8639,497.6|493.85
8640,245.75|355.0
8641,390.3|365.35
8642,233.2|510.55
8643,464.15|341.5
8644,369.4|577.0
8645,374.6|344.9
8646,273.1|425.75
8647,404.2|352.25
8648,382.25|299.35
8649,434.15|338.05
8650,516.35|483.3
8651,472.05|417.3
8652,421.6|487.65
8653,476.7|357.5
8654,214.75|296.85
8655,244.4|472.6
8656,454.1|574.3
8657,431.05|218.4
8658,520.15|390.75
8659,580.1|295.15
8660,324.6|403.45
8661,555.6|401.1
8662,513.7|543.55
8663,381.1|238.4
8664,585.9|517.3
8665,559.85|459.5
8666,586.2|210.35
8667,429.2|380.65
8668,363.75|588.6
8669,333.65|354.55
8670,473.45|294.1
8671,213.4|447.2
8672,357.85|224.45
8673,481.75|447.5
8674,269.55|230.4
8675,241.8|247.2
8676,444.7|540.85
8677,348.7|476.45
8678,491.15|460.55
8679,251.25|210.75
8680,364.05|554.2
8681,413.9|565.9
8682,523.2|286.6
8683,289.25|386.6
8684,405.3|450.95
8685,422.05|488.0
8686,247.35|388.6
8687,330.95|412.8
8688,210.05|479.1
8689,440.7|477.65
8690,555.2|297.1
8691,561.5|462.7
8692,581.95|549.65
8693,457.15|591.35
8694,419.25|413.45
8695,289.9|565.6
8696,454.35|256.8
8697,355.15|526.75
8698,228.85|555.45
8699,343.1|225.05
8700,253.95|220.25
8701,423.65|292.2
8702,449.2|303.65
8703,362.0|232.6
8704,247.2|495.45
8705,208.6|581.05
8706,526.95|368.05
8707,293.75|345.15
8708,249.8|453.55
8709,431.95|590.25
8710,289.35|463.4
8711,377.3|217.4
8712,525.8|458.8
8713,569.8|265.55
8714,267.2|234.75
8715,426.95|444.85
8716,528.2|340.75
8717,400.2|218.8
8718,240.2|488.45
8719,408.95|368.1
8720,357.5|260.35
8721,448.95|475.0
8722,576.15|336.5
8723,397.7|445.55
8724,490.95|501.75
8725,350.75|550.75
8726,494.5|245.75
8727,279.15|435.9
8728,455.6|588.5
8729,543.7|491.1
8730,237.65|440.25
8731,386.7|498.1
8732,467.55|300.0
8733,213.05|252.65
8734,231.3|267.35
8735,585.1|508.7
8736,406.15|336.25
8737,370.15|354.25
8738,223.0|356.7
8739,404.45|262.6
8740,238.3|301.6
8741,259.0|265.3
8742,590.45|298.8
8743,564.1|494.8
8744,283.3|539.35
8745,558.2|288.0
8746,530.8|434.25
8747,278.6|479.0
8748,294.5|437.05
8749,439.65|550.15
8750,585.6|478.5
8751,540.9|437.5
8752,560.3|241.55
8753,419.7|590.0
8754,549.75|469.4
8755,453.35|433.7
8756,239.25|403.95
8757,241.55|396.95
8758,473.1|350.55
8759,471.15|476.15
8760,587.4|216.65
8761,417.0|468.45
8762,234.7|280.35
8763,401.7|563.75
8764,384.9|223.1
8765,381.7|356.45
8766,591.95|398.0
8767,549.55|217.45
8768,234.5|590.2
8769,566.45|503.85
8770,228.05|511.75
8771,362.6|221.9
8772,553.85|424.8
8773,515.2|439.75
8774,408.2|273.45
8775,452.95|466.4
8776,359.05|364.2
8777,449.7|362.8
8778,463.95|534.3
8779,335.55|339.6
8780,436.55|389.1
8781,433.8|454.25
8782,589.15|422.4
8783,355.0|435.25
8784,280.8|318.5
8785,412.3|375.45
8786,555.75|432.65
8787,269.4|277.7
8788,301.05|413.35
8789,258.65|278.8
8790,538.7|315.4
8791,582.75|392.85
8792,432.3|460.3
8793,402.15|232.6
8794,442.55|587.0
8795,400.7|592.6
8796,435.6|342.2
8797,267.7|537.7
8798,243.4|301.8
8799,406.5|509.35
8800,213.65|330.7
8801,218.6|284.75
8802,560.95|401.0
8803,477.5|480.65
8804,220.5|207.75
8805,215.4|237.1
8806,274.55|503.1
8807,542.2|474.6
8808,260.3|459.05
8809,448.5|464.1
8810,245.45|442.8
8811,563.9|587.45
8812,289.45|352.2
8813,543.0|590.3
8814,280.9|265.6
8815,359.95|592.85
8816,422.4|343.7
8817,517.55|504.7
8818,387.65|274.35
8819,365.85|258.85
8820,406.3|332.8
8821,456.3|323.9
8822,416.6|570.25
8823,420.35|377.8
8824,317.0|456.75
8825,434.55|563.4
8826,306.1|409.85
8827,266.65|574.45
8828,248.35|265.9
8829,340.85|225.1
8830,234.0|256.0
8831,490.55|511.0
8832,227.5|395.45
8833,373.9|277.9
8834,401.45|381.85
8835,452.95|279.6
8836,541.75|298.3
8837,348.15|523.3
8838,383.5|361.2
8839,322.1|552.1
8840,453.9|469.3
8841,218.0|459.4
8842,528.5|570.15
8843,398.95|283.4
8844,573.85|219.1
8845,456.45|223.85
8846,431.8|441.25
8847,493.9|494.0
8848,549.4|266.85
8849,540.0|329.4
8850,484.6|510.55
8851,337.35|207.1
8852,580.9|411.0
8853,291.2|468.9
8854,589.75|434.4
8855,211.35|437.3
8856,585.25|294.15
8857,349.6|356.7
8858,429.25|520.7
8859,263.8|208.95
8860,211.35|519.8
8861,467.65|385.95
8862,504.55|503.35
8863,409.75|295.35
8864,212.6|404.3
8865,476.85|349.2
8866,339.65|350.9
8867,583.55|346.0
8868,401.0|422.2
8869,527.1|345.0
8870,267.0|270.0
8871,300.75|395.3
8872,341.9|510.2
8873,491.95|507.8
8874,541.55|517.4
8875,340.9|322.05
8876,509.9|529.35
8877,343.2|248.45
8878,379.1|429.0
8879,375.25|212.05
8880,368.85|279.35
8881,296.3|451.85
8882,419.8|582.6
8883,279.95|549.2
8884,472.35|517.15
8885,219.3|417.7
8886,555.3|213.1
8887,583.2|481.3
8888,553.65|496.15
8889,275.3|379.25
8890,541.6|240.5
8891,494.1|483.6
8892,444.3|506.55
8893,349.5|280.85
8894,355.25|363.55
8895,398.95|585.15
8896,391.1|594.05
8897,389.3|355.7
8898,578.25|305.85
8899,374.0|492.45
8900,426.5|391.35
8901,455.2|262.8
8902,459.6|379.1
8903,524.95|482.75
8904,280.2|310.9
8905,580.85|275.4
8906,380.6|389.25
8907,384.7|486.65
8908,386.9|550.95
8909,395.3|286.5
8910,240.2|258.6
8911,281.65|491.7
8912,527.8|244.55
8913,340.5|373.1
8914,339.7|409.3
8915,443.45|261.6
8916,573.25|495.35
8917,217.55|524.7
8918,522.8|422.6
8919,595.05|404.8
8920,506.85|473.7
8921,451.7|386.65
8922,422.25|296.35
8923,475.8|347.15
8924,367.15|497.6
8925,266.4|280.9
8926,430.8|361.3
8927,348.25|337.45
8928,422.7|559.2
8929,251.85|224.0
8930,356.0|564.8
8931,406.35|500.85
8932,293.8|300.15
8933,250.1|284.1
8934,471.2|556.65
8935,413.6|568.4
8936,384.75|361.7
8937,301.65|338.65
8938,437.2|314.9
8939,439.05|574.4
8940,592.3|355.75
8941,357.2|377.8
8942,250.35|278.35
8943,540.85|268.8
8944,211.25|579.1
8945,452.5|503.7
8946,234.35|415.6
8947,372.95|215.8
8948,580.95|552.6
8949,256.15|390.35
8950,271.2|280.95
8951,509.95|459.9
8952,565.45|516.5
8953,585.9|343.0
8954,548.05|438.65
8955,433.7|307.1
8956,443.3|515.15
8957,575.85|229.2
8958,348.8|546.85
8959,447.05|234.9
8960,213.3|467.85
8961,392.4|247.65
8962,349.2|306.8
8963,356.65|404.1
8964,227.95|351.85
8965,450.55|582.3
8966,303.1|578.35
8967,279.7|382.0
8968,249.05|442.65
8969,310.15|570.55
8970,525.9|470.8
8971,354.2|435.8
8972,559.55|283.15
8973,481.5|328.3
8974,423.2|392.7
8975,252.35|418.0
8976,291.15|337.4
8977,406.3|389.15
8978,230.5|470.05
8979,449.9|376.75
8980,262.2|376.65
8981,266.35|275.35
8982,285.55|456.0
8983,436.5|326.2
8984,392.8|262.85
8985,402.25|361.75
8986,259.85|337.15
8987,285.75|347.4
8988,342.85|550.6
8989,459.7|408.55
8990,583.35|511.95
8991,218.7|500.4
8992,411.6|384.8
8993,224.6|240.75
8994,244.25|225.55
8995,564.3|583.35
8996,535.65|549.65
8997,501.05|429.25
8998,349.05|261.9
8999,569.15|402.0
9000,580.15|299.9
9001,399.2|586.4
9002,437.5|483.0
9003,347.1|289.05
9004,473.3|305.25
9005,441.45|593.3
9006,483.45|543.3
9007,466.4|268.2
9008,214.0|332.9
9009,574.45|322.85
9010,278.65|336.7
9011,587.6|461.15
9012,423.4|220.9
9013,222.55|568.95
9014,458.05|510.05
9015,545.8|449.8
9016,283.95|374.95
9017,397.3|512.0
9018,344.0|379.65
9019,309.95|414.8
9020,468.85|280.1
9021,284.9|439.25
9022,345.5|311.0
9023,518.2|434.9
9024,476.9|286.7
9025,574.65|306.75
9026,275.2|539.3
9027,585.25|273.45
9028,360.5|445.0
9029,494.25|487.2
9030,402.85|379.1
9031,400.15|585.45
9032,583.25|508.75
9033,368.25|576.25
9034,274.8|309.25
9035,268.8|245.9
9036,449.45|254.45
9037,235.1|498.3
9038,334.65|401.75
9039,305.05|377.85
9040,347.95|455.45
9041,571.25|344.95
9042,209.6|584.45
9043,588.9|303.4
9044,584.45|576.05
9045,421.55|307.2
9046,251.3|486.1
9047,421.55|592.15
9048,209.15|488.9
9049,483.6|545.0
9050,433.65|512.05
9051,578.75|380.7
9052,443.05|370.2
9053,373.8|591.7
9054,286.2|453.75
9055,530.05|323.95
9056,442.7|440.15
9057,583.3|343.85
9058,565.9|528.35
9059,587.75|295.6
9060,594.5|507.65
9061,246.7|362.2
9062,476.0|348.9
9063,489.15|413.0
9064,349.0|434.05
9065,496.65|452.1
9066,285.45|480.0
9067,401.75|208.7
9068,477.45|360.75
9069,252.0|431.15
9070,234.5|565.8
9071,477.75|375.95
9072,463.8|343.25
9073,386.5|486.95
9074,536.75|550.95
9075,402.9|405.05
9076,426.75|451.95
9077,458.8|309.25
9078,227.85|475.1
9079,476.05|519.0
9080,589.6|409.8
9081,418.55|465.85
9082,446.5|431.05
9083,435.55|347.75
9084,474.95|237.35
9085,440.1|575.15
9086,372.8|222.95
9087,291.1|525.85
9088,424.0|360.55
9089,594.35|395.7
9090,575.85|332.7
9091,343.05|516.9
9092,283.7|501.5
9093,345.6|351.4
9094,577.0|321.8
9095,262.9|344.7
9096,463.65|229.9
9097,246.65|424.5
9098,474.8|341.1
9099,391.0|208.2
9100,459.4|395.45
9101,524.25|434.65
9102,588.9|384.7
9103,466.95|342.55
9104,213.3|325.55
9105,343.65|445.4
9106,342.05|376.0
9107,455.2|556.5
9108,571.95|399.95
9109,381.45|208.0
9110,555.85|411.7
9111,361.0|216.3
9112,353.0|223.75
9113,466.9|369.4
9114,210.9|587.0
9115,477.65|354.2
9116,535.75|300.4
9117,283.7|431.65
9118,381.4|227.85
9119,310.4|373.2
9120,558.15|429.95
9121,343.8|370.15
9122,458.35|554.55
9123,400.85|365.6
9124,214.85|516.3
9125,420.15|395.15
9126,230.45|487.05
9127,534.3|279.1
9128,344.25|221.7
9129,252.45|367.15
9130,367.45|253.35
9131,424.0|441.15
9132,280.25|472.25
9133,211.0|457.2
9134,557.3|551.7
9135,404.85|453.4
9136,265.75|339.15
9137,248.5|475.2
9138,229.9|213.0
9139,587.3|577.45
9140,558.05|298.15
9141,268.85|540.55
9142,339.7|328.85
9143,214.9|484.9
9144,387.05|425.0
9145,369.7|462.1
9146,388.55|585.1
9147,583.0|297.2
9148,266.4|401.55
9149,252.25|267.4
9150,209.8|291.85
9151,574.2|587.15
9152,473.55|517.7
9153,528.9|484.9
9154,324.65|593.3
9155,358.95|325.0
9156,229.45|471.4
9157,398.65|481.15
9158,435.35|392.5
9159,369.3|365.05
9160,345.65|560.25
9161,467.45|459.2
9162,278.2|569.4
9163,461.95|340.65
9164,469.0|371.25
9165,350.2|213.75
9166,539.9|289.7
9167,492.05|517.65
9168,563.05|592.35
9169,428.5|242.5
9170,415.7|546.05
9171,444.15|299.65
9172,344.05|233.45
9173,208.7|331.55
9174,517.85|516.85
9175,429.65|305.4
9176,408.15|498.1
9177,574.6|432.3
9178,409.4|335.45
9179,586.1|469.35
9180,227.45|316.2
9181,380.3|344.9
9182,557.5|494.45
9183,563.6|486.2
9184,219.55|284.35
9185,220.25|339.15
9186,537.85|331.25
9187,568.75|527.45
9188,359.15|286.9
9189,275.6|584.65
9190,465.95|357.3
9191,220.35|276.0
9192,465.4|476.05
9193,456.0|467.85
9194,238.15|412.0
9195,271.2|282.55
9196,355.45|417.5
9197,265.3|376.0
9198,417.65|506.9
9199,250.7|513.15
9200,589.65|376.75
9201,522.6|523.15
9202,389.65|310.85
9203,278.3|322.05
9204,521.4|505.15
9205,532.95|532.7
9206,478.65|517.9
9207,361.25|423.7
9208,395.6|365.9
9209,210.75|304.75
9210,532.35|437.65
9211,253.9|505.75
9212,323.65|425.15
9213,470.75|281.8
9214,478.0|210.65
9215,473.95|458.05
9216,233.6|444.6
9217,400.4|333.1
9218,411.45|361.9
9219,244.1|590.65
9220,242.0|229.4
9221,271.55|434.0
9222,262.7|223.45
9223,213.4|320.25
9224,555.15|233.8
9225,350.3|267.0
9226,473.1|291.1
9227,531.6|461.1
9228,216.05|590.25
9229,385.7|585.25
9230,561.15|420.1
9231,248.1|279.7
9232,342.05|430.1
9233,353.65|578.3
9234,230.25|492.5
9235,205.3|544.1
9236,393.5|259.7
9237,592.05|272.95
9238,288.65|461.1
9239,364.6|237.4
9240,565.75|492.35
9241,205.4|532.05
9242,210.9|472.15
9243,397.0|537.65
9244,502.2|312.6
9245,430.25|247.3
9246,423.7|381.4
9247,565.35|227.6
9248,369.15|219.7
9249,367.4|582.2
9250,562.3|261.25
9251,405.85|582.6
9252,474.25|240.75
9253,413.8|534.75
9254,530.85|527.05
9255,340.2|221.5
9256,292.2|340.75
9257,207.15|543.9
9258,480.55|265.05
9259,441.85|588.5
9260,468.05|370.8
9261,420.85|508.85
9262,242.45|478.9
9263,246.85|492.35
9264,332.9|347.45
9265,288.3|506.5
9266,271.55|220.4
9267,526.0|517.95
9268,592.85|395.5
9269,342.0|264.25
9270,492.0|494.75
9271,210.55|392.65
9272,206.9|329.0
9273,249.3|312.8
9274,593.85|585.45
9275,486.3|350.4
9276,565.5|224.9
9277,247.0|585.35
9278,591.25|391.05
9279,437.4|265.25
9280,261.85|283.95
9281,459.7|282.95
9282,554.75|364.1
9283,564.9|452.9
9284,423.8|325.1
9285,291.45|483.15
9286,398.75|286.2
9287,347.05|427.95
9288,339.05|524.1
9289,240.25|255.3
9290,402.05|242.8
9291,470.95|325.65
9292,492.15|362.85
9293,240.85|387.75
9294,576.8|314.4
9295,476.25|483.5
9296,529.5|576.55
9297,376.9|479.75
9298,348.7|549.1
9299,588.35|422.25
9300,269.9|584.6
9301,275.1|231.95
9302,463.8|464.6
9303,346.5|524.5
9304,340.45|404.6
9305,461.35|429.55
9306,575.15|422.55
9307,288.45|572.85
9308,230.8|463.6
9309,586.35|328.45
9310,288.4|585.1
9311,259.7|351.85
9312,389.25|504.5
9313,415.0|560.9
9314,208.8|335.3
9315,285.15|492.3
9316,480.4|231.45
9317,270.5|585.45
9318,217.75|378.45
9319,437.35|405.1
9320,333.65|550.35
9321,229.95|452.2
9322,231.45|509.05
9323,348.35|348.65
9324,211.45|340.9
9325,231.05|585.65
9326,246.7|276.8
9327,294.6|572.85
9328,345.45|231.25
9329,488.4|481.55
9330,591.45|371.4
9331,413.0|578.35
9332,417.85|446.6
9333,415.7|427.55
9334,375.25|373.35
9335,506.3|453.5
9336,534.0|540.1
9337,215.15|508.5
9338,363.7|246.95
9339,470.3|378.05
9340,228.1|574.75
9341,439.8|334.4
9342,445.7|554.7
9343,569.4|493.25
9344,456.35|589.75
9345,352.0|324.3
9346,258.75|574.25
9347,217.95|314.2
9348,288.25|539.75
9349,559.4|234.75
9350,440.9|500.55
9351,575.75|289.3
9352,393.1|328.85
9353,431.35|237.4
9354,389.1|212.85
9355,221.3|468.8
9356,221.0|244.65
9357,372.15|285.85
9358,272.8|254.7
9359,562.5|586.85
9360,257.65|231.85
9361,430.55|555.2
9362,401.3|447.3
9363,345.4|389.0
9364,399.1|336.05
9365,367.4|591.2
9366,277.0|573.8
9367,426.0|444.25
9368,549.65|340.0
9369,596.3|485.75
9370,343.45|515.15
9371,522.85|503.6
9372,275.15|539.9
9373,472.1|475.3
9374,532.95|347.55
9375,259.5|259.1
9376,394.55|579.75
9377,293.35|360.8
9378,211.65|585.75
9379,580.55|522.95
9380,380.3|445.8
9381,290.8|337.2
9382,438.6|399.4
9383,383.5|583.55
9384,408.05|216.55
9385,224.55|322.4
9386,219.35|343.05
9387,590.8|270.5
9388,268.65|543.05
9389,485.4|515.55
9390,266.45|353.4
9391,550.7|229.9
9392,233.05|347.45
9393,446.95|295.4
9394,560.95|504.15
9395,395.4|500.85
9396,271.35|392.55
9397,539.05|548.45
9398,392.75|556.4
9399,251.35|306.55
9400,432.3|276.6
9401,528.75|458.1
9402,402.4|405.25
9403,463.1|528.6
9404,350.75|589.15
9405,258.7|256.1
9406,276.4|509.9
9407,243.75|573.8
9408,266.8|591.65
9409,357.35|581.9
9410,454.8|393.4
9411,264.55|278.85
9412,572.35|497.15
9413,421.05|329.4
9414,347.1|343.95
9415,403.05|554.2
9416,397.55|585.8
9417,493.65|478.55
9418,363.4|442.15
9419,354.15|447.8
9420,354.6|248.15
9421,427.4|579.75
9422,473.55|384.5
9423,261.25|253.4
9424,381.4|311.6
9425,565.7|415.1
9426,572.7|507.65
9427,473.55|432.0
9428,459.55|546.0
9429,442.2|268.65
9430,586.8|545.9
9431,520.3|538.25
9432,565.1|493.45
9433,396.55|312.55
9434,252.6|479.1
9435,302.85|524.6
9436,251.55|348.05
9437,380.6|297.6
9438,279.5|258.4
9439,554.75|313.65
9440,268.5|272.65
9441,260.9|288.55
9442,516.95|493.4
9443,349.5|567.6
9444,272.9|377.65
9445,427.35|380.35
9446,333.95|398.8
9447,387.0|246.2
9448,544.9|299.85
9449,346.8|228.25
9450,526.7|548.65
9451,582.35|298.9
9452,576.45|436.8
9453,232.95|468.1
9454,342.2|323.05
9455,549.35|534.75
9456,342.35|296.6
9457,467.05|512.4
9458,321.15|348.45
9459,256.55|425.35
9460,341.4|220.05
9461,532.65|495.85
9462,221.65|234.8
9463,442.7|489.25
9464,586.45|265.3
9465,435.85|541.75
9466,438.1|382.55
9467,237.45|589.6
9468,435.55|458.55
9469,285.45|377.25
9470,413.95|412.3
9471,342.85|502.55
9472,353.5|330.55
9473,454.45|358.3
9474,404.5|204.9
9475,372.3|463.55
9476,216.4|406.1
9477,576.0|542.85
9478,219.8|517.3
9479,258.3|385.25
9480,246.3|230.2
9481,487.05|518.55
9482,480.1|240.8
9483,427.3|225.9
9484,269.55|277.15
9485,491.1|356.2
9486,364.35|240.55
9487,271.65|283.65
9488,381.55|481.85
9489,430.95|510.65
9490,292.1|319.8
9491,440.85|439.85
9492,522.6|327.45
9493,321.5|572.95
9494,486.7|517.85
9495,530.95|442.2
9496,320.9|357.9
9497,568.05|456.75
9498,393.5|337.75
9499,419.5|408.1
9500,210.45|301.65
9501,555.6|273.45
9502,586.9|404.75
9503,222.2|272.45
9504,456.7|347.3
9505,430.25|318.75
9506,497.0|233.65
9507,422.95|330.55
9508,442.6|514.05
9509,480.2|237.5
9510,352.65|331.5
9511,447.8|435.65
9512,244.85|564.0
9513,278.25|541.85
9514,308.1|260.65
9515,241.4|554.95
9516,543.7|588.2
9517,408.7|280.45
9518,393.5|595.35
9519,347.45|521.75
9520,410.5|585.3
9521,245.1|481.05
9522,389.9|501.7
9523,462.3|478.5
9524,401.15|365.9
9525,275.55|589.3
9526,336.85|228.65
9527,534.8|568.4
9528,517.95|370.75
9529,450.85|527.2
9530,315.55|386.5
9531,359.05|380.65
9532,298.65|410.35
9533,410.15|220.9
9534,247.4|439.7
9535,266.0|397.95
9536,387.9|444.0
9537,407.8|509.0
9538,231.25|420.75
9539,428.05|347.0
9540,586.5|509.8
9541,315.95|334.2
9542,382.7|585.65
9543,255.8|533.5
9544,568.15|560.6
9545,547.9|588.2
9546,393.75|587.6
9547,468.5|266.7
9548,356.1|326.05
9549,396.05|327.8
9550,239.45|362.8
9551,362.7|382.75
9552,578.1|586.35
9553,232.9|356.15
9554,415.75|524.45
9555,255.35|503.95
9556,366.95|384.75
9557,415.55|494.55
9558,562.0|315.75
9559,373.6|217.85
9560,420.85|583.55
9561,290.75|465.15
9562,418.1|396.9
9563,211.8|465.7
9564,354.55|265.5
9565,528.55|488.75
9566,235.65|531.55
9567,574.85|466.05
9568,413.6|323.6
9569,272.6|230.15
9570,441.4|514.5
9571,586.5|296.45
9572,275.4|469.8
9573,359.7|242.35
9574,243.05|433.75
9575,568.65|292.05
9576,582.95|421.7
9577,428.45|575.6
9578,437.85|348.7
9579,212.3|472.05
9580,424.45|214.45
9581,343.55|561.85
9582,336.3|327.75
9583,380.15|291.5
9584,358.0|214.8
9585,540.0|287.4
9586,315.9|404.5
9587,353.6|443.6
9588,347.75|586.05
9589,542.85|562.8
9590,207.85|472.1
9591,359.1|384.45
9592,457.3|215.7
9593,558.15|243.25
9594,229.5|473.25
9595,565.05|250.9
9596,279.95|226.95
9597,353.75|252.4
9598,581.05|283.7
9599,211.3|584.1
9600,280.95|489.9
9601,410.8|227.25
9602,357.75|491.65
9603,462.75|345.9
9604,531.95|300.25
9605,356.35|537.4
9606,291.6|433.4
9607,553.7|286.65
9608,477.65|324.35
9609,350.75|230.15
9610,469.15|448.5
9611,522.9|508.85
9612,259.9|524.5
9613,437.45|395.05
9614,356.2|528.2
9615,548.8|531.35
9616,416.7|260.55
9617,396.65|592.1
9618,234.15|593.7
9619,278.3|445.9
9620,378.65|216.75
9621,257.4|455.85
9622,316.05|418.0
9623,466.95|444.05
9624,401.3|593.7
9625,519.5|561.5
9626,340.9|400.65
9627,455.2|469.55
9628,235.85|329.3
9629,568.15|224.2
9630,342.3|407.95
9631,265.35|553.55
9632,261.25|563.35
9633,515.25|460.95
9634,493.7|427.2
9635,522.9|419.05
9636,373.4|344.05
9637,401.85|554.6
9638,550.8|309.3
9639,319.25|362.55
9640,379.0|397.6
9641,347.4|245.45
9642,351.1|445.95
9643,250.4|229.8
9644,538.8|334.7
9645,414.05|413.2
9646,455.75|505.8
9647,464.1|582.4
9648,409.4|234.3
9649,530.35|582.75
9650,567.55|213.2
9651,439.9|483.7
9652,534.95|277.6
9653,245.8|432.1
9654,210.3|538.7
9655,467.65|259.45
9656,446.4|319.3
9657,267.5|408.45
9658,388.2|263.35
9659,285.7|415.75
9660,578.65|470.4
9661,445.9|306.35
9662,568.05|526.0
9663,476.1|563.9
9664,384.85|492.35
9665,455.35|462.95
9666,410.9|386.2
9667,553.95|238.05
9668,585.9|458.2
9669,426.85|430.7
9670,205.25|511.1
9671,247.95|281.75
9672,520.95|468.75
9673,538.6|307.95
9674,475.4|341.1
9675,484.6|294.65
9676,537.9|374.7
9677,292.8|363.15
9678,283.2|338.8
9679,255.65|268.2
9680,458.85|580.5
9681,384.15|371.7
9682,209.5|579.7
9683,373.25|450.1
9684,438.3|254.95
9685,594.1|487.8
9686,566.15|575.2
9687,272.15|525.9
9688,571.0|378.75
9689,393.1|405.5
9690,380.0|501.1
9691,464.9|326.45
9692,451.85|469.15
9693,471.25|532.15
9694,463.4|214.2
9695,375.8|204.85
9696,418.3|468.25
9697,512.35|464.75
9698,469.45|499.3
9699,227.9|258.1
9700,282.15|502.3
9701,344.75|227.95
9702,254.95|589.1
9703,552.25|426.85
9704,458.5|382.95
9705,579.85|305.5
9706,472.2|502.15
9707,269.65|281.45
9708,290.5|451.7
9709,281.0|250.9
9710,468.5|347.8
9711,473.7|247.0
9712,561.2|585.55
9713,234.55|333.0
9714,460.25|492.8
9715,589.75|352.3
9716,532.8|348.1
9717,223.95|260.15
9718,553.4|524.9
9719,548.55|590.05
9720,263.8|208.7
9721,226.3|456.0
9722,385.05|507.6
9723,256.95|279.9
9724,270.0|586.65
9725,479.45|368.95
9726,337.65|364.75
9727,570.05|584.35
9728,268.7|422.75
9729,284.7|426.95
9730,591.6|507.45
9731,274.35|521.45
9732,384.45|592.55
9733,478.55|262.1
9734,348.65|279.2
9735,468.9|469.0
9736,244.2|243.3
9737,283.5|322.4
9738,222.6|226.15
9739,579.15|504.35
9740,291.05|300.55
9741,449.05|247.3
9742,529.3|436.95
9743,544.65|520.7
9744,346.15|360.6
9745,558.1|220.15
9746,446.35|262.15
9747,593.15|358.55
9748,465.35|468.5
9749,481.85|511.4
9750,358.8|209.2
9751,572.65|324.2
9752,585.8|430.15
9753,394.45|384.35
9754,535.65|321.95
9755,571.05|322.35
9756,225.6|563.75
9757,409.95|378.25
9758,278.95|569.15
9759,428.8|303.8
9760,221.4|274.2
9761,547.65|393.55
9762,236.85|532.15
9763,464.4|323.25
9764,584.1|220.35
9765,227.8|288.65
9766,438.9|460.4
9767,455.15|512.1
9768,269.5|273.4
9769,343.5|502.7
9770,545.45|346.65
9771,278.15|278.15
9772,340.45|214.8
9773,370.2|442.0
9774,435.05|570.55
9775,273.9|279.6
9776,529.45|544.8
9777,595.6|283.35
9778,332.8|537.15
9779,458.25|461.25
9780,224.35|541.95
9781,218.5|544.4
9782,549.65|265.25
9783,300.6|323.0
9784,391.95|497.7
9785,269.0|328.85
9786,281.85|532.45
9787,381.05|344.35
9788,240.75|571.7
9789,550.75|251.9
9790,267.35|585.3
9791,250.1|558.6
9792,251.4|572.95
9793,362.5|517.5
9794,282.35|362.4
9795,465.3|283.6
9796,352.1|590.7
9797,292.6|413.4
9798,472.6|314.55
9799,596.2|295.05
9800,340.85|387.15
9801,361.2|254.5
9802,345.2|591.15
9803,415.65|468.4
9804,225.6|549.15
9805,540.85|317.15
9806,532.6|433.1
9807,367.2|266.7
9808,406.3|542.55
9809,359.3|246.15
9810,434.5|376.55
9811,351.7|213.15
9812,441.65|324.65
9813,255.4|302.25
9814,224.35|310.75
9815,221.6|592.7
9816,407.45|337.55
9817,260.25|438.65
9818,455.5|478.6
9819,261.5|250.95
9820,549.25|529.15
9821,447.05|312.6
9822,226.1|417.85
9823,339.8|330.25
9824,506.6|345.25
9825,484.3|476.35
9826,218.3|453.95
9827,456.25|520.55
9828,251.15|408.45
9829,588.85|564.4
9830,568.35|351.4
9831,558.55|588.6
9832,274.1|370.8
9833,522.5|513.3
9834,360.95|264.25
9835,396.9|323.2
9836,353.4|461.8
9837,344.45|547.4
9838,372.4|353.6
9839,392.3|488.25
9840,256.1|213.8
9841,351.2|339.1
9842,318.8|402.2
9843,587.15|486.85
9844,586.6|348.15
9845,327.2|410.4
9846,513.3|376.6
9847,207.4|509.2
9848,241.65|452.85
9849,532.9|447.45
9850,404.75|591.15
9851,545.0|318.15
9852,467.4|488.35
9853,209.0|541.9
9854,521.3|583.2
9855,586.05|591.55
9856,209.05|216.6
9857,293.55|523.75
9858,279.95|326.75
9859,490.05|476.1
9860,253.9|579.65
9861,362.55|248.8
9862,367.0|215.0
9863,215.45|424.8
9864,258.65|420.55
9865,394.65|308.55
9866,445.35|515.8
9867,338.25|369.6
9868,435.75|494.2
9869,383.6|576.8
9870,329.25|573.5
9871,273.55|237.9
9872,412.9|493.3
9873,303.95|583.5
9874,371.75|261.45
9875,401.25|273.95
9876,274.7|545.9
9877,350.3|454.5
9878,348.4|459.4
9879,378.05|257.9
9880,576.05|367.0
9881,463.85|467.25
9882,246.05|363.3
9883,439.2|366.35
9884,584.65|512.3
9885,422.3|371.3
9886,376.15|271.35
9887,350.2|369.1
9888,431.5|452.8
9889,386.1|322.45
9890,349.05|481.45
9891,483.25|500.85
9892,278.65|575.45
9893,447.25|512.8
9894,295.35|481.35
9895,450.5|308.35
9896,567.3|584.1
9897,524.15|465.75
9898,267.1|435.4
9899,465.05|279.85
9900,493.9|338.4
9901,259.6|268.85
9902,255.05|252.75
9903,567.4|395.0
9904,386.95|301.9
9905,524.55|457.65
9906,353.05|444.75
9907,454.75|574.1
9908,279.4|555.6
9909,449.15|394.1
9910,214.6|210.4
9911,341.15|331.85
9912,377.5|405.15
9913,421.85|308.1
9914,277.65|588.25
9915,273.4|230.1
9916,252.6|222.6
9917,428.35|591.7
9918,437.5|414.15
9919,497.35|470.0
9920,305.0|388.2
9921,428.85|393.95
9922,222.4|478.8
9923,258.9|326.55
9924,448.8|448.65
9925,448.9|480.05
9926,451.45|480.6
9927,395.0|345.0
9928,546.65|523.35
9929,235.85|423.4
9930,222.55|559.25
9931,579.1|350.55
9932,569.85|414.55
9933,397.55|562.55
9934,553.35|226.4
9935,398.9|546.35
9936,539.25|252.95
9937,330.95|423.05
9938,476.15|279.15
9939,288.85|451.8
9940,559.3|585.5
9941,426.4|457.5
9942,251.9|515.7
9943,422.95|537.4
9944,579.1|334.5
9945,296.95|575.8
9946,572.85|496.9
9947,569.05|566.8
9948,454.1|421.05
9949,342.75|413.05
9950,393.05|317.75
9951,473.75|485.3
9952,593.85|255.25
9953,386.0|384.85
9954,472.95|345.4
9955,235.15|347.85
9956,237.5|593.65
9957,360.2|592.1
9958,429.9|377.8
9959,463.9|437.25
9960,423.45|589.6
9961,385.55|268.15
9962,571.95|331.8
9963,355.2|538.95
9964,432.85|222.25
9965,530.9|432.0
9966,350.9|398.5
9967,420.6|580.75
9968,292.85|401.0
9969,405.2|235.45
9970,250.8|491.7
9971,282.9|538.6
9972,564.25|582.85
9973,271.6|247.4
9974,444.0|465.2
9975,553.85|469.85
9976,222.45|469.25
9977,414.15|292.1
9978,225.4|474.8
9979,440.8|381.45
9980,560.15|379.05
9981,391.75|589.0
9982,413.9|530.9
9983,284.1|404.25
9984,564.65|510.55
9985,475.4|274.15
9986,487.35|284.7
9987,354.45|285.8
9988,209.35|500.85
9989,273.3|240.5
9990,274.35|383.65
9991,235.95|361.4
9992,253.2|256.15
9993,281.15|328.05
9994,254.4|225.8
9995,283.85|510.0
9996,431.5|476.1
9997,318.5|318.9
9998,266.25|345.1
9999,396.9|384.65
10000,447.1|586.65
10001,362.6|220.95
10002,539.15|274.0
10003,268.45|342.75
10004,459.35|360.0
10005,569.3|389.4
10006,283.3|582.45
10007,528.5|375.05
10008,490.9|311.3
10009,528.7|368.1
10010,254.75|213.7
10011,414.0|239.75
10012,419.0|542.6
10013,265.35|416.6
10014,324.9|566.1
10015,223.2|400.5
10016,348.35|293.4
10017,466.0|528.05
10018,570.3|551.15
10019,574.15|231.7
10020,274.55|459.8
10021,573.55|400.45
10022,360.2|240.6
10023,230.0|429.8
10024,442.1|443.3
10025,428.4|542.3
10026,387.1|453.75
10027,415.05|258.0
10028,230.85|355.55
10029,276.15|244.2
10030,423.25|347.5
10031,520.9|451.95
10032,348.7|345.1
10033,550.0|289.05
10034,425.65|278.55
10035,258.55|316.85
10036,589.7|425.85
10037,276.6|594.6
10038,402.1|389.25
10039,414.85|497.75
10040,447.3|223.1
10041,469.6|265.5
10042,364.15|449.3
10043,381.05|210.85
10044,540.25|551.8
10045,577.8|459.15
10046,431.35|545.8
10047,277.1|396.55
10048,591.65|268.7
10049,533.6|504.05
10050,549.85|535.0
10051,356.45|321.7
10052,325.55|428.3
10053,275.6|448.85
10054,437.65|242.2
10055,578.7|370.3
10056,464.3|437.45
10057,414.25|319.25
10058,446.55|477.2
10059,570.9|520.5
10060,289.75|472.6
10061,228.1|490.5
10062,547.15|583.3
10063,488.1|504.3
10064,216.05|382.05
10065,423.75|238.05
10066,384.65|228.8
10067,284.05|565.95
10068,585.05|525.4
10069,213.25|582.05
10070,279.45|355.15
10071,556.1|454.7
10072,471.1|278.0
10073,357.95|586.4
10074,578.35|456.3
10075,219.5|249.8
10076,342.2|265.9
10077,422.85|306.85
10078,285.45|448.0
10079,452.45|220.15
10080,413.6|357.7
10081,222.75|306.6
10082,286.9|566.3
10083,235.9|308.6
10084,219.8|298.95
10085,253.7|288.25
10086,240.65|274.2
10087,460.25|453.5
10088,233.35|577.5
10089,217.5|586.3
10090,586.8|516.5
10091,462.45|467.65
10092,281.75|306.9
10093,550.95|273.75
10094,346.7|380.1
10095,268.35|219.4
10096,403.55|307.35
10097,233.3|230.0
10098,250.6|301.9
10099,349.1|337.75
10100,262.15|374.25
10101,234.35|508.35
10102,592.0|301.45
10103,468.35|467.15
10104,436.25|381.65
10105,246.35|339.9
10106,553.85|220.0
10107,366.5|487.05
10108,552.0|482.05
10109,338.95|379.25
10110,466.45|549.05
10111,464.35|462.95
10112,353.3|411.2
10113,525.6|421.0
10114,550.6|492.9
10115,364.7|387.15
10116,279.3|583.45
10117,497.9|458.1
10118,382.05|573.1
10119,345.05|544.45
10120,564.75|248.5
10121,559.05|419.6
10122,344.1|409.6
10123,582.65|568.75
10124,469.85|467.7
10125,465.4|471.65
10126,554.75|552.6
10127,473.4|361.75
10128,332.3|394.85
10129,536.15|303.9
10130,469.95|451.9
10131,540.3|520.8
10132,520.6|382.45
10133,565.55|419.0
10134,471.1|450.4
10135,488.85|483.0
10136,208.3|356.75
10137,588.65|550.05
10138,480.35|303.4
10139,288.95|523.85
10140,523.75|372.7
10141,374.0|338.65
10142,575.35|368.35
10143,227.95|511.3
10144,300.4|400.0
10145,370.25|593.0
10146,217.4|213.55
10147,468.85|448.5
10148,376.35|307.0
10149,277.05|580.35
10150,463.2|526.4
10151,382.9|442.05
10152,343.9|595.3
10153,531.55|544.25
10154,433.6|420.9
10155,462.7|468.4
10156,476.45|373.85
10157,434.05|455.9
10158,416.35|542.75
10159,519.45|458.7
10160,414.7|328.2
10161,572.8|392.25
10162,207.8|278.85
10163,371.95|487.1
10164,248.15|423.7
10165,381.35|411.5
10166,514.25|461.8
10167,543.85|521.15
10168,259.1|214.9
10169,353.05|205.1
10170,548.8|284.15
10171,592.75|584.55
10172,505.1|234.6
10173,396.9|229.0
10174,339.95|325.15
10175,447.25|366.1
10176,563.6|583.2
10177,565.8|384.6
10178,459.95|561.45
10179,376.65|376.35
10180,405.2|478.9
10181,221.4|498.35
10182,559.85|592.8
10183,429.6|522.55
10184,583.2|438.1
10185,547.9|288.05
10186,426.95|558.3
10187,434.6|549.9
10188,270.25|488.35
10189,591.0|389.8
10190,539.75|426.8
10191,531.25|476.2
10192,400.5|324.0
10193,357.0|428.15
10194,515.7|415.85
10195,366.1|567.6
10196,209.25|480.25
10197,466.85|251.8
10198,356.5|374.8
10199,589.7|216.4
10200,475.8|278.05
10201,337.95|566.6
10202,575.8|247.45
10203,242.85|545.6
10204,516.35|353.8
10205,255.5|224.5
10206,474.65|380.55
10207,401.0|493.4
10208,321.95|440.15
10209,268.6|297.2
10210,547.35|542.95
10211,207.15|562.55
10212,340.3|318.75
10213,550.55|466.15
10214,589.3|501.25
10215,251.3|496.7
10216,490.6|240.6
10217,237.55|493.9
10218,221.65|331.15
10219,240.0|336.95
10220,403.5|256.25
10221,405.55|368.35
10222,358.2|584.35
10223,284.65|443.8
10224,463.95|214.2
10225,385.1|467.8
10226,215.2|327.15
10227,567.15|226.85
10228,588.05|372.7
10229,406.95|326.45
10230,341.9|416.6
10231,454.0|364.25
10232,380.6|366.4
10233,352.6|558.05
10234,427.85|560.05
10235,454.1|423.35
10236,527.6|583.5
10237,248.7|282.05
10238,556.35|258.1
10239,461.45|442.9
10240,271.95|379.1
10241,236.4|400.25
10242,575.3|435.95
10243,515.3|344.6
10244,272.0|544.95
10245,574.0|543.7
10246,278.65|368.8
10247,579.9|212.85
10248,345.7|214.85
10249,529.0|436.4
10250,563.9|306.9
10251,376.3|557.85
10252,217.2|407.15
10253,471.5|347.3
10254,283.8|540.15
10255,238.6|450.3
10256,447.95|470.35
10257,473.05|471.6
10258,571.7|292.85
10259,559.6|578.9
10260,566.25|313.7
10261,561.1|228.3
10262,261.85|211.6
10263,416.4|391.6
10264,438.7|573.0
10265,365.85|366.95
10266,442.7|442.4
10267,354.45|213.05
10268,567.95|224.85
10269,388.1|330.2
10270,224.45|288.25
10271,387.2|229.0
10272,283.7|490.4
10273,493.05|239.4
10274,441.7|486.8
10275,528.85|563.7
10276,564.25|591.3
10277,420.55|493.35
10278,347.45|283.75
10279,374.05|396.4
10280,319.1|383.3
10281,517.8|511.5
10282,446.5|368.55
10283,466.85|567.9
10284,594.65|518.45
10285,523.05|361.15
10286,556.85|366.7
10287,208.8|589.9
10288,418.25|298.25
10289,359.45|255.5
10290,473.05|240.4
10291,322.15|410.35
10292,426.3|258.5
10293,476.05|470.15
10294,257.25|510.95
10295,399.85|258.45
10296,277.3|350.85
10297,299.2|379.15
10298,346.45|245.45
10299,440.45|310.9
10300,279.6|337.0
10301,339.2|570.9
10302,278.35|320.0
10303,402.5|519.05
10304,568.4|245.05
10305,235.3|428.65
10306,553.2|502.95
10307,250.8|504.6
10308,453.3|539.25
10309,274.0|492.9
10310,322.6|504.75
10311,464.15|377.9
10312,351.15|405.45
10313,537.8|250.2
10314,249.15|240.0
10315,276.85|553.65
10316,528.85|529.45
10317,411.75|464.85
10318,302.75|396.1
10319,567.7|592.0
10320,466.1|506.2
10321,403.5|212.1
10322,377.75|263.95
10323,583.55|585.75
10324,267.6|385.7
10325,352.95|325.15
10326,307.05|371.2
10327,380.25|594.5
10328,471.0|350.35
10329,237.1|511.9
10330,475.95|238.6
10331,551.45|592.45
10332,419.85|593.05
10333,580.85|510.7
10334,550.2|565.95
10335,289.85|348.75
10336,362.85|380.25
10337,523.0|432.3
10338,242.9|432.6
10339,355.85|439.9
10340,542.15|314.95
10341,589.0|210.45
10342,441.35|436.25
10343,288.75|495.3
10344,451.35|258.75
10345,440.45|370.1
10346,559.8|275.2
10347,288.5|586.9
10348,443.1|512.75
10349,475.95|238.75
10350,357.9|226.7
10351,363.7|259.25
10352,339.1|360.5
10353,226.3|413.6
10354,541.2|354.5
10355,590.2|287.0
10356,354.5|336.65
10357,457.2|388.2
10358,425.9|587.05
10359,452.8|293.05
10360,221.3|209.85
10361,463.2|510.7
10362,207.0|310.85
10363,583.15|451.8
10364,389.45|534.6
10365,437.55|490.25
10366,405.3|573.5
10367,461.95|444.8
10368,470.15|341.4
10369,249.5|424.9
10370,239.0|386.0
10371,480.85|443.85
10372,269.65|309.75
10373,467.1|540.3
10374,206.1|521.75
10375,389.1|347.05
10376,434.25|566.95
10377,565.75|513.65
10378,354.65|399.05
10379,326.75|526.75
10380,420.05|489.4
10381,270.2|300.85
10382,221.4|496.4
10383,374.5|264.9
10384,513.7|435.25
10385,560.65|231.1
10386,575.65|242.1
10387,329.85|405.0
10388,248.5|576.35
10389,223.0|514.45
10390,298.5|414.95
10391,462.5|452.95
10392,577.9|256.35
10393,458.2|481.1
10394,273.75|586.6
10395,233.15|446.0
10396,440.35|528.3
10397,466.1|352.7
10398,235.5|410.25
10399,223.35|391.2
10400,343.05|246.05
10401,343.2|513.15
10402,567.15|480.85
10403,292.3|441.5
10404,432.45|486.25
10405,343.5|215.95
10406,267.75|250.3
10407,532.2|341.35
10408,564.65|439.0
10409,258.7|314.95
10410,255.6|267.3
10411,575.95|220.8
10412,415.45|363.1
10413,259.75|584.55
10414,577.0|437.6
10415,452.9|398.15
10416,397.35|557.7
10417,383.15|214.45
10418,242.25|500.8
10419,556.4|352.2
10420,252.5|423.25
10421,568.45|572.45
10422,442.85|388.35
10423,437.3|504.25
10424,220.8|408.3
10425,355.25|595.2
10426,398.95|579.65
10427,243.55|570.8
10428,383.25|570.0
10429,376.0|420.7
10430,592.3|253.5
10431,446.15|478.85
10432,325.4|431.65
10433,422.15|491.6
10434,522.45|479.05
10435,437.1|392.45
10436,337.85|324.0
10437,339.0|517.9
10438,564.7|584.5
10439,454.3|498.1
10440,513.1|317.7
10441,541.7|593.05
10442,390.9|592.95
10443,381.1|265.45
10444,249.4|302.3
10445,389.75|522.45
10446,271.35|564.85
10447,278.35|245.2
10448,521.45|524.9
10449,442.0|440.2
10450,583.7|560.1
10451,285.45|442.65
10452,479.2|276.65
10453,345.75|443.8
10454,519.75|431.55
10455,435.25|552.45
10456,456.55|579.9
10457,231.85|262.9
10458,239.15|379.2
10459,459.95|542.95
10460,567.6|381.3
10461,552.3|324.55
10462,243.0|223.05
10463,354.3|342.4
10464,365.85|502.65
10465,559.75|463.0
10466,514.15|311.55
10467,519.5|439.3
10468,462.85|225.7
10469,421.85|467.25
10470,411.1|322.75
10471,317.3|383.75
10472,495.15|228.7
10473,514.1|460.95
10474,584.1|427.7
10475,554.8|443.8
10476,539.05|336.95
10477,395.6|559.85
10478,402.4|456.55
10479,519.05|495.8
10480,381.0|385.15
10481,348.2|245.7
10482,377.0|455.3
10483,321.35|393.05
10484,593.8|277.95
10485,248.3|375.25
10486,381.65|496.25
10487,249.3|382.15
10488,297.35|329.7
10489,406.95|378.1
10490,577.45|431.15
10491,468.7|251.1
10492,419.9|365.6
10493,266.8|569.6
10494,411.65|494.6
10495,277.85|427.9
10496,261.1|211.15
10497,550.5|530.0
10498,327.15|561.8
10499,362.05|345.6
10500,213.85|244.85
10501,457.05|593.1
10502,266.6|364.65
10503,250.6|222.95
10504,521.7|493.9
10505,474.65|246.4
10506,279.45|592.6
10507,276.65|566.7
10508,271.75|449.95
10509,353.35|329.75
10510,538.1|585.6
10511,378.2|293.4
10512,530.1|501.0
10513,356.8|275.6
10514,454.9|341.7
10515,544.6|501.85
10516,440.2|327.75
10517,270.9|489.85
10518,448.1|350.45
10519,284.85|298.8
10520,460.4|279.4
10521,280.55|408.9
10522,239.2|353.5
10523,502.85|491.75
10524,398.65|267.3
10525,455.8|582.45
10526,251.3|591.45
10527,209.65|533.65
10528,557.9|566.95
10529,284.5|384.6
10530,394.0|561.95
10531,360.75|589.65
10532,589.6|403.05
10533,474.85|328.95
10534,547.55|314.45
10535,479.2|498.6
10536,296.0|287.65
10537,594.0|417.25
10538,345.75|495.6
10539,292.75|333.8
10540,423.7|337.5
10541,530.4|348.5
10542,584.1|513.05
10543,256.3|341.4
10544,545.1|527.2
10545,363.65|269.35
10546,474.0|345.4
10547,564.0|337.35
10548,355.1|593.1
10549,219.9|217.8
10550,574.9|589.6
10551,556.15|282.15
10552,284.6|452.65
10553,388.55|544.45
10554,220.3|308.35
10555,471.95|492.6
10556,453.2|587.05
10557,349.2|452.5
10558,528.5|434.55
10559,399.05|500.15
10560,467.95|267.5
10561,415.1|318.8
10562,585.15|301.65
10563,587.3|338.95
10564,587.5|423.55
10565,480.45|505.6
10566,224.0|226.3
10567,398.35|223.5
10568,442.4|468.65
10569,370.9|508.75
10570,437.65|404.6
10571,442.85|219.05
10572,550.35|522.3
10573,417.6|475.0
10574,348.5|298.35
10575,578.55|241.6
10576,588.0|211.5
10577,374.7|295.9
10578,551.3|579.2
10579,259.4|564.4
10580,284.1|442.1
10581,291.15|236.85
10582,398.2|453.65
10583,212.4|288.9
10584,436.1|349.6
10585,588.8|289.1
10586,350.55|540.4
10587,333.25|569.6
10588,459.35|451.2
10589,397.6|488.15
10590,509.2|218.85
10591,206.1|573.0
10592,243.95|584.4
10593,238.65|492.9
10594,362.15|241.4
10595,568.95|242.2
10596,353.85|351.95
10597,237.05|427.65
10598,236.45|222.75
10599,375.85|288.6
10600,430.75|226.25
10601,319.55|374.1
10602,283.6|379.4
10603,241.2|538.2
10604,587.0|390.35
10605,360.15|336.9
10606,517.6|476.85
10607,302.65|363.85
10608,436.6|484.8
10609,427.5|473.45
10610,464.5|362.35
10611,456.7|586.75
10612,480.0|502.6
10613,281.1|370.65
10614,413.65|438.9
10615,407.85|415.8
10616,402.6|518.9
10617,561.25|393.6
10618,578.0|386.15
10619,273.35|483.65
10620,460.8|456.95
10621,227.2|234.75
10622,214.95|387.4
10623,400.3|308.05
10624,235.95|570.3
10625,370.65|440.25
10626,387.95|535.7
10627,211.1|587.65
10628,575.15|588.4
10629,565.5|583.75
10630,219.65|320.45
10631,580.9|435.15
10632,574.9|346.7
10633,571.45|305.25
10634,246.15|229.1
10635,210.8|462.0
10636,415.1|455.55
10637,557.65|553.95
10638,232.15|549.2
10639,228.8|462.0
10640,361.7|414.5
10641,409.35|362.65
10642,524.8|425.65
10643,455.2|387.25
10644,265.4|491.3
10645,228.7|457.6
10646,426.1|565.95
10647,222.35|279.0
10648,429.0|233.8
10649,234.5|398.4
10650,475.2|315.2
10651,438.05|560.65
10652,282.6|340.15
10653,345.55|331.7
10654,468.9|347.3
10655,347.45|417.7
10656,210.5|511.5
10657,423.25|401.2
10658,401.8|592.1
10659,328.4|297.35
10660,292.3|373.1
10661,312.4|359.95
10662,549.6|543.55
10663,365.5|344.0
10664,221.6|246.45
10665,280.3|479.2
10666,558.05|494.95
10667,270.25|275.1
10668,489.2|448.4
10669,265.1|548.4
10670,460.4|524.6
10671,465.85|215.25
10672,214.55|238.95
10673,365.55|329.1
10674,582.9|461.05
10675,258.6|272.8
10676,546.95|303.1
10677,265.15|284.15
10678,280.95|366.35
10679,223.6|511.85
10680,553.2|238.6
10681,457.95|412.7
10682,290.7|443.05
10683,457.25|309.9
10684,219.8|228.35
10685,427.25|582.45
10686,257.45|447.15
10687,230.0|223.45
10688,250.45|591.05
10689,431.85|394.75
10690,503.6|215.75
10691,418.35|546.45
10692,412.0|554.85
10693,405.55|236.05
10694,474.4|248.85
10695,372.8|263.8
10696,458.3|474.45
10697,370.8|393.8
10698,345.3|245.4
10699,363.6|498.7
10700,402.7|505.05
10701,588.5|483.9
10702,574.7|383.0
10703,287.95|527.9
10704,538.5|573.35
10705,385.2|368.7
10706,472.35|384.05
10707,426.9|362.0
10708,355.15|229.0
10709,207.25|521.6
10710,410.7|542.2
10711,213.9|205.75
10712,286.8|535.1
10713,267.25|219.85
10714,235.65|574.05
10715,403.1|307.05
10716,533.35|542.5
10717,462.1|335.35
10718,457.4|383.0
10719,549.85|533.45
10720,562.7|519.45
10721,341.7|325.3
10722,211.25|589.25
10723,438.35|362.8
10724,581.8|511.15
10725,209.0|215.4
10726,407.0|510.15
10727,245.85|536.3
10728,277.15|263.05
10729,590.1|269.6
10730,542.95|341.15
10731,400.8|490.9
10732,333.45|439.9
10733,593.05|569.2
10734,365.1|578.2
10735,213.75|482.15
10736,377.45|474.15
10737,440.15|342.25
10738,465.2|402.9
10739,296.05|492.2
10740,260.9|279.45
10741,458.45|583.5
10742,594.05|277.7
10743,348.0|247.2
10744,399.3|270.55
10745,262.55|265.05
10746,384.45|327.65
10747,318.05|351.5
10748,541.1|322.7
10749,470.3|262.8
10750,364.75|252.6
10751,223.55|352.75
10752,345.1|555.0
10753,533.9|369.15
10754,396.15|466.75
10755,261.8|415.15
10756,265.6|420.8
10757,286.05|390.8
10758,487.8|352.3
10759,591.6|586.9
10760,441.15|500.1
10761,419.45|240.1
10762,365.25|577.2
10763,444.35|581.9
10764,372.65|276.1
10765,465.05|481.0
10766,395.25|591.8
10767,546.75|519.2
10768,481.65|243.25
10769,574.7|387.7
10770,290.55|334.95
10771,291.1|299.6
10772,273.05|495.85
10773,327.5|420.75
10774,579.3|441.3
10775,217.3|585.15
10776,577.95|437.4
10777,544.85|548.25
10778,582.55|365.1
10779,296.1|400.4
10780,351.4|271.4
10781,581.65|536.8
10782,557.65|243.7
10783,466.65|498.85
10784,230.5|274.85
10785,263.8|250.8
10786,286.15|538.95
10787,342.65|211.15
10788,547.25|489.5
10789,251.6|388.0
10790,230.05|431.9
10791,556.65|592.5
10792,551.35|431.6
10793,211.15|256.25
10794,219.25|413.05
10795,393.95|297.9
10796,588.25|521.75
10797,364.65|370.65
10798,275.2|572.7
10799,243.8|381.9
10800,368.75|567.85
10801,479.0|464.6
10802,546.65|480.7
10803,432.85|444.15
10804,261.1|280.75
10805,345.1|385.15
10806,361.6|499.9
10807,446.4|434.05
10808,347.0|384.5
10809,474.4|550.9
10810,401.1|441.65
10811,406.0|303.7
10812,211.35|581.05
10813,573.75|590.8
10814,297.75|461.25
10815,253.25|310.05
10816,576.35|376.95
10817,209.45|229.8
10818,279.6|447.0
10819,339.0|576.95
10820,405.35|344.6
10821,544.0|541.8
10822,470.7|340.7
10823,349.8|587.4
10824,267.4|266.75
10825,445.95|479.75
10826,379.9|207.15
10827,547.55|238.0
10828,513.6|446.1
10829,445.15|533.65
10830,448.55|584.95
10831,350.45|592.3
10832,367.2|430.35
10833,576.65|383.75
10834,260.1|251.7
10835,466.95|351.0
10836,357.65|213.55
10837,249.95|558.3
10838,481.1|485.55
10839,542.3|239.05
10840,225.2|382.05
10841,215.4|482.95
10842,294.65|539.05
10843,310.9|409.95
10844,402.1|216.25
10845,465.2|528.75
10846,344.7|399.35
10847,319.6|370.05
10848,459.4|400.05
10849,218.0|306.6
10850,356.95|215.1
10851,482.95|213.55
10852,425.45|331.3
10853,437.95|348.8
10854,450.75|241.15
10855,279.25|588.2
10856,232.95|368.6
10857,401.25|511.5
10858,362.1|213.5
10859,433.05|527.95
10860,472.45|463.05
10861,535.5|507.25
10862,579.35|258.15
10863,386.15|585.85
10864,360.75|549.65
10865,342.25|374.7
10866,264.25|562.2
10867,389.2|296.55
10868,539.8|345.6
10869,344.4|373.45
10870,565.5|586.2
10871,486.25|339.4
10872,339.35|399.15
10873,373.5|337.3
10874,592.95|484.65
10875,298.55|523.5
10876,411.55|233.7
10877,409.35|264.3
10878,455.7|375.0
10879,359.7|321.9
10880,430.1|260.55
10881,334.25|549.45
10882,353.25|560.2
10883,254.6|257.55
10884,516.35|573.5
10885,338.9|321.9
10886,216.45|409.25
10887,535.35|220.8
10888,524.45|455.2
10889,531.45|527.75
10890,282.25|542.45
10891,352.25|501.9
10892,562.45|377.8
10893,403.55|392.95
10894,338.4|547.9
10895,349.8|485.3
10896,237.35|328.55
10897,555.05|338.5
10898,532.65|560.8
10899,261.95|347.8
10900,472.2|305.15
10901,493.65|492.15
10902,453.6|579.5
10903,393.05|333.35
10904,579.8|523.6
10905,370.5|595.95
10906,238.35|305.35
10907,339.45|347.55
10908,505.4|311.1
10909,378.1|217.05
10910,206.05|454.05
10911,480.95|452.95
10912,248.2|410.7
10913,479.4|491.3
10914,459.15|454.6
10915,412.85|535.4
10916,553.3|324.55
10917,501.3|374.25
10918,384.4|355.45
10919,218.7|488.75
10920,341.9|216.45
10921,284.65|396.75
10922,236.45|432.7
10923,471.5|342.4
10924,227.45|252.8
10925,359.25|583.45
10926,585.95|494.25
10927,432.0|407.25
10928,255.35|263.9
10929,446.65|549.3
10930,287.1|283.85
10931,443.7|539.7
10932,405.9|588.5
10933,214.8|317.75
10934,291.2|273.9
10935,374.9|239.25
10936,381.9|210.85
10937,215.35|296.25
10938,302.1|314.0
10939,211.35|514.15
10940,371.4|262.0
10941,416.95|312.65
10942,325.3|526.15
10943,219.15|231.85
10944,330.1|410.25
10945,363.3|565.7
10946,237.55|433.25
10947,346.35|374.1
10948,268.2|274.5
10949,459.3|272.4
10950,257.6|481.55
10951,373.85|442.4
10952,267.1|287.35
10953,280.35|358.2
10954,592.6|592.35
10955,391.35|247.2
10956,251.1|430.45
10957,274.7|333.1
10958,433.75|422.35
10959,448.9|353.05
10960,543.1|247.2
10961,381.0|212.4
10962,531.45|546.0
10963,462.7|474.15
10964,473.15|367.1
10965,462.45|553.55
10966,337.2|263.2
10967,413.25|322.15
10968,413.05|209.0
10969,447.0|570.65
10970,341.65|508.4
10971,417.7|270.5
10972,230.2|267.35
10973,546.8|292.35
10974,459.8|453.25
10975,389.0|483.65
10976,568.85|276.4
10977,277.1|351.2
10978,370.5|322.2
10979,425.6|368.8
10980,207.05|520.0
10981,587.55|344.9
10982,376.55|383.75
10983,343.8|538.0
10984,399.0|557.0
10985,270.8|366.6
10986,348.6|206.7
10987,386.05|400.6
10988,554.65|259.45
10989,433.65|517.2
10990,538.8|458.85
10991,280.9|296.85
10992,573.65|264.6
10993,333.7|550.05
10994,581.1|215.35
10995,413.7|300.6
10996,457.45|238.4
10997,574.35|495.0
10998,533.8|439.0
10999,555.15|582.05
11000,429.7|442.65
11001,402.15|575.85
11002,559.85|251.5
11003,297.55|451.1
11004,451.65|568.2
11005,362.45|331.0
11006,409.1|215.3
11007,215.0|326.2
11008,511.7|532.4
11009,428.1|557.2
11010,464.05|382.7
11011,473.3|216.5
11012,461.25|255.05
11013,442.6|564.7
11014,221.65|471.5
11015,577.05|445.3
11016,590.85|464.05
11017,584.5|439.75
11018,283.2|498.9
11019,211.6|244.45
11020,343.25|218.3
11021,286.6|338.25
11022,342.85|247.9
11023,569.0|461.65
11024,477.1|510.55
11025,266.85|494.75
11026,573.0|518.0
11027,530.6|553.8
11028,464.35|237.2
11029,373.9|574.0
11030,550.0|521.4
11031,241.95|356.8
11032,211.25|352.5
11033,353.6|591.95
11034,251.75|280.6
11035,456.15|351.2
11036,409.25|469.55
11037,484.25|288.05
11038,474.5|280.5
11039,389.0|542.7
11040,403.15|539.9
11041,353.85|594.45
11042,217.65|352.1
11043,463.7|363.5
11044,521.3|531.75
11045,290.95|370.4
11046,357.1|388.8
11047,424.75|476.7
11048,522.3|347.0
11049,499.45|353.1
11050,470.6|485.5
11051,219.6|370.55
11052,381.5|363.0
11053,215.15|587.3
11054,283.6|433.85
11055,551.05|588.0
11056,459.45|479.4
11057,311.55|463.1
11058,224.95|302.5
11059,465.15|367.1
11060,299.65|374.6
11061,380.55|206.7
11062,255.15|212.65
11063,402.6|346.7
11064,224.35|569.1
11065,582.95|412.6
11066,288.45|497.3
11067,362.15|359.7
11068,590.6|279.45
11069,253.55|511.45
11070,251.65|509.1
11071,545.35|573.6
11072,264.1|379.45
11073,537.7|432.2
11074,480.95|379.55
11075,457.05|290.95
11076,236.55|492.9
11077,473.95|429.9
11078,448.3|411.35
11079,320.7|593.35
11080,588.0|381.8
11081,323.0|335.15
11082,547.15|551.95
11083,238.6|423.5
11084,222.8|401.95
11085,414.35|569.5
11086,246.6|342.3
11087,466.7|303.25
11088,574.55|223.6
11089,442.35|470.6
11090,347.7|491.55
11091,480.65|284.9
11092,410.3|566.25
11093,574.25|365.8
11094,589.55|549.35
11095,383.0|240.25
11096,441.15|406.65
11097,434.3|503.55
11098,593.3|363.2
11099,269.1|329.85
11100,266.0|361.95
11101,455.25|420.85
11102,220.25|453.7
11103,253.95|382.95
11104,245.05|280.45
11105,411.9|415.95
11106,277.6|490.5
11107,517.75|460.25
11108,399.65|507.25
11109,279.9|403.75
11110,409.05|391.2
11111,360.75|331.2
11112,502.3|491.6
11113,476.05|349.85
11114,254.9|396.35
11115,208.35|532.05
11116,399.55|509.6
11117,376.9|452.35
11118,464.6|361.75
11119,474.8|394.35
11120,234.2|566.95
11121,569.95|469.95
11122,415.8|325.15
11123,567.75|578.55
11124,211.45|525.4
11125,290.6|333.2
11126,460.0|426.6
11127,219.05|228.65
11128,447.5|456.35
11129,224.2|249.05
11130,248.9|338.85
11131,594.1|277.05
11132,390.55|409.25
11133,378.45|579.0
11134,584.15|211.85
11135,586.4|365.15
11136,456.65|541.4
11137,436.15|364.65
11138,270.0|299.8
11139,222.8|269.0
11140,563.15|593.4
11141,360.6|593.9
11142,277.1|461.6
11143,267.8|230.15
11144,443.2|439.65
11145,297.3|488.3
11146,399.85|497.55
11147,219.9|582.5
11148,229.25|593.5
11149,417.05|481.75
11150,406.75|384.55
11151,418.2|393.3
11152,386.1|439.9
11153,389.6|572.05
11154,318.05|401.55
11155,268.1|377.0
11156,293.95|432.75
11157,594.8|262.45
11158,263.6|574.2
11159,417.4|453.3
11160,539.95|324.5
11161,365.85|216.25
11162,456.05|446.35
11163,320.9|369.8
11164,372.0|216.75
11165,359.95|382.5
11166,384.3|483.35
11167,287.6|425.15
11168,238.25|218.25
11169,244.65|567.45
11170,426.2|417.85
11171,443.45|547.95
11172,415.5|536.55
11173,288.4|290.6
11174,574.1|552.2
11175,510.05|514.9
11176,582.0|401.65
11177,408.4|522.0
11178,429.2|570.45
11179,218.35|489.3
11180,253.45|265.7
11181,560.7|272.35
11182,268.35|572.1
11183,245.6|428.45
11184,381.5|214.45
11185,502.95|462.8
11186,488.0|278.7
11187,298.1|531.7
11188,541.05|583.0
11189,330.2|326.2
11190,256.35|235.35
11191,456.75|490.9
11192,594.2|234.1
11193,281.75|590.0
11194,586.7|498.0
11195,283.6|439.8
11196,495.3|231.25
11197,250.3|460.95
11198,282.2|388.9
11199,209.3|585.4
11200,346.75|329.35
11201,465.45|448.5
11202,400.1|591.8
11203,437.85|316.05
11204,364.3|515.6
11205,328.4|383.95
11206,339.9|557.15
11207,390.55|517.3
11208,367.7|315.55
11209,279.65|364.85
11210,541.05|528.35
11211,542.4|328.8
11212,453.65|290.1
11213,235.0|390.1
11214,493.8|307.65
11215,536.0|244.1
11216,582.7|421.65
11217,577.45|552.75
11218,533.75|509.15
11219,280.6|327.0
11220,448.0|418.65
11221,576.65|297.3
11222,448.55|360.0
11223,542.7|339.2
11224,258.5|238.8
11225,295.4|328.25
11226,455.25|342.35
11227,393.8|381.45
11228,491.5|503.65
11229,216.6|332.55
11230,321.0|517.35
11231,488.45|264.6
11232,488.85|504.5
11233,324.2|411.8
11234,429.45|557.75
11235,347.35|278.25
11236,460.3|424.2
11237,587.5|579.45
11238,528.4|397.95
11239,574.5|298.65
11240,337.1|326.85
11241,538.85|522.4
11242,258.3|347.25
11243,376.4|569.8
11244,392.5|546.2
11245,217.25|238.1
11246,275.05|567.1
11247,278.45|390.25
11248,270.45|211.35
11249,471.05|291.45
11250,356.4|517.8
11251,575.35|365.05
11252,477.1|346.55
11253,357.1|286.45
11254,404.55|375.4
11255,588.8|520.95
11256,434.1|383.55
11257,460.1|292.25
11258,590.1|581.3
11259,320.25|512.9
11260,476.6|511.45
11261,251.05|259.7
11262,496.05|520.85
11263,413.05|479.15
11264,477.65|385.35
11265,401.05|360.1
11266,257.6|479.9
11267,394.25|524.4
11268,227.85|463.3
11269,288.2|585.1
11270,336.3|243.05
11271,371.95|391.9
11272,469.6|268.75
11273,335.8|210.7
11274,401.0|299.8
11275,278.65|539.05
11276,578.5|585.6
11277,248.8|413.85
11278,412.35|560.25
11279,422.85|346.65
11280,270.9|260.1
11281,275.15|317.65
11282,342.3|579.4
11283,361.55|415.35
11284,211.0|579.4
11285,464.35|344.15
11286,269.0|280.75
11287,576.5|377.2
11288,303.2|396.25
11289,437.8|468.6
11290,423.65|275.95
11291,431.9|217.0
11292,247.5|220.7
11293,308.1|352.35
11294,229.95|219.55
11295,297.8|593.85
11296,294.1|517.1
11297,587.55|299.35
11298,395.45|473.95
11299,515.1|440.7
11300,212.45|583.1
11301,579.4|567.5
11302,411.5|442.7
11303,282.95|430.3
11304,468.8|289.45
11305,530.2|235.3
11306,592.0|279.05
11307,591.75|559.95
11308,471.1|243.6
11309,577.55|316.45
11310,317.55|230.9
11311,385.65|560.0
11312,546.95|326.0
11313,463.55|368.3
11314,526.95|533.05
11315,257.8|223.55
11316,468.2|577.15
11317,530.15|428.8
11318,239.4|554.65
11319,341.55|429.0
11320,322.2|328.05
11321,592.75|291.6
11322,556.65|525.0
11323,466.35|448.75
11324,206.15|500.0
11325,400.65|301.5
11326,390.3|308.9
11327,369.55|327.05
11328,450.25|560.6
11329,424.55|481.3
11330,547.1|504.3
11331,531.05|487.7
11332,224.8|571.5
11333,303.35|572.75
11334,504.85|226.85
11335,304.15|360.45
11336,595.65|580.7
11337,462.95|325.75
11338,563.75|524.1
11339,260.4|224.7
11340,464.45|375.35
11341,425.3|498.45
11342,564.7|557.5
11343,235.25|544.95
11344,533.45|451.4
11345,207.05|467.95
11346,273.15|535.65
11347,381.85|341.55
11348,468.45|455.3
11349,443.45|438.85
11350,574.05|445.4
11351,390.65|530.85
11352,575.6|412.45
11353,535.45|379.15
11354,571.05|339.75
11355,394.0|304.8
11356,488.7|517.8
11357,564.85|442.15
11358,262.2|336.25
11359,425.2|436.45
11360,588.2|266.65
11361,316.45|372.25
11362,240.05|405.45
11363,470.55|388.0
11364,442.15|389.6
11365,375.4|439.85
11366,212.2|585.9
11367,456.1|224.0
11368,571.9|272.8
11369,461.55|567.05
11370,564.05|247.05
11371,460.15|463.35
11372,424.0|380.45
11373,209.15|508.6
11374,455.9|259.0
11375,387.15|431.65
11376,362.2|229.4
11377,243.45|443.05
11378,408.6|266.4
11379,585.0|327.95
11380,376.35|414.85
11381,474.75|248.8
11382,420.8|459.45
11383,413.55|337.45
11384,326.6|416.45
11385,547.25|232.8
11386,373.6|221.35
11387,551.1|550.6
11388,278.75|344.95
11389,498.1|265.15
11390,327.9|247.35
11391,348.15|348.15
11392,430.5|577.4
11393,286.8|304.75
11394,464.7|220.2
11395,417.1|590.0
11396,472.55|277.7
11397,375.85|478.05
11398,374.55|300.0
11399,411.15|578.55
11400,579.0|459.95
11401,288.85|333.15
11402,557.4|498.1
11403,445.0|390.85
11404,570.2|448.1
11405,221.5|411.05
11406,213.35|302.05
11407,213.95|301.1
11408,277.6|262.95
11409,490.7|505.65
11410,393.45|285.25
11411,265.95|271.75
11412,387.65|276.15
11413,452.65|589.25
11414,546.9|535.8
11415,228.25|389.7
11416,370.95|591.75
11417,397.25|233.95
11418,459.15|223.95
11419,294.35|377.95
11420,361.85|595.95
11421,453.5|497.9
11422,240.1|567.2
11423,209.6|583.1
11424,233.1|443.3
11425,563.15|461.65
11426,247.6|550.45
11427,593.55|406.7
11428,235.4|491.3
11429,404.05|449.95
11430,271.9|578.75
11431,417.8|588.15
11432,518.5|516.25
11433,595.7|406.4
11434,443.45|297.6
11435,412.3|554.4
11436,448.3|554.55
11437,409.8|238.45
11438,401.9|394.85
11439,267.15|559.35
11440,548.95|323.3
11441,205.35|508.95
11442,279.7|281.55
11443,592.5|410.6
11444,517.25|436.6
11445,347.65|256.7
11446,458.05|497.3
11447,227.6|392.85
11448,277.8|444.8
11449,568.0|308.3
11450,260.65|386.35
11451,320.55|382.25
11452,587.4|302.75
11453,580.6|477.4
11454,363.95|503.5
11455,209.3|487.2
11456,362.4|225.45
11457,259.85|513.7
11458,374.4|226.2
11459,462.15|326.2
11460,407.5|213.5
11461,440.65|552.4
11462,584.45|580.15
11463,346.75|539.4
11464,578.25|469.65
11465,287.6|311.45
11466,435.35|318.25
11467,375.2|247.65
11468,239.0|392.9
11469,211.55|568.55
11470,280.8|321.8
11471,366.55|490.1
11472,440.5|580.2
11473,378.35|263.35
11474,449.9|440.55
11475,339.3|400.2
11476,583.6|584.6
11477,475.25|238.6
11478,387.85|271.25
11479,343.6|521.45
11480,487.2|479.65
11481,558.5|313.35
11482,405.25|288.6
11483,249.55|456.2
11484,563.5|586.8
11485,551.55|552.55
11486,487.85|353.45
11487,243.9|342.6
11488,348.85|513.55
11489,470.95|479.15
11490,332.35|264.55
11491,328.3|333.35
11492,544.0|548.45
11493,289.65|451.55
11494,248.65|363.6
11495,345.05|259.25
11496,569.5|298.65
11497,237.6|430.35
11498,255.5|280.7
11499,219.6|361.1
11500,428.05|587.25
11501,345.05|230.1
11502,594.7|395.1
11503,226.35|572.0
11504,307.85|385.75
11505,481.0|246.6
11506,390.95|322.7
11507,329.5|355.45
11508,458.6|336.9
11509,467.7|347.4
11510,591.9|284.2
11511,440.35|371.05
11512,270.25|383.45
11513,481.45|334.2
11514,407.6|452.45
11515,564.45|466.05
11516,588.1|583.0
11517,325.3|509.9
11518,527.2|560.85
11519,526.0|456.15
11520,589.2|219.65
11521,430.4|267.9
11522,591.55|498.2
11523,441.0|221.65
11524,407.6|281.7
11525,569.8|306.2
11526,532.55|414.7
11527,569.8|466.95
11528,236.6|257.5
11529,368.15|222.15
11530,269.25|355.8
11531,207.1|542.25
11532,370.1|543.7
11533,569.7|472.05
11534,457.55|567.95
11535,554.8|263.8
11536,339.0|326.55
11537,497.1|424.1
11538,433.4|332.0
11539,589.15|339.85
11540,209.6|323.75
11541,426.7|289.95
11542,367.25|501.45
11543,594.9|419.35
11544,519.85|524.05
11545,583.3|528.05
11546,569.7|555.5
11547,585.65|516.55
11548,450.2|222.2
11549,206.85|364.6
11550,259.0|564.75
11551,523.3|507.95
11552,428.75|368.85
11553,368.2|449.85
11554,271.7|296.4
11555,302.85|561.2
11556,405.15|438.9
11557,543.8|591.7
11558,537.3|542.15
11559,560.05|496.85
11560,226.5|373.35
11561,539.55|327.15
11562,377.85|225.3
11563,320.0|406.15
11564,564.2|419.95
11565,451.8|584.55
11566,255.3|295.95
11567,478.2|268.4
11568,257.0|416.1
11569,424.6|375.3
11570,467.8|328.05
11571,226.5|521.7
11572,385.3|465.95
11573,305.4|580.85
11574,572.15|380.85
11575,371.6|370.2
11576,297.2|584.3
11577,586.5|557.1
11578,232.05|332.95
11579,586.45|586.7
11580,374.2|281.85
11581,222.9|229.5
11582,377.8|282.5
11583,210.35|387.0
11584,431.1|381.25
11585,275.4|564.85
11586,458.4|341.55
11587,472.6|522.95
11588,450.8|360.3
11589,557.9|225.9
11590,426.7|402.2
11591,403.5|298.55
11592,238.0|481.75
11593,421.2|359.95
11594,431.95|482.75
11595,238.75|289.45
11596,284.95|437.1
11597,557.55|322.55
11598,305.8|394.75
11599,292.5|527.3
11600,289.7|455.65
11601,496.3|462.2
11602,467.9|219.2
11603,396.5|481.0
11604,469.3|300.8
11605,471.45|335.15
11606,553.35|560.65
11607,370.1|340.8
11608,531.25|570.55
11609,205.9|474.55
11610,232.25|502.5
11611,419.8|211.75
11612,540.75|344.2
11613,462.25|417.85
11614,572.15|471.0
11615,268.65|237.85
11616,462.05|575.75
11617,546.35|322.5
11618,522.9|520.95
11619,229.4|246.55
11620,366.1|387.2
11621,348.2|208.15
11622,338.5|260.7
11623,367.85|363.85
11624,502.7|432.35
11625,503.9|320.25
11626,540.45|518.15
11627,240.9|587.0
11628,324.05|325.2
11629,452.35|566.9
11630,286.2|373.5
11631,266.6|580.65
11632,584.0|382.45
11633,501.25|531.5
11634,565.5|549.05
11635,521.15|530.25
11636,337.8|238.1
11637,571.65|403.45
11638,579.85|248.15
11639,578.05|568.8
11640,301.3|560.2
11641,331.45|244.8
11642,281.7|437.5
11643,258.3|338.8
11644,408.2|273.1
11645,562.5|331.0
11646,498.95|464.8
11647,251.85|424.15
11648,411.1|419.65
11649,302.5|478.75
11650,577.45|359.6
11651,555.4|294.75
11652,582.85|473.9
11653,447.35|226.45
11654,395.95|262.25
11655,343.85|398.9
11656,420.05|287.3
11657,422.1|305.85
11658,213.15|489.7
11659,211.75|462.35
11660,268.0|387.25
11661,513.8|347.25
11662,466.35|348.3
11663,582.05|526.9
11664,576.9|559.75
11665,549.0|585.0
11666,469.75|359.85
11667,265.5|358.25
11668,444.5|499.4
11669,420.5|589.8
11670,382.45|417.75
11671,407.85|297.5
11672,224.6|328.2
11673,370.45|387.4
11674,287.15|502.45
11675,583.05|565.5
11676,236.7|408.85
11677,333.1|567.85
11678,329.6|402.5
11679,397.95|492.65
11680,373.95|250.9
11681,384.5|358.8
11682,208.1|461.8
11683,435.8|393.35
11684,376.4|567.3
11685,364.55|288.0
11686,430.85|578.85
11687,468.9|279.35
11688,576.35|295.4
11689,208.25|357.25
11690,565.75|587.1
11691,309.9|525.95
11692,438.55|555.65
11693,244.75|485.45
11694,399.9|477.0
11695,262.6|397.5
11696,404.35|203.65
11697,360.2|594.1
11698,463.6|240.75
11699,400.55|212.05
11700,257.05|438.9
11701,462.05|565.25
11702,535.8|294.35
11703,259.3|575.2
11704,413.95|573.35
11705,432.9|587.15
11706,265.35|557.1
11707,216.9|316.65
11708,545.6|446.55
11709,209.4|452.3
11710,221.7|488.65
11711,392.1|289.7
11712,392.25|334.65
11713,369.25|337.2
11714,370.85|498.7
11715,570.55|510.4
11716,444.45|539.1
11717,263.25|226.05
11718,564.0|443.7
11719,233.65|484.65
11720,280.75|340.95
11721,575.65|408.2
11722,436.15|208.15
11723,531.3|511.65
11724,254.15|569.15
11725,583.2|461.55
11726,465.85|299.7
11727,460.3|461.1
11728,231.8|382.3
11729,589.3|234.25
11730,401.95|593.35
11731,336.7|342.85
11732,380.9|205.7
11733,448.65|355.15
11734,581.15|454.0
11735,574.3|457.15
11736,263.8|227.9
11737,207.95|586.55
11738,514.4|457.35
11739,512.5|508.1
11740,377.95|270.05
11741,269.8|425.25
11742,555.7|452.15
11743,370.3|214.05
11744,240.8|395.3
11745,449.9|254.75
11746,212.75|257.9
11747,475.6|333.4
11748,263.7|424.8
11749,330.05|334.65
11750,464.2|223.4
11751,588.75|346.55
11752,318.2|318.15
11753,466.9|216.3
11754,458.55|494.45
11755,274.0|494.95
11756,260.55|306.3
11757,299.0|375.8
11758,332.3|330.15
11759,258.55|276.0
11760,207.8|581.25
11761,438.05|549.1
11762,274.4|466.5
11763,231.25|428.85
11764,581.7|496.3
11765,491.15|545.25
11766,441.8|357.75
11767,360.25|343.75
11768,419.75|571.0
11769,455.2|377.85
11770,209.2|255.45
11771,424.35|584.1
11772,445.15|382.15
11773,460.05|383.6
11774,222.95|472.4
11775,564.2|451.45
11776,383.1|585.9
11777,266.25|567.6
11778,579.35|447.95
11779,561.95|455.15
11780,549.6|326.45
11781,497.7|331.9
11782,590.2|393.6
11783,220.55|496.6
11784,374.75|291.1
11785,446.65|231.55
11786,560.5|487.3
11787,222.55|556.15
11788,562.7|304.05
11789,446.55|302.6
11790,266.45|347.2
11791,351.4|586.45
11792,525.1|451.55
11793,579.35|365.9
11794,591.85|589.15
11795,282.25|386.15
11796,464.4|450.0
11797,441.35|377.8
11798,410.45|402.25
11799,296.8|514.1
11800,546.45|290.85
11801,550.9|522.65
11802,238.7|320.95
11803,443.05|441.05
11804,360.75|445.95
11805,281.2|587.35
11806,256.0|285.45
11807,392.05|560.9
11808,239.55|349.75
11809,470.15|241.8
11810,507.4|489.0
11811,253.65|561.8
11812,342.8|223.55
11813,545.25|497.4
11814,431.95|436.5
11815,327.85|360.1
11816,471.2|480.95
11817,378.85|214.35
11818,455.85|554.45
11819,587.0|219.5
11820,282.95|591.45
11821,262.45|237.05
11822,412.8|501.5
11823,395.0|366.35
11824,337.7|390.3
11825,404.7|502.4
11826,449.5|314.05
11827,381.15|220.85
11828,355.3|526.2
11829,226.3|476.6
11830,575.55|454.65
11831,217.8|300.6
11832,242.9|390.3
11833,349.9|549.7
11834,425.95|578.9
11835,485.0|465.15
11836,350.3|433.35
11837,229.55|577.1
11838,210.5|218.9
11839,221.75|480.15
11840,481.1|506.85
11841,274.8|559.2
11842,394.85|575.85
11843,344.6|421.4
11844,479.8|220.7
11845,272.85|282.95
11846,451.1|370.55
11847,513.85|357.9
11848,593.2|475.85
11849,366.0|220.75
11850,286.5|491.5
11851,242.4|212.3
11852,465.5|216.65
11853,440.45|509.75
11854,575.65|538.55
11855,276.9|381.7
11856,235.3|501.0
11857,578.95|484.35
11858,469.15|286.55
11859,540.7|441.7
11860,391.75|379.25
11861,518.25|536.6
11862,569.45|264.55
11863,274.85|461.5
11864,519.5|338.7
11865,376.4|587.5
11866,413.55|585.2
11867,434.25|523.8
11868,210.1|475.35
11869,249.65|437.0
11870,539.7|457.35
11871,353.8|548.2
11872,360.8|498.15
11873,453.7|381.85
11874,459.25|453.55
11875,243.9|576.15
11876,520.5|313.6
11877,229.15|535.8
11878,258.3|293.55
11879,588.6|512.8
11880,417.25|540.45
11881,262.7|228.7
11882,453.0|542.45
11883,412.3|367.95
11884,293.45|494.45
11885,262.0|420.05
11886,441.05|456.55
11887,584.0|553.95
11888,581.25|265.1
11889,469.2|485.5
11890,585.25|228.4
11891,480.15|517.5
11892,540.15|590.15
11893,337.65|344.35
11894,280.0|554.7
11895,346.55|232.5
11896,540.45|249.85
11897,559.3|221.3
11898,585.8|303.75
11899,550.1|586.7
11900,269.2|346.65
11901,380.1|464.5
11902,245.65|415.25
11903,584.15|337.35
11904,359.05|472.45
11905,481.15|504.15
11906,437.4|588.0
11907,434.35|460.3
11908,461.05|360.95
11909,214.85|435.7
11910,251.9|224.9
11911,540.0|537.55
11912,405.6|205.45
11913,482.15|354.2
11914,530.85|501.7
11915,388.6|507.95
11916,289.2|291.9
11917,278.75|324.05
11918,363.15|250.95
11919,220.8|528.55
11920,371.3|256.2
11921,525.95|493.6
11922,542.1|583.7
11923,443.9|582.05
11924,293.95|338.7
11925,410.45|344.65
11926,568.95|434.0
11927,249.25|563.1
11928,575.45|473.2
11929,278.6|538.9
11930,537.65|446.05
11931,572.4|406.35
11932,360.2|366.65
11933,386.8|408.55
11934,254.5|489.25
11935,343.25|296.3
11936,530.3|299.75
11937,404.1|593.2
11938,398.0|240.7
11939,283.1|390.5
11940,526.8|547.05
11941,462.55|216.45
11942,562.95|406.75
11943,360.55|517.3
11944,360.8|543.0
11945,279.75|588.95
11946,267.6|227.65
11947,263.2|565.95
11948,245.95|247.3
11949,402.05|569.6
11950,209.8|463.25
11951,568.5|418.25
11952,300.55|310.8
11953,281.3|380.05
11954,573.85|566.65
11955,590.7|369.1
11956,413.95|475.7
11957,399.1|490.9
11958,225.95|307.85
11959,575.35|356.3
11960,259.4|237.5
11961,226.8|440.85
11962,458.85|509.85
11963,557.55|268.55
11964,244.7|231.3
11965,539.0|353.85
11966,352.3|258.65
11967,213.8|579.5
11968,280.35|508.85
11969,244.7|521.05
11970,572.1|255.35
11971,595.35|428.8
11972,226.2|362.45
11973,464.7|315.1
11974,581.8|230.7
11975,561.75|425.3
11976,227.55|263.45
11977,468.9|240.15
11978,475.7|333.95
11979,246.6|510.05
11980,576.75|407.6
11981,345.75|554.2
11982,278.4|305.4
11983,331.55|456.65
11984,421.25|591.5
11985,468.05|212.55
11986,366.8|377.15
11987,439.95|311.2
11988,592.4|561.45
11989,555.85|296.45
11990,288.4|241.15
11991,403.25|512.3
11992,429.85|222.65
11993,421.55|333.1
11994,257.1|355.65
11995,580.95|281.9
11996,215.3|495.0
11997,240.6|378.15
11998,473.7|427.1
11999,419.7|524.85
12000,275.25|522.15
12001,591.95|364.8
12002,237.85|480.4
12003,248.85|317.6
12004,209.9|382.8
12005,212.25|494.5
12006,530.15|573.7
12007,548.0|277.2
12008,399.45|560.35
12009,350.5|572.2
12010,478.1|266.8
12011,422.9|248.0
12012,275.7|396.25
12013,575.15|240.5
12014,225.0|518.15
12015,415.15|572.85
12016,413.3|340.2
12017,206.95|479.05
12018,241.45|573.0
12019,441.8|526.4
12020,361.75|573.15
12021,532.9|536.7
12022,420.8|380.05
12023,242.75|284.95
12024,558.75|473.55
12025,387.3|509.15
12026,406.45|540.45
12027,259.0|212.65
12028,422.5|459.65
12029,297.6|366.0
12030,543.9|585.95
12031,284.8|590.15
12032,251.75|253.45
12033,223.25|473.5
12034,444.65|382.15
12035,217.25|512.6
12036,397.1|354.9
12037,385.3|584.7
12038,510.25|533.25
12039,434.45|567.8
12040,572.65|215.4
12041,211.45|409.25
12042,213.9|585.9
12043,467.9|226.8
12044,424.05|532.2
12045,430.7|481.1
12046,344.55|435.05
12047,366.25|282.8
12048,586.2|481.0
12049,265.0|590.2
12050,203.6|476.1
12051,241.2|390.0
12052,349.45|273.45
12053,465.35|446.25
12054,395.1|421.7
12055,243.4|231.35
12056,557.55|223.05
12057,393.3|492.15
12058,279.3|565.85
12059,262.0|444.05
12060,452.6|213.35
12061,396.55|215.65
12062,541.7|345.45
12063,370.1|343.3
12064,240.4|286.15
12065,397.8|585.15
12066,373.9|595.15
12067,505.05|219.7
12068,368.05|317.75
12069,413.45|588.85
12070,418.0|311.6
12071,575.85|465.3
12072,565.6|232.05
12073,353.4|593.25
12074,569.2|268.85
12075,529.5|350.45
12076,370.9|511.35
12077,397.0|312.7
12078,384.6|391.5
12079,260.25|591.7
12080,578.4|280.6
12081,223.95|462.6
12082,434.75|257.3
12083,568.2|285.3
12084,283.3|572.7
12085,409.35|379.4
12086,438.85|246.5
12087,547.85|579.55
12088,209.55|336.55
12089,226.75|545.65
12090,570.6|402.6
12091,289.55|445.25
12092,231.35|290.55
12093,545.45|308.85
12094,356.2|437.5
12095,209.25|511.1
12096,228.8|328.25
12097,250.9|435.9
12098,440.05|311.8
12099,544.4|515.95
12100,494.75|509.15
12101,475.8|240.6
12102,220.65|223.7
12103,581.7|331.65
12104,206.25|522.7
12105,576.8|301.0
12106,389.65|332.2
12107,283.1|458.15
12108,290.75|522.35
12109,573.8|568.35
12110,521.4|242.95
12111,242.05|422.9
12112,591.35|294.1
12113,241.7|507.45
12114,535.3|534.9
12115,457.3|443.9
12116,580.6|505.55
12117,233.15|594.2
12118,220.15|348.65
12119,452.95|553.3
12120,261.2|297.4
12121,443.15|591.75
12122,419.9|492.1
12123,558.75|586.05
12124,353.65|302.75
12125,346.85|495.35
12126,219.55|390.8
12127,410.75|361.7
12128,354.0|452.1
12129,477.2|369.25
12130,249.0|282.55
12131,412.45|525.95
12132,495.4|224.8
12133,573.9|267.0
12134,594.4|383.05
12135,416.4|487.3
12136,279.1|255.35
12137,285.05|519.95
12138,549.75|238.75
12139,404.05|458.25
12140,437.15|470.95
12141,595.45|561.65
12142,450.4|389.95
12143,307.65|379.95
12144,261.05|210.7
12145,280.95|575.8
12146,571.4|435.45
12147,469.9|479.45
12148,286.6|523.9
12149,575.85|489.5
12150,264.65|525.9
12151,452.9|533.6
12152,412.0|247.9
12153,292.15|541.4
12154,296.15|352.7
12155,527.35|431.65
12156,471.1|460.7
12157,581.6|292.4
12158,576.65|483.5
12159,438.35|274.7
12160,277.25|389.7
12161,269.65|320.4
12162,411.3|393.55
12163,433.5|449.45
12164,559.45|253.25
12165,232.75|522.35
12166,564.3|291.1
12167,570.75|581.4
12168,235.65|511.95
12169,381.55|339.55
12170,226.0|467.5
12171,595.5|418.45
12172,260.45|467.05
12173,274.85|434.85
12174,341.65|416.55
12175,227.85|565.25
12176,387.9|287.7
12177,272.5|591.2
12178,564.6|536.45
12179,453.6|509.6
12180,224.55|519.9
12181,204.45|516.2
12182,548.9|375.4
12183,387.1|557.6
12184,437.7|315.35
12185,565.25|591.1
12186,471.95|253.5
12187,281.1|494.15
12188,321.0|380.2
12189,586.9|381.75
12190,410.0|219.9
12191,424.95|294.5
12192,526.5|356.05
12193,422.9|592.8
12194,303.25|437.65
12195,414.6|458.5
12196,222.45|305.35
12197,354.4|588.05
12198,254.75|472.7
12199,456.0|464.55
12200,570.95|291.5
12201,493.3|458.25
12202,468.4|352.2
12203,529.3|305.85
12204,253.35|289.75
12205,263.65|281.1
12206,226.9|586.8
12207,566.65|220.25
12208,230.1|338.6
12209,285.05|485.45
12210,214.45|504.25
12211,531.15|453.65
12212,544.65|584.2
12213,561.3|224.35
12214,262.85|581.5
12215,587.75|273.2
12216,344.5|322.35
12217,475.95|367.45
12218,394.95|482.5
12219,391.4|479.2
12220,426.0|444.9
12221,414.05|450.55
12222,348.05|333.9
12223,577.2|398.05
12224,412.85|518.9
12225,392.25|477.85
12226,353.75|215.7
12227,414.65|209.2
12228,441.05|356.35
12229,543.05|365.0
12230,573.35|208.15
12231,395.0|335.3
12232,571.95|483.75
12233,471.3|501.15
12234,397.05|388.75
12235,433.0|220.4
12236,447.5|467.6
12237,563.9|543.5
12238,562.85|299.9
12239,242.8|274.25
12240,533.45|421.65
12241,377.75|594.3
12242,310.25|428.15
12243,317.45|337.9
12244,481.25|380.05
12245,382.45|293.45
12246,342.75|236.4
12247,272.75|514.5
12248,437.75|520.7
12249,223.3|414.85
12250,271.75|395.85
12251,248.4|389.05
12252,369.95|458.8
12253,352.8|242.2
12254,441.85|324.15
12255,217.35|489.05
12256,526.4|407.15
12257,215.8|429.4
12258,394.75|546.1
12259,553.2|360.8
12260,226.2|549.45
12261,427.7|447.4
12262,206.0|574.95
12263,396.3|332.2
12264,544.1|321.4
12265,417.75|586.35
12266,293.1|484.65
12267,256.1|273.8
12268,518.6|458.6
12269,439.05|459.95
12270,267.05|229.7
12271,479.8|525.65
12272,235.05|511.8
12273,516.1|515.65
12274,531.25|502.8
12275,385.0|493.35
12276,351.8|278.3
12277,252.0|478.4
12278,281.05|565.65
12279,210.3|295.9
12280,229.5|568.1
12281,240.6|232.55
12282,295.5|428.95
12283,402.15|224.35
12284,280.7|459.2
12285,316.25|331.3
12286,516.1|481.7
12287,242.4|584.75
12288,563.9|433.65
12289,544.7|285.1
12290,469.0|246.95
12291,371.8|455.0
12292,415.0|586.45
12293,245.65|253.2
12294,405.2|250.25
12295,421.9|492.25
12296,239.0|283.4
12297,545.2|590.3
12298,347.45|291.65
12299,233.15|558.55
12300,348.6|253.55
12301,449.0|588.35
12302,355.0|331.55
12303,233.9|588.1
12304,233.55|561.2
12305,397.25|452.75
12306,390.7|573.5
12307,548.7|263.95
12308,417.8|498.35
12309,215.55|398.25
12310,267.6|400.9
12311,210.45|226.05
12312,383.25|458.25
12313,418.85|344.45
12314,347.5|336.35
12315,529.1|352.55
12316,456.6|579.05
12317,474.15|508.1
12318,282.9|395.4
12319,243.75|589.9
12320,449.4|228.5
12321,416.1|490.45
12322,211.5|265.45
12323,276.65|431.9
12324,345.25|224.6
12325,373.0|316.5
12326,226.25|464.7
12327,447.35|386.65
12328,360.2|553.15
12329,349.65|427.3
12330,419.8|478.55
12331,562.4|346.95
12332,245.6|380.8
12333,408.7|465.8
12334,489.75|221.85
12335,588.1|278.65
12336,371.95|530.1
12337,583.7|414.8
12338,384.25|323.8
12339,273.4|553.8
12340,561.2|249.75
12341,406.45|380.55
12342,261.8|254.35
12343,423.85|581.55
12344,207.9|316.5
12345,397.45|331.9
12346,520.25|506.1
12347,273.45|451.6
12348,344.25|227.5
12349,351.55|334.85
12350,465.3|462.65
12351,475.2|349.8
12352,383.2|472.9
12353,285.2|381.75
12354,565.85|426.4
12355,347.95|390.05
12356,408.85|594.75
12357,579.0|443.8
12358,586.95|370.65
12359,463.6|291.75
12360,446.55|216.45
12361,282.9|546.25
12362,472.5|248.4
12363,338.1|579.65
12364,468.25|249.45
12365,476.9|465.15
12366,392.25|476.9
12367,430.7|458.5
12368,581.65|364.3
12369,569.35|334.85
12370,550.4|239.45
12371,264.25|286.3
12372,366.35|362.85
12373,346.4|533.15
12374,590.55|571.05
12375,524.75|287.85
12376,375.6|581.45
12377,445.55|268.45
12378,582.7|506.55
12379,399.85|466.15
12380,273.4|371.5
12381,245.05|566.7
12382,569.75|238.6
12383,304.25|339.0
12384,347.45|402.35
12385,549.6|338.45
12386,550.25|257.85
12387,445.15|310.6
12388,217.25|304.15
12389,258.5|286.25
12390,234.2|513.6
12391,346.85|590.7
12392,595.2|383.05
12393,440.0|472.2
12394,577.55|501.7
12395,589.4|504.75
12396,508.35|479.45
12397,216.65|299.4
12398,216.4|584.75
12399,331.25|460.1
12400,392.75|439.95
12401,428.05|329.85
12402,451.75|395.7
12403,463.4|260.7
12404,478.65|265.35
12405,405.0|535.55
12406,470.65|287.6
12407,497.4|231.85
12408,273.15|568.8
12409,304.05|587.05
12410,554.1|375.25
12411,354.65|271.95
12412,353.1|573.85
12413,252.5|586.1
12414,476.9|453.2
12415,575.6|413.35
12416,371.2|572.05
12417,579.65|562.1
12418,340.45|222.15
12419,577.55|223.6
12420,367.3|241.2
12421,364.45|442.2
12422,344.9|323.5
12423,274.65|336.8
12424,458.15|380.6
12425,253.9|321.25
12426,561.65|575.05
12427,571.8|582.7
12428,203.35|488.1
12429,252.8|426.7
12430,411.5|209.45
12431,549.15|252.95
12432,396.45|259.75
12433,437.1|541.4
12434,551.75|511.7
12435,564.6|321.45
12436,463.65|436.6
12437,541.05|391.25
12438,351.0|474.15
12439,356.7|322.6
12440,341.5|578.7
12441,540.6|340.75
12442,510.4|493.85
12443,435.4|586.4
12444,341.35|244.45
12445,217.65|399.75
12446,321.5|442.2
12447,240.4|510.2
12448,535.45|329.6
12449,409.0|309.15
12450,466.65|424.45
12451,441.05|535.45
12452,449.0|520.05
12453,588.05|423.15
12454,214.7|403.0
12455,290.65|384.6
12456,278.15|359.65
12457,301.8|571.15
12458,218.45|405.25
12459,394.0|551.15
12460,342.15|560.8
12461,359.2|214.4
12462,564.5|284.2
12463,525.1|524.35
12464,575.7|511.6
12465,581.1|566.95
12466,442.4|389.05
12467,362.5|350.0
12468,564.35|245.65
12469,558.7|474.9
12470,219.85|563.45
12471,274.2|292.05
12472,550.05|255.7
12473,253.55|365.3
12474,438.75|348.5
12475,511.0|469.75
12476,351.25|253.7
12477,527.85|553.65
12478,533.55|322.8
12479,586.25|468.05
12480,321.95|350.7
12481,469.75|422.0
12482,594.15|268.0
12483,392.75|369.2
12484,215.05|373.6
12485,467.6|306.7
12486,466.0|581.2
12487,469.5|528.15
12488,262.25|404.2
12489,440.65|480.55
12490,272.3|514.5
12491,584.65|258.55
12492,320.55|370.5
12493,267.4|260.55
12494,425.55|571.95
12495,531.4|342.9
12496,465.15|445.55
12497,212.7|263.95
12498,218.25|312.2
12499,206.5|444.9
12500,558.5|246.45
12501,590.05|584.65
12502,298.85|357.85
12503,235.1|476.55
12504,585.95|414.5
12505,468.1|431.35
12506,379.2|219.1
12507,377.45|395.1
12508,560.0|218.7
12509,540.3|324.0
12510,344.1|528.95
12511,428.3|246.95
12512,486.35|486.55
12513,584.45|254.5
12514,586.7|405.35
12515,586.15|259.2
12516,555.65|333.55
12517,430.75|342.85
12518,240.5|475.75
12519,580.2|417.1
12520,529.25|264.45
12521,219.7|292.8
12522,347.9|458.15
12523,410.8|296.7
12524,252.8|356.6
12525,247.4|308.4
12526,224.05|437.05
12527,571.15|284.15
12528,410.9|525.3
12529,370.2|287.4
12530,459.65|293.7
12531,428.75|327.1
12532,415.1|366.65
12533,589.6|474.25
12534,455.15|245.3
12535,229.35|499.6
12536,457.55|331.9
12537,216.5|473.75
12538,445.55|261.65
12539,588.95|388.8
12540,395.15|316.15
12541,252.6|563.05
12542,309.45|347.0
12543,576.25|260.25
12544,334.9|530.25
12545,275.5|584.2
12546,387.9|271.8
12547,287.7|433.8
12548,403.65|438.2
12549,250.95|467.4
12550,293.25|363.7
12551,579.25|221.9
12552,528.95|531.35
12553,308.0|363.05
12554,580.9|428.55
12555,227.65|415.2
12556,273.7|335.1
12557,419.2|552.0
12558,525.4|557.9
12559,370.75|215.55
12560,393.9|218.8
12561,205.95|532.3
12562,259.75|438.35
12563,588.45|433.2
12564,270.5|238.8
12565,568.75|324.25
12566,593.05|261.65
12567,583.5|371.45
12568,270.6|561.95
12569,507.8|539.0
12570,469.25|483.95
12571,398.25|237.7
12572,438.45|373.45
12573,529.05|330.9
12574,478.8|248.8
12575,235.15|439.4
12576,339.35|586.85
12577,342.7|426.25
12578,547.05|290.6
12579,562.7|466.05
12580,270.95|276.65
12581,274.5|361.9
12582,258.2|274.85
12583,578.3|538.55
12584,548.5|306.0
12585,473.35|283.55
12586,548.9|292.8
12587,417.95|505.05
12588,570.15|331.25
12589,583.4|549.05
12590,240.3|568.0
12591,319.5|294.05
12592,570.9|305.8
12593,226.45|509.2
12594,429.45|266.0
12595,223.95|393.75
12596,444.95|443.15
12597,421.6|394.45
12598,371.2|215.55
12599,336.2|570.25
12600,211.9|588.95
12601,588.1|311.3
12602,567.9|221.15
12603,250.45|444.55
12604,562.25|254.15
12605,505.3|440.35
12606,421.3|314.85
12607,341.65|316.5
12608,539.45|275.4
12609,553.6|588.35
12610,592.45|477.45
12611,425.85|242.25
12612,401.0|354.75
12613,541.15|273.35
12614,463.0|378.9
12615,355.15|340.05
12616,536.05|339.95
12617,260.85|550.8
12618,584.25|476.15
12619,413.45|364.85
12620,445.0|494.05
12621,313.0|345.05
12622,305.7|328.45
12623,476.05|480.45
12624,463.35|452.7
12625,231.55|353.65
12626,226.6|215.55
12627,279.55|366.6
12628,569.3|568.45
12629,463.35|360.95
12630,536.75|225.9
12631,428.65|590.7
12632,437.85|463.2
12633,236.15|420.55
12634,231.1|444.1
12635,488.6|303.5
12636,243.25|219.05
12637,409.7|471.9
12638,342.6|448.95
12639,356.45|590.8
12640,212.8|524.9
12641,449.75|237.75
12642,454.8|214.5
12643,232.15|400.55
12644,457.7|303.4
12645,412.45|570.5
12646,576.95|417.1
12647,381.4|582.1
12648,254.1|378.7
12649,299.4|362.35
12650,394.6|583.15
12651,439.9|228.7
12652,569.1|477.8
12653,469.85|333.95
12654,241.4|274.0
12655,419.25|367.25
12656,393.4|368.0
12657,416.05|510.85
12658,292.1|571.45
12659,232.15|577.6
12660,374.65|481.9
12661,381.4|484.05
12662,571.25|285.55
12663,367.85|338.5
12664,408.25|321.6
12665,487.75|422.5
12666,463.5|590.5
12667,457.05|463.0
12668,545.0|584.45
12669,258.4|211.9
12670,265.65|297.9
12671,468.1|450.8
12672,260.25|559.6
12673,356.35|485.9
12674,321.6|347.05
12675,354.75|395.4
12676,558.0|313.9
12677,419.35|549.05
12678,426.75|386.25
12679,351.6|435.7
12680,564.2|243.75
12681,411.15|360.45
12682,423.5|441.15
12683,489.2|500.75
12684,487.2|494.35
12685,510.5|504.85
12686,291.95|585.1
12687,279.9|544.7
12688,357.9|293.4
12689,546.1|535.3
12690,567.0|470.5
12691,519.05|496.0
12692,437.75|435.5
12693,405.9|563.6
12694,253.35|429.1
12695,274.4|424.85
12696,338.3|413.6
12697,576.65|586.75
12698,467.25|285.05
12699,538.95|434.1
12700,449.8|318.1
12701,246.25|430.2
12702,474.7|470.15
12703,534.35|590.55
12704,240.25|403.75
12705,447.65|478.85
12706,532.85|424.9
12707,228.95|391.85
12708,276.4|371.45
12709,552.9|551.0
12710,571.55|496.45
12711,447.0|530.85
12712,240.65|233.0
12713,563.95|238.55
12714,317.25|386.25
12715,458.85|277.05
12716,539.3|233.85
12717,288.15|574.65
12718,351.0|592.35
12719,420.15|569.75
12720,437.15|231.4
12721,526.55|489.6
12722,574.6|545.4
12723,239.9|452.3
12724,232.85|296.05
12725,447.7|526.0
12726,468.55|286.7
12727,463.7|328.8
12728,225.9|416.35
12729,556.3|501.05
12730,248.95|578.45
12731,265.85|337.85
12732,211.05|284.0
12733,421.0|292.75
12734,233.5|239.9
12735,260.5|582.25
12736,558.75|332.65
12737,569.9|329.7
12738,256.75|453.8
12739,561.85|581.35
12740,423.55|333.35
12741,594.35|412.65
12742,273.2|589.85
12743,543.25|514.45
12744,521.75|491.3
12745,511.65|220.15
12746,282.5|247.6
12747,553.35|385.5
12748,375.6|356.55
12749,540.35|330.3
12750,571.8|401.05
12751,563.25|261.7
12752,548.2|296.6
12753,382.25|415.0
12754,401.6|242.4
12755,217.35|328.85
12756,583.2|575.5
12757,283.2|582.8
12758,416.5|375.05
12759,582.1|321.0
12760,302.8|375.45
12761,423.1|294.2
12762,418.65|565.85
12763,287.95|543.65
12764,572.1|340.5
12765,528.55|284.3
12766,394.8|375.75
12767,343.05|254.5
12768,401.5|332.85
12769,425.1|326.5
12770,439.35|352.9
12771,452.75|431.7
12772,561.3|569.6
12773,298.9|388.1
12774,226.8|472.95
12775,470.95|465.25
12776,210.0|503.9
12777,405.1|567.8
12778,272.4|404.7
12779,235.65|409.2
12780,413.35|436.7
12781,406.5|532.45
12782,286.1|509.75
12783,468.45|468.65
12784,278.75|334.45
12785,221.2|286.25
12786,208.6|438.9
12787,233.4|362.15
12788,400.05|482.65
12789,463.8|324.45
12790,313.05|566.7
12791,234.5|538.0
12792,246.95|363.25
12793,575.75|218.35
12794,532.45|505.35
12795,563.15|312.1
12796,458.95|329.7
12797,342.4|212.05
12798,385.4|327.15
12799,443.4|304.65
12800,507.15|295.5
12801,435.5|534.0
12802,416.8|321.75
12803,230.3|243.25
12804,403.85|588.8
12805,499.7|231.4
12806,239.4|442.65
12807,214.1|290.1
12808,400.45|498.75
12809,481.9|315.9
12810,385.6|578.1
12811,244.5|486.4
12812,495.9|364.45
12813,524.65|525.2
12814,296.4|426.05
12815,276.05|440.0
12816,427.05|425.65
12817,423.3|382.65
12818,222.9|586.45
12819,267.3|556.0
12820,430.6|308.5
12821,383.05|208.65
12822,478.4|504.35
12823,405.95|417.55
12824,369.55|338.6
12825,532.1|485.35
12826,233.75|367.25
12827,250.35|251.0
12828,426.05|591.8
12829,387.25|349.0
12830,416.8|448.05
12831,244.35|359.35
12832,462.65|248.75
12833,412.8|585.65
12834,278.55|574.4
12835,576.25|403.0
12836,238.15|544.55
12837,555.05|422.05
12838,451.75|411.35
12839,405.1|550.9
12840,263.7|345.15
12841,359.4|328.95
12842,432.65|243.25
12843,424.75|587.45
12844,409.05|245.2
12845,511.6|445.8
12846,250.3|299.65
12847,247.3|422.25
12848,415.2|394.1
12849,228.35|590.45
12850,588.65|368.25
12851,429.9|417.75
12852,284.45|422.05
12853,549.6|514.45
12854,564.2|592.15
12855,454.4|460.95
12856,408.4|340.05
12857,392.9|289.85
12858,403.7|339.7
12859,509.1|321.85
12860,538.2|292.15
12861,579.25|214.6
12862,307.45|441.05
12863,552.2|528.85
12864,409.95|456.6
12865,242.3|294.55
12866,258.45|493.45
12867,289.75|333.6
12868,285.9|424.45
12869,474.35|391.2
12870,234.7|401.7
12871,220.4|583.5
12872,260.3|251.55
12873,416.75|326.0
12874,418.85|349.65
12875,251.8|238.65
12876,238.25|567.75
12877,385.05|407.85
12878,273.4|321.45
12879,591.3|573.8
12880,242.3|265.1
12881,432.65|469.45
12882,557.8|395.1
12883,376.15|529.2
12884,583.45|581.65
12885,241.8|471.4
12886,358.15|351.05
12887,235.8|590.45
12888,425.1|365.95
12889,461.75|233.5
12890,224.65|484.35
12891,430.5|335.85
12892,522.15|562.5
12893,423.2|251.95
12894,425.35|474.65
12895,469.55|536.95
12896,356.85|214.6
12897,467.45|462.75
12898,267.95|270.85
12899,542.05|228.55
12900,583.65|583.55
12901,576.4|319.15
12902,538.6|517.0
12903,548.05|271.2
12904,417.2|244.5
12905,565.05|245.05
12906,504.95|491.15
12907,254.2|337.1
12908,283.3|509.05
12909,214.9|227.85
12910,563.7|233.35
12911,209.6|302.15
12912,412.7|358.9
12913,208.0|564.8
12914,268.4|560.1
12915,269.7|330.35
12916,287.4|345.15
12917,231.5|281.1
12918,405.1|366.5
12919,443.1|517.75
12920,381.65|285.55
12921,232.25|450.05
12922,292.1|321.25
12923,268.65|234.1
12924,404.35|355.2
12925,385.8|318.35
12926,374.7|396.25
12927,446.55|552.65
12928,393.8|216.0
12929,342.25|516.55
12930,404.0|549.15
12931,426.25|589.25
12932,405.6|204.55
12933,410.5|369.25
12934,331.8|436.8
12935,408.25|504.95
12936,253.3|451.25
12937,323.0|351.25
12938,584.85|308.55
12939,561.4|456.9
12940,586.35|554.25
12941,536.15|570.1
12942,398.2|571.85
12943,376.85|379.65
12944,456.25|243.05
12945,563.7|245.15
12946,224.5|285.4
12947,385.35|423.25
12948,553.95|235.0
12949,587.7|372.0
12950,341.2|577.6
12951,446.65|236.05
12952,576.0|581.15
12953,573.25|369.75
12954,391.55|596.5
12955,522.75|510.5
12956,267.7|223.55
12957,470.95|528.15
12958,235.3|290.9
12959,432.5|462.75
12960,572.2|238.95
12961,486.7|213.1
12962,316.25|374.75
12963,549.95|553.8
12964,462.75|451.1
12965,264.95|322.05
12966,391.25|254.65
12967,249.0|353.9
12968,512.85|514.15
12969,387.4|369.7
12970,504.9|428.5
12971,572.85|545.9
12972,369.8|233.05
12973,256.4|440.9
12974,234.0|449.8
12975,265.9|312.15
12976,465.85|289.05
12977,370.25|315.3
12978,571.5|443.3
12979,350.75|568.65
12980,396.2|583.45
12981,337.6|526.6
12982,575.0|320.45
12983,208.2|514.55
12984,392.35|473.85
12985,582.25|485.9
12986,534.35|446.9
12987,348.05|382.65
12988,536.15|258.85
12989,410.1|230.3
12990,389.85|587.55
12991,307.2|308.15
12992,206.4|311.1
12993,592.15|576.45
12994,435.75|383.1
12995,363.7|394.45
12996,399.9|537.45
12997,390.95|288.25
12998,551.0|498.5
12999,434.7|241.8
13000,297.8|372.7
13001,548.25|341.6
13002,235.4|472.5
13003,283.45|294.2
13004,260.3|555.0
13005,263.25|328.55
13006,582.45|454.9
13007,568.05|467.7
13008,465.85|322.0
13009,389.75|268.5
13010,359.95|437.45
13011,405.45|536.7
13012,538.8|439.05
13013,369.75|552.05
13014,373.15|449.9
13015,402.6|556.45
13016,392.75|358.0
13017,526.4|447.95
13018,392.35|382.75
13019,222.3|514.5
13020,554.55|579.0
13021,210.7|264.65
13022,351.65|461.6
13023,272.65|216.6
13024,544.65|228.05
13025,585.75|361.25
13026,397.8|381.6
13027,274.85|372.75
13028,230.9|351.65
13029,421.6|497.85
13030,210.55|474.5
13031,375.15|279.95
13032,354.45|268.3
13033,507.05|552.9
13034,526.25|479.5
13035,213.55|539.85
13036,217.65|587.2
13037,392.15|475.35
13038,290.05|402.65
13039,349.9|239.55
13040,544.8|550.0
13041,357.7|210.3
13042,283.5|581.3
13043,209.4|576.45
13044,333.85|318.35
13045,245.0|356.6
13046,583.5|303.8
13047,528.25|580.8
13048,386.5|461.65
13049,229.05|496.3
13050,462.7|351.6
13051,457.85|244.35
13052,542.05|250.15
13053,545.15|446.5
13054,223.9|233.4
13055,439.8|573.9
13056,229.65|246.95
13057,207.5|517.45
13058,360.8|382.7
13059,232.95|261.95
13060,371.6|487.0
13061,213.15|239.05
13062,580.8|226.45
13063,254.95|217.4
13064,438.35|457.9
13065,471.8|334.35
13066,239.1|390.1
13067,379.35|212.9
13068,285.6|373.45
13069,241.7|217.0
13070,400.35|218.6
13071,284.25|487.5
13072,250.8|277.0
13073,402.1|472.55
13074,539.6|532.2
13075,469.75|486.05
13076,327.3|423.25
13077,451.5|448.1
13078,239.85|363.85
13079,217.8|582.35
13080,586.7|524.75
13081,245.65|360.0
13082,413.55|240.15
13083,514.85|503.95
13084,220.05|306.0
13085,496.7|330.55
13086,446.5|327.25
13087,556.45|572.5
13088,242.0|589.95
13089,544.4|239.15
13090,286.65|380.3
13091,460.55|471.35
13092,383.5|315.65
13093,402.85|370.1
13094,562.9|491.15
13095,395.05|349.65
13096,427.1|361.7
13097,387.8|270.1
13098,402.75|338.1
13099,380.15|426.4
13100,370.05|584.95
13101,352.0|540.6
13102,578.2|442.95
13103,257.45|430.25
13104,568.95|258.55
13105,427.0|343.45
13106,536.75|535.1
13107,250.65|340.65
13108,587.95|430.95
13109,441.9|518.4
13110,213.1|265.2
13111,337.35|415.4
13112,405.0|375.55
13113,257.55|295.25
13114,351.65|415.85
13115,236.15|583.6
13116,250.5|210.5
13117,385.7|439.7
13118,522.85|486.3
13119,565.1|388.05
13120,340.45|324.35
13121,409.85|266.85
13122,583.15|399.55
13123,537.4|415.3
13124,464.4|414.2
13125,389.75|231.55
13126,422.4|476.35
13127,481.5|496.2
13128,205.8|517.05
13129,454.45|459.3
13130,390.2|247.05
13131,446.6|392.35
13132,474.85|565.15
13133,474.45|352.75
13134,387.9|274.3
13135,438.85|377.3
13136,342.6|252.05
13137,248.9|564.9
13138,256.25|213.4
13139,443.25|302.3
13140,558.95|216.2
13141,580.25|348.05
13142,283.45|534.65
13143,270.7|580.1
13144,481.45|352.95
13145,372.2|263.85
13146,449.15|528.15
13147,354.8|258.85
13148,217.05|232.75
13149,244.45|445.25
13150,461.85|432.5
13151,472.9|463.2
13152,236.3|476.2
13153,592.7|404.4
13154,364.45|536.4
13155,390.85|468.5
13156,486.2|408.7
13157,580.8|289.4
13158,540.7|504.55
13159,385.7|560.3
13160,271.55|470.95
13161,468.55|416.4
13162,286.5|329.1
13163,388.05|293.95
13164,588.2|565.3
13165,543.1|476.05
13166,213.15|579.0
13167,438.45|337.25
13168,567.85|406.05
13169,566.6|477.55
13170,293.75|443.55
13171,416.1|581.25
13172,448.75|337.95
13173,441.35|307.3
13174,588.8|221.7
13175,487.3|301.65
13176,568.8|267.45
13177,534.3|535.05
13178,591.35|482.7
13179,215.35|237.15
13180,580.35|213.05
13181,588.05|335.5
13182,455.65|479.35
13183,466.5|419.3
13184,225.6|577.85
13185,348.6|383.4
13186,282.65|423.6
13187,435.6|367.65
13188,428.65|211.4
13189,447.05|328.5
13190,385.7|259.3
13191,284.25|475.4
13192,349.3|556.6
13193,451.05|242.8
13194,209.9|324.7
13195,396.7|335.9
13196,300.35|348.5
13197,289.8|450.7
13198,213.1|458.95
13199,556.75|482.85
13200,578.95|524.0
13201,493.1|309.15
13202,580.0|574.9
13203,538.75|275.55
13204,594.25|423.4
13205,436.5|415.8
13206,368.8|411.4
13207,397.5|382.65
13208,212.95|489.0
13209,404.35|352.0
13210,401.4|299.0
13211,470.0|361.8
13212,567.6|404.05
13213,396.4|259.4
13214,408.75|585.2
13215,404.45|315.2
13216,567.45|264.2
13217,395.7|249.25
13218,424.25|249.75
13219,393.75|440.7
13220,356.65|533.3
13221,497.25|493.9
13222,393.55|556.0
13223,344.15|287.3
13224,550.4|493.0
13225,529.8|487.65
13226,404.1|347.75
13227,465.65|463.35
13228,386.05|263.2
13229,555.35|389.2
13230,230.15|298.05
13231,386.1|495.75
13232,530.35|362.85
13233,465.8|457.05
13234,579.55|559.45
13235,369.75|593.7
13236,215.75|319.35
13237,339.0|518.2
13238,570.95|455.4
13239,537.15|550.8
13240,485.45|271.0
13241,492.45|223.25
13242,346.2|352.75
13243,463.9|582.2
13244,251.95|493.25
13245,430.0|589.1
13246,572.3|282.35
13247,394.1|344.8
13248,509.35|232.45
13249,529.6|443.8
13250,251.55|231.7
13251,431.75|562.05
13252,323.7|413.0
13253,527.1|439.25
13254,250.5|398.5
13255,215.75|496.45
13256,463.6|557.15
13257,450.15|410.1
13258,425.85|283.6
13259,550.25|288.1
13260,284.55|386.55
13261,384.6|400.5
13262,395.15|487.25
13263,556.95|539.9
13264,372.8|362.55
13265,265.25|494.95
13266,358.3|541.7
13267,210.65|338.1
13268,578.05|309.75
13269,367.8|211.1
13270,424.35|308.0
13271,584.5|325.7
13272,451.7|329.8
13273,582.5|586.8
13274,389.25|315.4
13275,235.25|451.35
13276,314.5|366.05
13277,527.75|416.4
13278,217.75|489.25
13279,226.25|490.2
13280,449.55|576.5
13281,276.0|414.3
13282,340.4|248.85
13283,396.45|542.7
13284,240.4|595.5
13285,586.45|572.75
13286,309.05|404.85
13287,213.8|336.4
13288,550.55|238.7
13289,282.2|355.85
13290,570.25|486.5
13291,427.6|398.0
13292,431.85|462.95
13293,435.85|481.8
13294,206.5|542.7
13295,219.1|311.3
13296,394.8|453.8
13297,447.5|406.6
13298,568.25|395.9
13299,220.95|484.55
13300,398.3|298.5
13301,584.95|333.1
13302,243.3|219.55
13303,508.7|364.75
13304,288.25|400.35
13305,419.0|498.4
13306,427.0|382.65
13307,234.95|556.0
13308,266.5|410.05
13309,275.75|348.85
13310,206.4|449.0
13311,485.2|496.9
13312,363.35|474.8
13313,455.7|524.25
13314,298.45|526.7
13315,592.4|431.0
13316,383.3|561.85
13317,489.1|428.7
13318,549.8|483.05
13319,250.45|572.45
13320,208.0|330.35
13321,461.1|574.4
13322,581.5|294.8
13323,341.45|345.3
13324,402.1|586.55
13325,555.05|578.2
13326,526.1|335.2
13327,250.45|571.55
13328,355.0|450.85
13329,565.7|438.3
13330,229.55|257.75
13331,219.3|496.35
13332,225.95|589.45
13333,425.85|589.2
13334,402.1|304.65
13335,528.9|301.8
13336,361.5|210.2
13337,340.3|521.2
13338,398.8|357.15
13339,298.1|402.6
13340,391.65|378.9
13341,535.05|513.2
13342,388.85|580.45
13343,239.9|486.15
13344,228.0|529.9
13345,529.15|375.25
13346,336.2|591.3
13347,512.1|502.35
13348,574.55|268.35
13349,565.15|439.75
13350,305.55|385.25
13351,212.25|394.05
13352,431.2|296.0
13353,391.0|331.95
13354,353.4|404.5
13355,249.0|296.4
13356,453.45|568.2
13357,428.85|498.6
13358,478.55|310.9
13359,524.55|518.2
13360,276.35|434.95
13361,416.0|543.7
13362,427.9|323.7
13363,469.6|280.1
13364,439.35|462.8
13365,399.3|487.55
13366,237.85|481.3
13367,397.35|468.0
13368,431.6|423.8
13369,326.8|325.8
13370,427.4|318.65
13371,355.55|562.6
13372,439.6|436.2
13373,268.45|233.35
13374,252.05|294.45
13375,567.85|232.4
13376,234.85|441.8
13377,230.9|310.95
13378,475.25|526.25
13379,325.0|406.95
13380,400.4|308.6
13381,473.25|290.8
13382,343.85|362.2
13383,571.95|219.0
13384,275.6|526.35
13385,369.3|357.35
13386,378.25|381.1
13387,472.4|245.1
13388,222.1|474.6
13389,466.25|328.0
13390,469.2|298.6
13391,570.3|430.45
13392,408.45|392.05
13393,220.7|408.2
13394,593.85|213.15
13395,463.05|449.4
13396,222.1|442.25
13397,421.3|263.9
13398,319.1|333.15
13399,425.2|210.85
13400,589.55|400.25
13401,419.75|371.55
13402,542.2|336.85
13403,551.9|234.8
13404,589.85|258.9
13405,477.85|447.25
13406,560.45|257.65
13407,227.8|318.45
13408,372.2|224.2
13409,281.5|523.95
13410,279.2|281.75
13411,362.55|433.6
13412,319.0|401.35
13413,210.1|454.95
13414,452.1|450.85
13415,578.0|313.1
13416,362.9|448.55
13417,367.4|347.65
13418,228.95|307.3
13419,218.3|594.55
13420,267.05|281.25
13421,462.0|467.3
13422,437.6|441.85
13423,569.9|247.85
13424,497.3|472.65
13425,593.7|484.25
13426,472.9|465.25
13427,374.7|423.65
13428,445.85|401.0
13429,526.95|529.35
13430,250.3|365.75
13431,286.75|453.1
13432,278.0|433.05
13433,507.85|506.55
13434,340.45|244.1
13435,250.4|378.0
13436,244.9|364.75
13437,276.3|284.45
13438,362.65|466.7
13439,268.55|437.7
13440,356.1|266.9
13441,267.4|567.35
13442,499.8|460.75
13443,283.1|319.15
13444,428.7|354.4
13445,356.5|573.1
13446,375.5|314.35
13447,453.7|551.0
13448,230.3|504.75
13449,594.65|474.0
13450,586.15|512.65
13451,460.1|436.3
13452,281.25|543.85
13453,529.5|487.9
13454,585.95|381.0
13455,594.5|465.9
13456,337.95|343.9
13457,399.5|466.85
13458,570.65|488.6
13459,296.85|454.1
13460,207.95|316.2
13461,244.35|417.55
13462,287.6|369.4
13463,450.3|456.95
13464,245.35|515.1
13465,357.15|208.4
13466,415.2|214.05
13467,504.1|476.9
13468,585.85|363.55
13469,332.45|543.9
13470,438.15|397.25
13471,236.1|484.65
13472,264.7|550.3
13473,530.95|563.3
13474,551.35|389.55
13475,593.0|588.75
13476,382.85|419.7
13477,232.25|289.3
13478,452.2|323.75
13479,394.9|557.35
13480,294.4|426.9
13481,546.65|553.1
13482,415.6|365.75
13483,400.05|375.7
13484,271.5|521.4
13485,291.25|316.2
13486,367.0|220.25
13487,584.7|346.6
13488,569.15|245.8
13489,253.95|404.7
13490,493.0|512.1
13491,381.45|548.8
13492,268.65|571.2
13493,480.6|344.3
13494,253.85|501.25
13495,425.1|586.0
13496,481.95|545.35
13497,261.45|557.45
13498,214.25|588.4
13499,274.4|527.8
13500,277.05|478.25
13501,473.7|481.7
13502,461.5|441.5
13503,240.05|310.1
13504,349.4|301.15
13505,415.7|530.0
13506,414.45|286.3
13507,361.9|226.35
13508,249.75|393.85
13509,412.05|482.65
13510,594.65|432.25
13511,297.25|433.05
13512,447.5|389.55
13513,422.05|355.8
13514,267.4|461.05
13515,572.3|354.45
13516,523.7|271.85
13517,374.5|334.35
13518,320.0|592.1
13519,382.15|401.4
13520,213.7|322.55
13521,459.25|283.55
13522,540.35|306.85
13523,374.6|335.55
13524,547.8|505.85
13525,254.45|287.35
13526,562.8|312.0
13527,265.25|333.85
13528,582.15|511.2
13529,353.05|366.1
13530,238.65|492.05
13531,516.25|438.95
13532,227.95|385.75
13533,434.7|394.75
13534,394.0|246.3
13535,560.7|340.45
13536,258.3|492.8
13537,584.1|348.85
13538,530.05|448.5
13539,263.2|435.75
13540,298.2|336.75
13541,465.95|455.5
13542,556.55|469.5
13543,339.95|238.85
13544,399.6|528.6
13545,380.95|482.7
13546,512.35|550.7
13547,347.4|529.5
13548,449.55|268.05
13549,573.0|399.8
13550,554.75|586.6
13551,415.55|489.0
13552,283.75|323.45
13553,417.45|579.65
13554,388.55|279.25
13555,373.1|376.1
13556,273.65|548.3
13557,220.0|523.35
13558,503.0|449.0
13559,386.95|284.65
13560,583.35|384.05
13561,434.15|581.35
13562,530.8|331.3
13563,354.1|230.45
13564,350.95|524.6
13565,574.5|430.4
13566,381.55|574.9
13567,348.85|376.6
13568,499.5|358.05
13569,271.05|549.7
13570,533.65|574.1
13571,584.95|219.15
13572,418.1|572.1
13573,580.0|534.15
13574,207.3|541.85
13575,262.8|556.7
13576,213.5|576.7
13577,396.95|483.9
13578,393.4|590.35
13579,538.0|538.5
13580,425.75|405.5
13581,339.8|314.5
13582,574.6|384.7
13583,362.2|500.8
13584,516.55|498.0
13585,542.4|447.85
13586,401.15|574.05
13587,482.7|459.4
13588,210.15|328.95
13589,394.9|567.1
13590,545.8|361.55
13591,205.65|491.05
13592,326.75|338.9
13593,355.85|270.9
13594,437.1|544.45
13595,315.8|413.6
13596,591.5|474.6
13597,411.4|450.55
13598,216.8|241.35
13599,403.45|371.15
13600,363.3|594.2
13601,230.5|589.7
13602,593.55|474.2
13603,255.9|292.35
13604,469.6|442.95
13605,548.0|218.95
13606,210.85|545.8
13607,326.2|574.9
13608,474.6|462.0
13609,370.7|491.0
13610,568.3|499.3
13611,426.7|548.3
13612,584.75|577.2
13613,483.05|293.85
13614,562.2|219.2
13615,267.6|224.5
13616,464.0|444.9
13617,293.5|301.3
13618,239.05|539.95
13619,231.95|471.75
13620,244.45|555.7
13621,535.55|585.65
13622,362.95|241.85
13623,545.65|589.65
13624,251.4|440.35
13625,559.4|437.35
13626,439.05|212.35
13627,526.0|524.2
13628,437.2|320.45
13629,373.65|491.35
13630,500.75|481.6
13631,542.4|502.65
13632,409.4|550.15
13633,384.0|220.2
13634,589.1|552.9
13635,534.85|329.75
13636,591.0|369.6
13637,445.35|236.6
13638,454.0|278.0
13639,440.9|478.85
13640,549.75|364.4
13641,383.25|363.6
13642,450.65|467.6
13643,564.2|460.95
13644,256.5|282.35
13645,278.5|288.25
13646,354.95|442.65
13647,232.9|300.85
13648,400.6|352.95
13649,417.25|243.45
13650,339.4|366.45
13651,382.7|411.4
13652,260.75|420.05
13653,538.35|272.75
13654,578.95|279.85
13655,237.65|587.9
13656,218.05|374.0
13657,209.0|509.2
13658,380.0|568.2
13659,543.2|555.6
13660,576.9|445.65
13661,207.3|505.65
13662,469.05|495.6
13663,388.35|472.5
13664,431.95|540.35
13665,428.7|473.5
13666,364.4|557.65
13667,212.15|308.55
13668,420.0|214.85
13669,410.45|399.8
13670,546.05|282.55
13671,354.45|357.95
13672,592.75|266.45
13673,298.5|383.55
13674,438.8|399.3
13675,230.65|430.8
13676,430.85|395.15
13677,331.45|225.3
13678,387.65|500.3
13679,433.85|456.95
13680,450.75|523.55
13681,552.7|586.8
13682,223.4|407.2
13683,245.15|418.9
13684,210.3|230.55
13685,439.65|264.85
13686,399.65|565.75
13687,551.6|555.3
13688,224.5|332.0
13689,586.35|365.2
13690,376.85|376.4
13691,214.55|357.25
13692,577.05|444.3
13693,262.4|230.9
13694,388.35|236.45
13695,338.0|241.7
13696,286.35|417.3
13697,478.9|467.15
13698,400.4|389.75
13699,564.75|487.3
13700,536.7|448.6
13701,461.95|497.15
13702,465.35|297.15
13703,565.55|451.4
13704,396.2|336.75
13705,466.05|358.2
13706,547.1|272.7
13707,466.6|379.8
13708,356.65|232.35
13709,450.1|579.5
13710,398.45|465.7
13711,458.6|328.5
13712,382.25|283.7
13713,350.85|509.2
13714,570.75|586.6
13715,522.4|360.15
13716,269.1|498.4
13717,218.85|480.35
13718,376.7|254.3
13719,561.6|417.45
13720,218.15|240.6
13721,471.75|410.5
13722,585.0|297.2
13723,464.25|216.05
13724,363.35|409.6
13725,548.25|318.3
13726,225.45|391.4
13727,314.65|217.75
13728,246.25|290.5
13729,342.25|375.6
13730,587.15|561.95
13731,228.75|578.9
13732,350.6|343.65
13733,557.6|293.95
13734,468.85|264.6
13735,232.7|576.9
13736,206.4|388.75
13737,442.45|509.05
13738,582.7|364.05
13739,364.9|380.7
13740,418.85|362.9
13741,442.6|443.15
13742,525.0|425.05
13743,566.35|296.35
13744,359.75|263.2
13745,500.55|399.6
13746,555.9|371.95
13747,451.0|555.35
13748,273.35|543.5
13749,435.95|463.75
13750,466.15|301.85
13751,577.9|340.6
13752,552.6|221.6
13753,445.6|410.3
13754,536.0|547.2
13755,577.1|265.15
13756,446.9|359.6
13757,287.55|545.4
13758,343.5|348.7
13759,396.9|207.45
13760,267.85|590.75
13761,389.65|276.2
13762,216.9|270.4
13763,232.3|319.8
13764,519.0|450.9
13765,402.5|221.25
13766,274.6|471.2
13767,209.7|477.2
13768,448.2|257.45
13769,569.35|218.65
13770,277.2|389.4
13771,544.95|572.95
13772,592.1|482.25
13773,436.5|451.1
13774,485.9|488.95
13775,564.85|270.9
13776,524.2|537.25
13777,342.25|554.45
13778,226.8|411.6
13779,558.95|423.0
13780,373.9|314.9
13781,579.05|445.2
13782,557.3|328.95
13783,409.85|376.55
13784,563.45|362.3
13785,539.6|485.9
13786,419.1|513.3
13787,287.5|361.5
13788,275.2|317.7
13789,287.4|544.6
13790,592.85|256.9
13791,498.15|225.35
13792,457.05|481.55
13793,559.75|415.4
13794,263.7|226.45
13795,560.7|483.8
13796,295.85|370.75
13797,227.85|243.5
13798,419.6|350.8
13799,567.0|240.45
13800,440.85|269.9
13801,230.15|461.75
13802,417.5|266.8
13803,392.15|506.4
13804,461.4|587.05
13805,283.9|449.2
13806,502.4|212.8
13807,388.85|270.75
13808,326.85|516.9
13809,566.8|452.65
13810,361.55|447.45
13811,384.95|247.8
13812,592.75|376.75
13813,312.75|491.1
13814,245.95|277.35
13815,460.9|215.45
13816,262.7|380.5
13817,538.4|285.6
13818,258.25|380.95
13819,404.25|335.35
13820,252.55|577.0
13821,450.6|231.4
13822,273.6|577.65
13823,579.9|440.1
13824,291.15|335.2
13825,463.2|227.35
13826,227.15|270.4
13827,533.4|344.2
13828,231.6|280.7
13829,448.5|383.05
13830,337.55|208.0
13831,462.25|503.0
13832,249.35|258.4
13833,417.55|363.0
13834,472.0|222.4
13835,431.5|300.8
13836,405.9|532.3
13837,227.55|462.8
13838,407.7|385.8
13839,468.05|449.0
13840,402.55|313.7
13841,252.9|577.65
13842,344.55|226.7
13843,212.5|268.85
13844,398.5|536.15
13845,583.9|579.1
13846,557.8|224.1
13847,374.9|480.25
13848,329.95|482.95
13849,207.55|481.05
13850,344.6|341.15
13851,524.05|395.9
13852,455.55|418.45
13853,524.35|438.7
13854,595.3|370.45
13855,255.35|272.65
13856,261.0|500.05
13857,267.65|275.15
13858,481.6|310.45
13859,529.95|452.75
13860,438.85|382.3
13861,369.25|455.8
13862,590.15|384.0
13863,209.25|581.95
13864,270.95|536.2
13865,340.85|372.85
13866,285.05|318.75
13867,381.15|306.25
13868,588.55|353.55
13869,287.85|536.4
13870,293.1|506.8
13871,587.6|320.0
13872,518.65|447.8
13873,350.45|418.4
13874,287.95|533.25
13875,502.1|363.6
13876,401.5|205.85
13877,494.25|496.45
13878,373.5|567.2
13879,541.85|518.5
13880,591.0|352.4
13881,536.15|563.15
13882,397.9|497.15
13883,344.35|524.35
13884,570.8|512.3
13885,252.1|216.55
13886,476.0|294.85
13887,241.15|558.8
13888,245.1|475.15
13889,260.45|305.05
13890,377.45|274.15
13891,455.3|563.7
13892,305.85|365.95
13893,221.85|237.2
13894,225.95|435.0
13895,407.45|573.6
13896,212.6|499.6
13897,559.45|217.8
13898,255.65|368.8
13899,557.95|521.0
13900,269.05|445.15
13901,372.65|450.85
13902,285.75|361.55
13903,572.2|337.65
13904,458.5|414.75
13905,419.25|541.45
13906,580.05|395.4
13907,313.45|342.65
13908,584.85|232.1
13909,398.15|253.6
13910,259.5|400.6
13911,363.3|487.0
13912,376.5|492.35
13913,403.1|498.75
13914,420.35|406.35
13915,469.95|338.05
13916,330.15|213.85
13917,561.45|371.3
13918,215.0|586.8
13919,292.5|337.75
13920,301.75|401.4
13921,253.4|224.35
13922,359.3|281.0
13923,533.3|582.1
13924,373.25|260.75
13925,371.15|412.25
13926,452.9|512.8
13927,409.4|566.65
13928,341.5|557.5
13929,236.85|475.65
13930,458.9|221.6
13931,346.2|592.4
13932,440.15|355.35
13933,584.4|216.25
13934,345.1|527.85
13935,224.65|352.4
13936,262.95|295.4
13937,376.8|484.55
13938,564.15|499.85
13939,210.75|481.6
13940,377.8|217.5
13941,206.45|464.8
13942,405.35|519.9
13943,270.3|418.4
13944,580.55|399.7
13945,560.8|256.65
13946,234.45|589.2
13947,385.45|427.35
13948,248.95|274.65
13949,282.35|533.35
13950,321.7|369.75
13951,353.7|240.5
13952,271.8|307.5
13953,558.8|468.1
13954,356.1|243.2
13955,269.65|421.7
13956,567.15|269.2
13957,577.65|377.15
13958,435.35|485.15
13959,578.85|366.75
13960,257.05|514.15
13961,379.85|556.95
13962,276.6|372.9
13963,576.75|474.95
13964,497.55|358.3
13965,217.05|271.0
13966,454.2|227.0
13967,344.7|412.75
13968,208.9|550.45
13969,271.2|539.4
13970,463.1|519.25
13971,258.05|576.85
13972,349.05|272.65
13973,468.35|464.85
13974,552.9|501.45
13975,318.05|356.6
13976,465.3|337.45
13977,524.0|411.55
13978,392.0|312.3
13979,384.45|277.5
13980,376.95|245.65
13981,404.35|491.4
13982,577.6|236.15
13983,543.3|544.05
13984,418.5|244.75
13985,342.95|451.1
13986,204.8|474.95
13987,370.5|448.1
13988,214.55|399.9
13989,528.75|419.7
13990,419.2|474.4
13991,419.45|294.35
13992,264.4|432.25
13993,280.95|425.95
13994,517.35|487.05
13995,272.8|246.5
13996,231.3|221.75
13997,579.35|358.0
13998,437.45|258.05
13999,256.8|542.85
14000,215.2|379.65
14001,328.8|217.8
14002,360.95|491.05
14003,256.75|253.25
14004,292.95|319.2
14005,340.8|426.5
14006,264.15|581.45
14007,234.2|367.0
14008,364.85|358.3
14009,521.35|542.9
14010,579.35|232.4
14011,426.55|492.45
14012,476.5|531.15
14013,455.15|491.1
14014,364.45|355.2
14015,452.65|567.9
14016,446.6|377.4
14017,230.85|584.35
14018,474.85|277.4
14019,353.65|409.75
14020,254.4|560.9
14021,427.8|272.25
14022,407.9|485.0
14023,548.8|587.5
14024,430.1|499.85
14025,367.5|489.9
14026,285.75|352.4
14027,219.05|396.9
14028,555.55|250.75
14029,533.55|483.7
14030,544.3|488.25
14031,521.25|496.75
14032,276.7|313.5
14033,480.15|433.75
14034,472.9|505.65
14035,463.15|405.1
14036,469.85|230.6
14037,296.3|282.8
14038,461.0|303.0
14039,564.55|409.25
14040,486.8|379.9
14041,579.2|332.7
14042,414.5|427.65
14043,346.55|380.5
14044,269.55|561.85
14045,478.25|496.65
14046,260.15|257.75
14047,543.25|538.45
14048,213.0|526.0
14049,408.6|562.75
14050,429.7|568.4
14051,247.45|588.45
14052,563.85|466.0
14053,408.0|383.0
14054,575.55|540.25
14055,403.2|374.45
14056,263.5|420.3
14057,211.5|580.2
14058,470.4|526.5
14059,351.7|245.2
14060,424.55|303.45
14061,461.3|500.05
14062,368.05|230.7
14063,247.75|217.8
14064,380.35|488.0
14065,214.65|238.0
14066,440.7|542.75
14067,514.45|425.4
14068,217.6|424.5
14069,269.9|484.05
14070,553.7|574.9
14071,284.1|561.8
14072,287.05|262.55
14073,330.4|266.55
14074,348.5|274.45
14075,431.6|266.65
14076,469.95|266.7
14077,501.5|558.9
14078,284.2|362.25
14079,217.35|303.2
14080,211.55|482.1
14081,369.25|581.1
14082,405.75|582.4
14083,338.7|563.15
14084,407.8|351.8
14085,452.2|214.95
14086,295.45|334.0
14087,228.5|415.25
14088,351.65|439.65
14089,253.8|508.3
14090,276.3|371.1
14091,461.6|220.35
14092,276.35|378.9
14093,556.0|455.95
14094,449.1|446.5
14095,485.7|478.7
14096,584.85|566.55
14097,587.2|571.15
14098,377.45|282.2
14099,289.25|445.45
14100,435.85|383.55
14101,255.4|431.65
14102,415.8|574.3
14103,252.9|428.55
14104,222.65|285.4
14105,590.35|433.85
14106,563.05|440.15
14107,213.6|279.6
14108,218.9|256.9
14109,342.65|216.1
14110,460.8|215.35
14111,411.1|349.8
14112,450.35|585.65
14113,289.25|541.75
14114,292.1|450.35
14115,231.9|542.0
14116,350.65|372.1
14117,529.5|408.75
14118,209.4|580.7
14119,442.95|228.35
14120,580.6|251.95
14121,370.35|231.0
14122,452.65|483.95
14123,476.8|286.65
14124,481.25|524.35
14125,248.35|511.15
14126,358.35|226.4
14127,467.45|220.6
14128,455.9|520.25
14129,214.6|438.95
14130,352.1|414.2
14131,293.1|564.0
14132,374.6|588.9
14133,400.2|206.5
14134,561.75|482.0
14135,422.55|365.9
14136,336.4|578.9
14137,258.8|219.2
14138,344.9|326.7
14139,553.3|441.7
14140,279.0|421.8
14141,301.75|566.45
14142,241.35|413.6
14143,214.55|574.55
14144,347.05|589.1
14145,563.75|245.1
14146,239.7|494.85
14147,216.65|467.3
14148,578.55|422.15
14149,241.0|356.55
14150,578.95|471.4
14151,587.9|532.35
14152,569.65|445.1
14153,289.45|370.85
14154,367.35|553.05
14155,262.7|487.5
14156,282.15|546.4
14157,209.75|493.85
14158,206.65|584.2
14159,467.3|446.8
14160,535.5|470.85
14161,406.2|335.9
14162,590.45|514.65
14163,429.8|257.45
14164,473.6|231.7
14165,534.3|581.35
14166,348.75|416.2
14167,465.95|223.9
14168,490.15|437.55
14169,471.35|515.65
14170,578.8|461.05
14171,426.15|585.0
14172,272.3|237.35
14173,571.15|392.95
14174,484.9|213.85
14175,566.45|449.6
14176,583.3|302.3
14177,413.25|208.4
14178,419.8|366.7
14179,589.6|358.0
14180,558.0|591.9
14181,292.8|401.2
14182,588.85|502.75
14183,370.7|588.45
14184,318.75|505.3
14185,429.25|539.2
14186,268.6|558.75
14187,513.75|466.5
14188,469.8|217.3
14189,591.95|216.55
14190,437.65|286.25
14191,366.5|336.55
14192,566.4|585.85
14193,213.85|304.35
14194,574.35|589.9
14195,354.0|391.95
14196,332.9|278.45
14197,355.8|284.25
14198,262.1|589.75
14199,218.6|280.1
14200,433.3|219.1
14201,283.25|590.15
14202,546.7|547.15
14203,261.55|248.9
14204,480.8|225.0
14205,441.15|474.15
14206,231.3|321.35
14207,397.15|377.5
14208,276.4|227.5
14209,347.4|569.8
14210,554.9|475.8
14211,220.1|219.65
14212,266.55|221.95
14213,426.35|343.1
14214,377.2|486.3
14215,423.95|589.4
14216,279.05|370.8
14217,224.2|573.25
14218,385.15|320.7
14219,523.1|352.3
14220,448.5|476.6
14221,495.75|350.35
14222,282.25|468.55
14223,431.95|456.05
14224,209.25|400.15
14225,383.05|588.45
14226,348.45|214.15
14227,381.85|286.85
14228,530.25|547.25
14229,581.3|457.15
14230,279.15|566.25
14231,563.6|309.0
14232,459.95|448.55
14233,567.4|280.25
14234,593.9|553.45
14235,569.05|214.7
14236,552.35|522.55
14237,270.4|508.0
14238,371.55|496.8
14239,337.0|255.3
14240,579.2|459.8
14241,262.2|560.4
14242,354.35|560.3
14243,265.05|239.25
14244,447.9|350.7
14245,215.1|529.95
14246,229.25|418.35
14247,385.4|591.8
14248,315.9|429.0
14249,297.95|422.05
14250,272.75|323.05
14251,234.7|310.75
14252,539.0|271.2
14253,243.35|460.25
14254,359.7|264.9
14255,446.15|261.25
14256,499.5|428.25
14257,431.4|435.45
14258,394.95|593.35
14259,539.45|554.75
14260,450.95|232.3
14261,319.35|373.65
14262,315.75|565.85
14263,549.4|534.2
14264,479.15|210.45
14265,217.25|399.65
14266,433.5|500.05
14267,317.8|267.65
14268,549.9|588.75
14269,228.65|504.75
14270,536.45|324.0
14271,443.05|430.9
14272,241.4|525.45
14273,579.95|516.5
14274,365.1|384.45
14275,593.6|261.55
14276,537.9|320.65
14277,421.95|211.8
14278,353.15|449.8
14279,581.5|397.75
14280,430.35|592.4
14281,452.85|278.15
14282,571.6|522.7
14283,332.4|553.05
14284,327.45|341.6
14285,356.85|281.05
14286,579.15|424.55
14287,428.2|250.25
14288,253.95|221.5
14289,247.95|308.7
14290,578.35|304.35
14291,436.85|563.3
14292,346.45|224.25
14293,283.7|544.7
14294,403.7|287.4
14295,432.75|417.3
14296,292.05|334.5
14297,466.95|504.15
14298,410.4|515.85
14299,426.95|316.4
14300,324.0|365.35
14301,408.3|225.45
14302,436.0|569.5
14303,226.75|575.4
14304,277.25|323.85
14305,479.4|462.95
14306,232.05|398.0
14307,490.8|255.05
14308,591.05|362.25
14309,279.85|318.4
14310,346.75|383.65
14311,463.05|404.9
14312,352.45|238.75
14313,439.05|301.55
14314,276.2|294.7
14315,446.8|321.05
14316,222.8|466.9
14317,398.65|510.35
14318,464.65|490.4
14319,364.9|452.8
14320,413.0|578.65
14321,462.35|346.65
14322,221.6|376.4
14323,543.8|459.0
14324,551.2|219.0
14325,469.95|314.4
14326,471.35|338.35
14327,233.95|414.15
14328,423.95|496.95
14329,580.65|249.95
14330,435.05|383.9
14331,303.1|450.65
14332,450.5|308.4
14333,263.45|416.25
14334,287.95|453.2
14335,373.15|250.0
14336,560.8|277.0
14337,237.1|568.55
14338,282.9|543.25
14339,216.45|289.45
14340,311.55|417.6
14341,480.25|253.95
14342,210.4|333.6
14343,250.35|214.3
14344,446.15|558.35
14345,459.65|247.85
14346,397.35|411.75
14347,396.8|302.3
14348,357.95|272.25
14349,230.65|579.3
14350,356.3|419.4
14351,245.9|318.4
14352,404.95|499.1
14353,578.35|356.1
14354,564.35|375.0
14355,401.55|338.5
14356,307.4|399.1
14357,336.95|430.35
14358,344.8|507.3
14359,207.0|471.0
14360,458.85|472.65
14361,271.0|563.45
14362,297.4|431.45
14363,316.55|333.65
14364,522.2|414.25
14365,493.0|246.55
14366,308.0|347.75
14367,364.7|583.45
14368,525.0|531.9
14369,359.55|291.65
14370,405.9|337.85
14371,248.85|521.0
14372,233.95|355.15
14373,411.55|515.7
14374,214.15|393.35
14375,208.9|224.1
14376,283.8|358.2
14377,293.55|552.2
14378,536.0|506.3
14379,235.3|431.25
14380,339.0|439.1
14381,456.2|501.6
14382,445.35|582.55
14383,295.75|375.2
14384,341.6|224.9
14385,529.7|354.9
14386,450.5|459.0
14387,566.9|229.7
14388,237.3|387.25
14389,398.45|329.2
14390,433.85|495.75
14391,527.3|436.0
14392,450.75|353.3
14393,566.8|464.6
14394,221.85|233.25
14395,529.35|554.05
14396,471.7|277.35
14397,416.7|456.75
14398,553.45|504.5
14399,294.3|310.75
14400,455.15|557.35
14401,442.55|554.95
14402,432.45|229.55
14403,350.75|325.1
14404,239.05|261.05
14405,396.55|583.45
14406,352.5|527.85
14407,356.25|551.35
14408,373.15|470.3
14409,342.9|306.95
14410,561.75|248.35
14411,567.25|421.65
14412,362.6|508.35
14413,397.35|496.25
14414,551.35|334.8
14415,454.25|453.65
14416,544.3|537.8
14417,434.4|351.15
14418,446.2|366.65
14419,253.95|300.35
14420,231.7|277.55
14421,415.85|273.0
14422,205.55|466.5
14423,300.15|381.3
14424,210.6|483.3
14425,361.2|221.85
14426,237.35|507.5
14427,555.1|332.5
14428,547.1|583.0
14429,381.15|212.55
14430,540.45|534.75
14431,351.8|408.55
14432,282.15|576.15
14433,576.45|567.9
14434,438.4|358.75
14435,325.35|361.65
14436,572.25|421.45
14437,568.25|300.1
14438,400.95|246.8
14439,575.05|488.65
14440,418.6|403.4
14441,266.15|489.75
14442,547.45|377.45
14443,544.9|304.9
14444,580.25|302.05
14445,589.5|390.6
14446,539.55|359.15
14447,464.85|491.45
14448,322.35|342.8
14449,576.1|445.25
14450,277.05|368.75
14451,271.65|432.7
14452,220.6|501.6
14453,428.45|581.6
14454,459.6|440.45
14455,534.15|342.45
14456,519.65|294.3
14457,455.35|255.15
14458,535.7|305.0
14459,384.15|360.0
14460,564.2|467.1
14461,233.55|468.3
14462,513.85|530.3
14463,448.6|503.7
14464,558.8|456.3
14465,583.7|400.3
14466,457.25|572.25
14467,414.4|510.55
14468,426.1|576.8
14469,563.55|533.9
14470,372.75|292.65
14471,360.95|384.25
14472,579.15|484.9
14473,238.2|265.2
14474,439.4|494.2
14475,471.7|289.15
14476,569.1|469.75
14477,222.7|231.15
14478,362.7|208.95
14479,480.25|323.8
14480,420.8|485.1
14481,256.7|483.65
14482,222.55|483.75
14483,209.15|377.15
14484,446.1|393.4
14485,346.4|323.75
14486,225.1|411.6
14487,409.7|510.6
14488,294.8|386.4
14489,320.25|409.6
14490,438.45|567.85
14491,270.8|545.2
14492,216.55|294.2
14493,262.35|311.85
14494,252.1|362.3
14495,378.65|575.1
14496,513.2|279.65
14497,208.45|577.85
14498,461.45|380.15
14499,527.3|433.6
14500,233.75|550.8
14501,412.15|340.25
14502,363.0|383.15
14503,368.45|350.3
14504,289.6|325.05
14505,408.1|438.1
14506,281.35|431.6
14507,548.95|547.0
14508,212.25|396.9
14509,461.05|335.55
14510,239.9|575.65
14511,563.0|312.6
14512,291.65|571.1
14513,397.55|574.05
14514,208.45|329.55
14515,399.75|465.45
14516,579.85|327.7
14517,320.9|401.7
14518,321.7|320.95
14519,535.0|558.65
14520,441.7|482.1
14521,238.7|211.85
14522,364.35|473.85
14523,573.1|332.0
14524,335.35|403.3
14525,312.05|324.35
14526,339.0|300.6
14527,356.2|588.9
14528,226.55|497.05
14529,456.4|571.55
14530,304.95|332.7
14531,570.45|311.75
14532,454.15|330.3
14533,470.6|270.85
14534,257.15|269.25
14535,243.3|207.05
14536,473.9|342.35
14537,385.6|367.0
14538,271.55|294.45
14539,342.8|213.85
14540,536.55|452.0
14541,245.35|550.15
14542,578.1|427.5
14543,408.05|395.3
14544,444.5|486.0
14545,393.55|502.4
14546,268.3|230.8
14547,477.5|255.25
14548,530.75|251.1
14549,435.85|232.9
14550,396.55|500.45
14551,465.2|553.2
14552,246.1|208.8
14553,354.8|591.1
14554,376.7|282.55
14555,367.6|210.85
14556,379.2|590.45
14557,289.5|359.05
14558,206.95|332.85
14559,392.45|377.7
14560,588.35|555.05
14561,300.0|368.35
14562,242.5|357.05
14563,450.3|550.2
14564,573.7|383.35
14565,335.4|516.45
14566,249.6|272.7
14567,209.45|590.4
14568,395.9|471.9
14569,461.2|564.4
14570,478.85|495.45
14571,216.8|332.9
14572,537.3|466.9
14573,251.3|378.4
14574,421.85|483.4
14575,439.15|218.4
14576,430.55|400.05
14577,540.7|443.1
14578,417.6|382.35
14579,249.1|429.1
14580,473.7|322.05
14581,409.95|237.95
14582,590.45|297.1
14583,566.7|309.5
14584,365.4|450.05
14585,554.65|536.05
14586,238.0|332.55
14587,588.05|419.95
14588,365.25|364.05
14589,579.1|231.6
14590,516.2|310.9
14591,480.0|483.1
14592,346.3|245.3
14593,252.75|481.35
14594,283.0|593.25
14595,376.35|513.7
14596,589.2|263.9
14597,237.75|376.85
14598,447.75|268.5
14599,577.55|265.75
14600,363.4|441.05
14601,379.4|328.9
14602,428.3|297.35
14603,594.2|470.6
14604,452.65|542.6
14605,432.75|524.5
14606,346.15|456.65
14607,573.35|494.25
14608,568.35|492.8
14609,417.05|232.15
14610,404.6|574.25
14611,282.3|453.8
14612,253.8|420.8
14613,260.9|559.95
14614,348.45|257.1
14615,582.6|556.8
14616,449.5|262.7
14617,463.95|339.0
14618,586.45|368.05
14619,407.6|333.8
14620,454.2|509.35
14621,330.25|262.1
14622,406.6|469.05
14623,234.85|432.55
14624,356.3|242.45
14625,482.5|480.9
14626,456.0|590.7
14627,386.95|288.4
14628,475.2|286.9
14629,258.55|514.9
14630,592.1|465.3
14631,258.35|497.25
14632,469.0|323.25
14633,216.6|546.95
14634,369.45|473.3
14635,465.3|262.5
14636,216.65|405.55
14637,344.45|519.9
14638,236.45|497.45
14639,285.15|319.5
14640,444.45|446.8
14641,433.45|471.2
14642,273.05|422.25
14643,458.45|447.6
14644,461.65|445.4
14645,512.85|350.1
14646,573.55|416.35
14647,309.1|323.8
14648,344.55|207.6
14649,395.3|222.25
14650,583.6|377.8
14651,255.3|269.75
14652,434.0|275.65
14653,419.95|368.45
14654,390.35|400.8
14655,566.45|422.45
14656,406.75|528.8
14657,542.0|525.75
14658,250.2|470.6
14659,373.4|208.95
14660,556.6|530.9
14661,383.65|421.55
14662,211.45|525.65
14663,439.65|477.95
14664,285.0|369.15
14665,540.6|261.75
14666,265.3|276.05
14667,487.45|234.4
14668,284.8|451.8
14669,262.45|335.15
14670,345.1|525.8
14671,225.85|447.2
14672,265.45|241.1
14673,449.15|319.95
14674,532.85|486.25
14675,453.4|265.05
14676,416.2|499.7
14677,390.0|497.7
14678,230.1|589.9
14679,406.4|339.65
14680,505.6|462.0
14681,270.85|267.9
14682,571.55|351.35
14683,436.4|398.05
14684,352.8|442.0
14685,551.3|246.4
14686,271.95|220.85
14687,448.65|588.7
14688,293.95|323.4
14689,293.35|582.2
14690,409.4|509.35
14691,367.7|367.75
14692,396.2|388.5
14693,263.3|218.0
14694,406.3|255.5
14695,273.9|578.4
14696,360.5|318.05
14697,487.9|506.15
14698,218.7|293.25
14699,472.5|297.35
14700,248.8|310.85
14701,565.6|585.7
14702,407.25|264.6
14703,375.6|290.1
14704,358.25|275.95
14705,591.85|392.45
14706,593.65|265.15
14707,214.35|407.0
14708,582.85|398.0
14709,590.6|212.85
14710,409.15|243.8
14711,272.3|567.05
14712,289.95|469.8
14713,428.35|278.35
14714,289.6|478.2
14715,591.4|368.7
14716,222.75|309.5
14717,475.1|488.6
14718,246.6|313.15
14719,570.8|530.95
14720,277.8|550.1
14721,260.45|482.2
14722,545.55|580.2
14723,213.55|243.0
14724,550.25|456.75
14725,473.0|289.35
14726,365.2|272.25
14727,374.25|432.2
14728,578.3|343.5
14729,578.7|456.9
14730,556.45|323.35
14731,339.05|322.75
14732,221.05|326.65
14733,369.8|480.75
14734,558.6|473.05
14735,472.1|435.55
14736,570.6|269.1
14737,247.2|303.55
14738,222.5|330.7
14739,470.8|228.4
14740,302.0|386.85
14741,580.95|456.45
14742,590.5|264.05
14743,576.2|377.15
14744,480.55|432.1
14745,290.1|476.85
14746,214.05|320.1
14747,590.65|387.3
14748,366.9|272.35
14749,272.85|553.3
14750,293.2|577.1
14751,550.8|453.6
14752,468.25|534.75
14753,403.4|444.2
14754,283.05|360.05
14755,509.45|506.6
14756,506.85|449.2
14757,319.1|231.65
14758,396.95|346.0
14759,438.8|534.0
14760,360.15|429.05
14761,259.5|356.6
14762,466.6|518.8
14763,354.3|212.4
14764,408.3|467.45
14765,341.2|422.8
14766,230.65|579.4
14767,541.55|589.3
14768,386.55|308.85
14769,269.9|488.1
14770,475.9|474.6
14771,253.05|592.15
14772,243.55|574.3
14773,255.8|229.65
14774,539.95|538.8
14775,404.6|473.65
14776,265.35|578.8
14777,421.55|413.35
14778,567.35|505.45
14779,231.45|477.4
14780,587.05|461.2
14781,576.9|273.8
14782,206.95|453.25
14783,536.2|318.7
14784,416.95|255.65
14785,458.2|310.5
14786,214.1|306.45
14787,449.75|444.2
14788,332.95|485.75
14789,217.55|229.75
14790,424.6|221.9
14791,303.2|363.6
14792,589.4|351.05
14793,570.65|255.8
14794,459.5|539.8
14795,409.3|437.0
14796,529.7|498.9
14797,408.5|586.7
14798,530.75|347.85
14799,392.05|377.85
14800,357.25|208.9
14801,473.15|459.85
14802,459.1|390.65
14803,384.55|531.5
14804,212.3|542.2
14805,362.3|365.2
14806,540.65|520.8
14807,549.75|327.8
14808,431.2|482.25
14809,363.25|528.4
14810,580.55|321.45
14811,387.55|495.1
14812,383.95|587.85
14813,211.9|582.35
14814,353.75|446.85
14815,295.5|368.1
14816,405.4|356.2
14817,544.25|537.45
14818,575.25|312.45
14819,410.95|333.7
14820,285.55|551.65
14821,561.15|464.05
14822,261.9|435.15
14823,343.5|418.85
14824,243.1|212.7
14825,550.85|570.9
14826,447.45|325.35
14827,250.4|432.25
14828,220.7|275.85
14829,211.9|584.0
14830,206.15|498.85
14831,383.55|405.65
14832,442.85|445.5
14833,565.1|281.25
14834,574.55|588.5
14835,373.0|509.4
14836,532.1|575.3
14837,440.4|352.1
14838,332.5|542.8
14839,272.75|536.15
14840,222.05|314.6
14841,357.35|506.3
14842,248.4|408.7
14843,587.1|366.15
14844,584.15|433.75
14845,506.55|323.1
14846,210.55|255.85
14847,378.85|362.3
14848,295.35|560.25
14849,284.65|308.05
14850,402.15|590.05
14851,210.0|585.95
14852,372.95|503.0
14853,544.55|234.55
14854,284.45|330.75
14855,499.1|457.7
14856,330.2|525.4
14857,457.9|376.45
14858,343.45|212.05
14859,529.45|438.8
14860,220.25|541.0
14861,466.85|230.5
14862,443.25|552.45
14863,211.6|438.95
14864,471.05|561.0
14865,226.4|465.45
14866,239.2|509.75
14867,210.95|588.35
14868,339.55|546.75
14869,427.9|549.3
14870,280.7|392.45
14871,469.2|451.5
14872,291.45|307.15
14873,250.3|326.1
14874,419.1|383.0
14875,309.7|409.25
14876,348.25|433.45
14877,482.45|336.95
14878,589.95|281.7
14879,364.3|388.5
14880,277.3|377.0
14881,232.1|402.65
14882,295.65|479.2
14883,585.05|466.7
14884,586.65|388.05
14885,487.85|358.8
14886,417.1|222.95
14887,365.95|406.5
14888,556.65|235.5
14889,438.45|445.25
14890,355.45|555.45
14891,270.25|586.05
14892,214.85|555.25
14893,346.35|545.1
14894,210.45|238.45
14895,422.4|566.6
14896,441.9|556.6
14897,258.8|375.7
14898,589.5|275.85
14899,519.1|459.1
14900,214.45|235.2
14901,361.8|336.5
14902,301.8|375.05
14903,210.75|558.2
14904,392.8|565.5
14905,569.7|481.4
14906,397.65|540.4
14907,224.65|587.05
14908,397.7|589.55
14909,253.0|211.95
14910,530.95|256.65
14911,588.15|405.4
14912,375.85|221.85
14913,458.05|587.25
14914,228.4|235.0
14915,585.3|217.45
14916,337.9|414.1
14917,318.45|377.4
14918,252.05|287.2
14919,446.2|432.1
14920,351.2|592.8
14921,408.2|293.75
14922,214.9|474.2
14923,221.2|256.35
14924,535.65|588.6
14925,377.75|210.05
14926,253.8|324.2
14927,584.4|498.15
14928,554.05|589.8
14929,249.7|481.1
14930,475.7|298.95
14931,251.8|576.3
14932,466.2|540.9
14933,560.15|315.85
14934,339.25|549.2
14935,587.85|355.5
14936,582.05|444.05
14937,560.6|551.0
14938,549.35|283.15
14939,281.3|520.1
14940,236.3|393.05
14941,402.25|303.3
14942,575.85|285.15
14943,238.3|469.5
14944,283.05|547.65
14945,543.65|240.9
14946,306.9|384.55
14947,282.95|451.5
14948,280.9|434.65
14949,579.65|441.9
14950,359.05|324.95
14951,473.1|285.95
14952,362.25|486.2
14953,428.25|386.6
14954,552.15|275.3
14955,347.9|391.25
14956,269.85|497.8
14957,268.25|560.25
14958,579.5|229.35
14959,250.3|368.6
14960,459.25|320.75
14961,586.9|494.2
14962,299.9|396.2
14963,375.25|389.6
14964,444.2|344.55
14965,217.3|570.25
14966,320.6|235.1
14967,387.25|213.1
14968,530.55|577.5
14969,405.25|221.65
14970,423.85|311.95
14971,366.35|364.0
14972,377.7|286.05
14973,563.15|539.15
14974,408.15|315.4
14975,442.65|399.7
14976,340.7|580.4
14977,247.8|347.35
14978,581.9|591.85
14979,342.15|563.8
14980,244.35|315.65
14981,546.65|236.65
14982,304.9|329.25
14983,426.9|492.4
14984,210.55|410.5
14985,391.75|390.0
14986,249.45|235.15
14987,406.5|514.0
14988,545.7|296.3
14989,463.45|327.65
14990,360.0|238.85
14991,563.85|286.35
14992,417.7|592.3
14993,443.95|279.1
14994,459.9|571.1
14995,374.55|502.95
14996,471.7|253.15
14997,212.6|548.5
14998,380.75|272.65
14999,469.55|252.7
15000,593.55|274.7
15001,388.95|334.65
15002,457.45|324.7
15003,249.3|428.95
15004,329.55|339.55
15005,246.45|561.8
15006,456.7|442.8
15007,496.9|457.7
15008,285.05|429.5
15009,244.95|547.7
15010,255.95|304.7
15011,361.35|463.4
15012,593.55|409.35
15013,352.3|548.3
15014,439.6|341.65
15015,422.85|438.0
15016,521.25|499.35
15017,244.55|561.9
15018,246.0|559.6
15019,247.25|502.75
15020,474.95|267.95
15021,540.55|451.8
15022,268.45|267.65
15023,369.2|440.05
15024,441.0|526.1
15025,236.65|273.15
15026,344.3|326.35
15027,568.75|210.55
15028,402.05|316.3
15029,227.0|571.2
15030,383.0|553.9
15031,401.4|505.7
15032,358.25|284.65
15033,469.85|327.45
15034,353.5|581.35
15035,213.65|250.25
15036,339.25|535.1
15037,366.6|232.1
15038,580.9|493.1
15039,564.5|446.95
15040,474.8|223.05
15041,325.1|355.85
15042,522.1|511.5
15043,580.5|319.55
15044,343.6|260.55
15045,279.0|356.95
15046,452.8|385.55
15047,219.85|576.15
15048,240.2|296.8
15049,366.0|276.95
15050,492.2|219.85
15051,425.65|563.65
15052,210.0|507.95
15053,236.1|533.15
15054,219.6|463.75
15055,210.25|491.05
15056,534.75|503.15
15057,439.5|337.1
15058,292.3|435.65
15059,454.0|278.15
15060,306.15|355.5
15061,215.95|466.4
15062,567.55|223.25
15063,366.0|205.15
15064,253.55|225.75
15065,474.6|246.9
15066,409.05|406.25
15067,346.25|409.55
15068,239.55|484.75
15069,591.55|268.6
15070,414.15|576.05
15071,402.2|336.4
15072,489.45|534.2
15073,570.65|491.2
15074,263.95|564.4
15075,290.0|557.3
15076,458.5|232.8
15077,472.7|478.7
15078,347.65|449.1
15079,465.1|519.05
15080,363.1|595.3
15081,573.95|310.25
15082,469.55|460.3
15083,280.15|590.4
15084,271.9|562.65
15085,246.3|322.4
15086,208.25|259.5
15087,587.15|378.6
15088,283.15|551.75
15089,488.25|333.65
15090,528.05|543.15
15091,345.1|343.8
15092,499.4|527.3
15093,387.45|363.45
15094,228.55|419.35
15095,365.3|580.95
15096,470.75|231.0
15097,245.25|243.0
15098,593.45|589.45
15099,322.0|424.75
15100,573.95|562.3
15101,215.75|526.8
15102,344.4|330.05
15103,354.95|206.4
15104,466.15|330.6
15105,504.05|503.45
15106,338.6|419.8
15107,416.35|584.7
15108,419.2|364.2
15109,533.75|281.4
15110,345.6|267.75
15111,242.65|252.8
15112,428.05|549.9
15113,417.1|469.25
15114,248.95|446.85
15115,496.5|221.35
15116,293.85|414.95
15117,207.6|514.35
15118,416.15|539.1
15119,414.45|569.25
15120,472.3|270.6
15121,441.8|311.05
15122,443.7|380.1
15123,374.7|583.7
15124,330.3|383.95
15125,441.3|467.0
15126,295.2|347.85
15127,265.5|241.0
15128,537.45|419.35
15129,386.95|326.4
15130,578.95|285.55
15131,385.4|410.55
15132,299.45|577.2
15133,475.75|433.05
15134,545.8|255.3
15135,275.95|381.5
15136,579.0|280.9
15137,262.5|552.2
15138,543.9|236.3
15139,333.0|567.2
15140,519.75|590.4
15141,409.4|514.5
15142,219.25|346.9
15143,407.55|567.75
15144,471.25|303.6
15145,259.1|269.4
15146,568.7|260.15
15147,205.9|528.85
15148,256.1|542.9
15149,382.55|428.0
15150,358.75|211.7
15151,441.0|450.75
15152,210.3|257.45
15153,379.1|324.3
15154,587.5|583.7
15155,477.2|509.0
15156,372.4|281.55
15157,338.45|361.8
15158,577.6|481.1
15159,270.15|426.4
15160,306.0|524.15
15161,589.9|419.9
15162,278.6|280.05
15163,585.15|563.2
15164,310.6|341.35
15165,344.4|549.55
15166,472.5|290.15
15167,231.2|440.15
15168,276.75|318.4
15169,216.85|482.3
15170,519.15|491.9
15171,338.9|585.95
15172,213.5|319.15
15173,247.6|303.5
15174,485.15|277.75
15175,248.4|502.1
15176,377.05|572.75
15177,528.7|424.0
15178,336.15|493.4
15179,249.2|581.6
15180,571.95|334.0
15181,328.2|389.3
15182,341.3|432.9
15183,486.7|474.3
15184,535.6|447.35
15185,546.45|582.3
15186,445.4|333.7
15187,382.4|338.25
15188,579.9|475.15
15189,219.85|585.6
15190,481.7|461.85
15191,587.45|352.6
15192,274.95|348.9
15193,383.4|401.85
15194,277.95|245.05
15195,424.75|257.55
15196,589.1|411.7
15197,365.65|496.9
15198,241.15|295.9
15199,518.25|449.95
15200,368.4|274.35
15201,274.15|556.75
15202,240.25|400.1
15203,252.85|444.55
15204,474.35|501.8
15205,414.05|504.3
15206,424.15|559.75
15207,582.2|316.35
15208,553.9|250.4
15209,264.35|448.45
15210,283.6|384.35
15211,447.3|542.1
15212,373.35|472.05
15213,424.15|399.3
15214,584.45|499.05
15215,370.2|529.8
15216,423.0|313.3
15217,276.35|548.95
15218,424.95|239.3
15219,475.1|263.5
15220,357.1|452.6
15221,459.45|385.0
15222,262.0|427.15
15223,387.45|284.25
15224,210.3|334.6
15225,235.85|429.3
15226,387.9|591.4
15227,472.7|511.85
15228,457.0|247.75
15229,530.55|423.0
15230,575.5|228.55
15231,536.9|412.15
15232,558.6|234.15
15233,532.0|527.65
15234,561.0|478.3
15235,221.8|457.45
15236,323.25|362.45
15237,381.85|590.9
15238,444.5|561.2
15239,344.95|250.35
15240,250.25|312.95
15241,243.7|507.8
15242,554.65|441.9
15243,577.5|304.1
15244,427.65|417.8
15245,342.35|208.55
15246,549.3|508.15
15247,394.85|426.0
15248,206.75|474.45
15249,473.5|344.4
15250,530.55|568.8
15251,587.75|319.9
15252,429.8|335.2
15253,426.8|492.2
15254,388.35|471.2
15255,398.35|543.6
15256,351.4|405.7
15257,238.35|578.9
15258,432.9|511.7
15259,259.15|424.75
15260,299.75|438.3
15261,299.3|302.8
15262,555.55|566.05
15263,264.65|498.25
15264,472.85|219.45
15265,354.45|452.15
15266,455.6|305.4
15267,304.65|376.75
15268,473.55|318.2
15269,432.4|575.95
15270,353.45|497.2
15271,536.65|539.1
15272,402.15|445.6
15273,462.9|312.7
15274,388.15|238.45
15275,383.45|444.3
15276,556.8|258.4
15277,408.9|327.65
15278,428.75|387.25
15279,555.05|587.6
15280,344.25|528.85
15281,410.65|505.1
15282,583.55|208.75
15283,318.85|389.1
15284,265.2|217.8
15285,322.3|333.2
15286,460.25|289.4
15287,213.55|254.8
15288,433.9|282.6
15289,569.1|514.0
15290,227.3|231.8
15291,568.35|299.55
15292,276.65|539.4
15293,447.75|475.1
15294,238.4|406.25
15295,447.95|328.35
15296,587.55|396.65
15297,510.05|521.5
15298,245.0|502.55
15299,560.0|263.05
15300,555.4|569.6
15301,518.45|537.8
15302,567.9|433.75
15303,244.4|474.2
15304,513.1|527.8
15305,520.8|480.8
15306,319.8|348.35
15307,558.15|241.0
15308,458.5|382.1
15309,381.55|591.9
15310,400.75|339.9
15311,590.35|576.8
15312,466.5|390.9
15313,217.95|472.15
15314,594.0|565.2
15315,491.0|278.9
15316,460.9|457.85
15317,464.35|488.55
15318,410.25|368.55
15319,367.9|482.55
15320,216.55|247.7
15321,249.25|220.25
15322,294.05|452.1
15323,570.1|478.2
15324,346.75|296.9
15325,357.35|395.2
15326,398.0|352.65
15327,385.5|560.7
15328,455.1|469.8
15329,401.3|377.45
15330,474.65|479.25
15331,364.55|492.65
15332,588.5|482.55
15333,584.75|473.85
15334,475.95|344.85
15335,285.25|420.8
15336,348.5|429.2
15337,236.3|460.2
15338,233.05|517.5
15339,255.1|283.7
15340,270.2|556.55
15341,452.6|399.8
15342,378.55|207.6
15343,258.7|278.3
15344,404.1|590.25
15345,439.85|467.55
15346,377.55|518.2
15347,357.9|344.0
15348,545.4|326.15
15349,341.85|390.3
15350,358.6|331.6
15351,209.7|589.35
15352,567.0|311.25
15353,345.3|327.75
15354,294.85|317.55
15355,331.1|228.25
15356,287.0|319.25
15357,519.1|457.7
15358,432.25|357.75
15359,215.25|530.25
15360,477.15|454.75
15361,365.75|330.85
15362,558.3|531.75
15363,408.65|548.05
15364,305.5|400.6
15365,499.65|294.55
15366,238.0|381.3
15367,373.55|213.9
15368,368.4|454.4
15369,427.55|243.45
15370,479.55|479.95
15371,353.95|384.15
15372,560.8|468.65
15373,443.1|525.9
15374,433.3|459.7
15375,586.35|213.4
15376,230.6|275.3
15377,224.35|550.25
15378,547.5|220.45
15379,306.6|412.7
15380,366.2|225.9
15381,578.55|527.35
15382,311.2|521.45
15383,452.6|427.25
15384,388.3|380.9
15385,456.1|481.95
15386,583.15|299.85
15387,596.05|279.75
15388,400.2|257.7
15389,578.6|209.5
15390,252.3|405.25
15391,367.6|232.2
15392,513.7|514.7
15393,547.05|535.35
15394,367.7|439.4
15395,432.85|380.25
15396,444.85|401.05
15397,334.1|321.7
15398,446.4|379.85
15399,357.0|243.75
15400,403.7|513.1
15401,301.25|344.85
15402,437.65|497.4
15403,216.6|591.55
15404,241.15|419.05
15405,279.75|594.0
15406,210.15|575.5
15407,426.8|480.2
15408,586.55|214.55
15409,560.15|298.2
15410,458.55|338.05
15411,381.75|478.45
15412,579.25|515.8
15413,225.05|332.35
15414,487.45|511.5
15415,525.25|346.75
15416,342.4|220.7
15417,425.1|500.2
15418,246.45|383.2
15419,472.55|327.9
15420,537.15|517.85
15421,218.7|496.5
15422,474.95|517.7
15423,212.9|347.75
15424,482.2|435.75
15425,558.1|584.6
15426,583.25|553.3
15427,591.9|353.1
15428,541.25|298.1
15429,403.3|518.5
15430,253.15|456.2
15431,271.2|433.55
15432,391.85|561.75
15433,550.9|225.95
15434,253.95|379.05
15435,592.1|502.65
15436,459.75|459.5
15437,388.3|341.05
15438,361.0|548.55
15439,471.95|329.45
15440,245.3|228.2
15441,511.7|303.35
15442,530.2|508.7
15443,586.7|440.0
15444,265.25|522.45
15445,264.65|554.25
15446,359.85|348.55
15447,280.65|544.85
15448,391.4|502.3
15449,469.3|524.75
15450,390.2|210.95
15451,575.05|220.95
15452,272.3|268.65
15453,545.7|545.3
15454,294.65|486.7
15455,376.05|266.35
15456,553.55|242.3
15457,287.35|335.45
15458,521.2|512.3
15459,409.8|273.85
15460,430.05|309.45
15461,357.85|444.05
15462,419.2|543.1
15463,216.6|478.75
15464,233.8|488.45
15465,239.0|489.35
15466,441.15|554.9
15467,465.1|329.95
15468,270.1|257.7
15469,582.1|345.9
15470,410.05|319.85
15471,535.8|522.1
15472,416.25|339.45
15473,276.55|400.45
15474,232.35|262.6
15475,379.1|221.7
15476,226.15|547.65
15477,236.0|580.65
15478,577.05|213.25
15479,540.7|532.95
15480,415.2|379.7
15481,223.35|514.95
15482,402.7|551.65
15483,546.05|328.3
15484,436.45|373.65
15485,368.7|410.15
15486,443.35|314.55
15487,405.75|590.25
15488,550.55|522.15
15489,378.25|264.2
15490,582.1|473.4
15491,472.7|286.4
15492,474.25|320.7
15493,505.2|476.35
15494,426.65|587.75
15495,282.2|306.95
15496,276.55|370.8
15497,267.85|260.65
15498,586.75|339.6
15499,331.55|350.0
15500,499.85|439.4
15501,225.45|588.85
15502,319.25|367.55
15503,348.2|220.55
15504,544.6|295.3
15505,401.9|510.0
15506,242.3|412.25
15507,592.35|209.2
15508,427.6|384.3
15509,390.85|378.9
15510,458.0|387.1
15511,215.5|306.75
15512,468.25|311.7
15513,355.8|565.8
15514,284.1|433.65
15515,439.2|561.0
15516,448.2|458.7
15517,543.7|549.5
15518,362.7|559.8
15519,281.75|365.9
15520,262.25|355.2
15521,420.65|345.0
15522,444.7|416.4
15523,227.5|241.3
15524,324.8|530.95
15525,260.8|484.05
15526,480.3|347.9
15527,406.3|325.65
15528,460.15|424.4
15529,352.95|580.15
15530,363.9|212.95
15531,560.6|511.85
15532,468.65|212.65
15533,281.1|399.4
15534,589.05|260.05
15535,409.85|449.4
15536,459.35|298.2
15537,579.0|435.25
15538,362.05|221.5
15539,432.6|501.3
15540,207.65|534.05
15541,475.9|481.55
15542,402.35|501.1
15543,272.35|401.5
15544,357.9|274.45
15545,467.95|476.65
15546,344.85|495.45
15547,377.15|296.95
15548,390.0|238.25
15549,552.65|257.75
15550,573.8|322.75
15551,383.1|262.15
15552,523.35|507.9
15553,467.8|495.55
15554,281.2|410.95
15555,238.85|411.4
15556,214.05|464.9
15557,588.65|465.8
15558,351.5|402.35
15559,469.55|365.15
15560,557.4|386.4
15561,246.7|358.3
15562,524.6|361.55
15563,525.1|581.7
15564,395.45|348.75
15565,535.95|445.9
15566,413.45|534.55
15567,431.15|337.45
15568,303.95|365.9
15569,581.7|539.8
15570,235.85|321.15
15571,357.1|268.65
15572,485.05|499.95
15573,404.45|390.65
15574,207.7|234.55
15575,303.55|408.6
15576,272.3|432.1
15577,237.8|473.6
15578,410.4|565.3
15579,289.3|498.55
15580,560.8|381.5
15581,374.5|532.25
15582,405.4|416.55
15583,406.9|549.2
15584,559.5|263.9
15585,358.8|231.0
15586,220.3|340.8
15587,450.0|318.85
15588,320.25|331.95
15589,455.65|502.95
15590,431.0|484.75
15591,595.2|473.7
15592,583.3|568.45
15593,360.0|488.35
15594,248.25|290.0
15595,405.1|575.25
15596,274.75|261.25
15597,257.75|445.35
15598,395.6|508.35
15599,342.05|491.4
15600,576.75|432.85
15601,387.1|204.5
15602,454.5|233.2
15603,574.75|286.35
15604,424.3|587.9
15605,219.65|341.35
15606,473.65|303.55
15607,399.9|518.3
15608,459.3|312.8
15609,475.1|233.9
15610,585.9|501.5
15611,230.75|530.9
15612,270.9|495.25
15613,535.4|568.4
15614,472.85|235.05
15615,507.55|487.15
15616,582.7|515.2
15617,443.05|438.75
15618,454.15|237.5
15619,394.5|355.55
15620,289.0|329.45
15621,206.2|514.7
15622,579.5|329.95
15623,500.3|524.5
15624,565.9|270.5
15625,358.6|446.25
15626,469.3|502.75
15627,352.5|403.9
15628,282.35|385.15
15629,381.65|482.65
15630,459.15|549.3
15631,220.4|414.15
15632,285.0|545.7
15633,381.2|586.3
15634,592.3|560.35
15635,570.7|563.2
15636,550.2|253.55
15637,378.15|483.15
15638,499.45|274.0
15639,446.1|511.7
15640,586.9|500.3
15641,365.15|587.95
15642,566.5|584.9
15643,369.7|441.25
15644,213.8|484.2
15645,453.45|584.9
15646,475.65|482.65
15647,584.3|332.35
15648,461.95|348.35
15649,528.65|340.45
15650,366.85|441.6
15651,416.45|531.3
15652,276.6|489.55
15653,513.5|528.95
15654,254.6|285.35
15655,411.35|442.9
15656,269.45|423.85
15657,362.75|397.4
15658,447.2|387.2
15659,314.45|323.8
15660,282.65|486.45
15661,286.2|418.2
15662,585.0|506.75
15663,264.8|414.65
15664,575.25|262.05
15665,461.05|310.45
15666,586.05|415.45
15667,474.2|475.2
15668,575.05|435.9
15669,393.1|271.35
15670,208.95|323.95
15671,467.05|358.8
15672,228.8|510.35
15673,402.3|281.75
15674,474.1|281.5
15675,382.55|492.05
15676,548.4|586.0
15677,541.0|323.3
15678,477.8|440.0
15679,347.7|231.45
15680,398.95|270.3
15681,364.7|537.75
15682,219.85|478.85
15683,212.25|588.1
15684,380.25|304.0
15685,208.5|589.5
15686,567.75|505.65
15687,407.25|442.0
15688,426.6|383.15
15689,412.35|388.65
15690,436.05|262.65
15691,547.55|330.8
15692,563.7|366.95
15693,246.75|422.75
15694,244.85|249.55
15695,579.35|323.75
15696,334.45|403.2
15697,554.4|254.0
15698,439.85|584.8
15699,427.65|376.7
15700,553.4|244.75
15701,395.8|404.65
15702,420.25|411.75
15703,243.1|362.85
15704,384.35|467.75
15705,555.75|344.85
15706,256.6|510.6
15707,384.1|253.5
15708,547.2|506.2
15709,207.9|490.4
15710,539.75|529.8
15711,485.05|221.55
15712,209.2|583.75
15713,370.35|508.65
15714,478.6|522.85
15715,299.95|558.7
15716,461.7|306.25
15717,386.55|580.8
15718,443.4|383.55
15719,207.85|250.6
15720,526.55|304.0
15721,577.75|545.0
15722,452.8|462.85
15723,473.3|459.95
15724,436.4|575.95
15725,397.85|387.9
15726,559.55|556.2
15727,263.25|283.1
15728,443.7|462.3
15729,299.95|363.5
15730,252.5|360.8
15731,352.05|547.85
15732,555.75|325.5
15733,377.3|472.45
15734,421.65|306.15
15735,397.8|266.65
15736,427.05|497.9
15737,350.45|439.2
15738,397.2|502.15
15739,373.95|221.2
15740,343.1|417.05
15741,350.0|348.7
15742,213.75|509.25
15743,344.55|595.4
15744,303.7|301.5
15745,583.75|413.9
15746,210.35|248.35
15747,556.0|257.9
15748,459.7|220.3
15749,504.5|450.2
15750,579.55|466.8
15751,533.9|340.15
15752,549.25|516.15
15753,356.25|412.5
15754,223.45|259.5
15755,231.35|250.5
15756,285.3|458.75
15757,293.6|295.5
15758,269.8|385.75
15759,402.7|368.95
15760,453.4|388.9
15761,441.2|548.75
15762,548.05|517.55
15763,525.55|486.0
15764,588.4|553.1
15765,219.3|307.3
15766,377.6|589.05
15767,256.15|559.45
15768,426.4|408.7
15769,208.5|457.85
15770,234.9|578.1
15771,438.8|576.6
15772,591.15|582.15
15773,471.6|559.5
15774,552.3|296.7
15775,280.0|595.15
15776,526.8|253.35
15777,283.55|449.3
15778,287.35|447.7
15779,223.25|391.4
15780,497.95|494.85
15781,430.5|505.05
15782,276.2|386.25
15783,322.5|398.0
15784,229.5|458.45
15785,583.4|332.7
15786,253.9|288.65
15787,329.9|415.0
15788,209.7|234.1
15789,281.2|513.45
15790,585.65|430.65
15791,458.45|570.45
15792,320.75|355.2
15793,427.9|406.55
15794,391.95|291.95
15795,390.55|266.15
15796,425.9|556.2
15797,532.05|447.1
15798,376.05|482.4
15799,214.1|585.6
15800,410.85|206.6
15801,307.65|430.2
15802,367.75|212.55
15803,470.55|544.6
15804,352.4|556.25
15805,460.3|238.75
15806,270.8|272.75
15807,372.6|513.75
15808,457.0|373.75
15809,381.8|475.2
15810,590.9|390.45
15811,323.5|409.65
15812,479.05|351.85
15813,299.55|332.85
15814,431.55|456.5
15815,231.95|572.25
15816,299.9|368.6
15817,388.1|294.95
15818,588.35|481.7
15819,570.55|425.7
15820,250.6|225.85
15821,501.25|313.55
15822,468.4|255.25
15823,240.2|557.9
15824,403.2|354.5
15825,474.25|427.25
15826,415.55|335.75
15827,464.6|364.6
15828,430.25|214.9
15829,455.75|537.3
15830,488.5|346.0
15831,363.7|213.3
15832,440.95|450.25
15833,269.15|266.3
15834,441.35|387.65
15835,414.2|551.2
15836,360.2|452.65
15837,568.85|239.2
15838,467.1|312.65
15839,352.4|374.05
15840,235.8|441.4
15841,423.85|424.55
15842,288.25|467.0
15843,419.7|322.8
15844,208.7|234.85
15845,272.5|339.35
15846,514.55|560.1
15847,232.4|423.85
15848,278.55|324.6
15849,406.4|549.6
15850,346.95|315.7
15851,344.9|574.95
15852,428.2|244.55
15853,238.7|360.3
15854,581.75|384.15
15855,462.25|331.75
15856,346.3|413.95
15857,311.25|407.8
15858,219.95|300.55
15859,370.6|376.5
15860,233.7|274.2
15861,450.8|220.25
15862,580.85|410.9
15863,554.95|579.45
15864,295.6|306.8
15865,518.2|423.2
15866,480.8|456.4
15867,587.6|365.85
15868,536.5|354.85
15869,392.4|226.45
15870,462.15|399.3
15871,431.75|223.1
15872,292.35|424.15
15873,378.45|282.8
15874,376.2|458.8
15875,577.15|465.75
15876,399.0|476.85
15877,530.5|572.7
15878,247.75|447.05
15879,412.2|355.6
15880,421.95|312.45
15881,227.55|217.1
15882,281.1|322.35
15883,347.05|576.85
15884,224.05|313.4
15885,588.2|359.95
15886,285.05|300.65
15887,462.65|505.55
15888,322.9|399.7
15889,291.4|439.35
15890,285.05|466.05
15891,234.8|466.65
15892,347.4|346.25
15893,496.1|487.3
15894,457.15|246.95
15895,405.2|506.05
15896,450.95|388.6
15897,260.65|550.3
15898,282.25|539.05
15899,427.35|588.5
15900,252.85|440.8
15901,436.0|233.15
15902,272.3|593.3
15903,428.35|460.55
15904,352.2|522.5
15905,542.1|430.95
15906,235.3|389.2
15907,226.2|511.3
15908,446.15|331.9
15909,572.55|253.8
15910,208.7|385.95
15911,243.2|403.55
15912,294.95|473.2
15913,232.2|302.9
15914,579.35|537.9
15915,318.5|574.45
15916,435.05|400.0
15917,558.45|254.4
15918,483.65|455.0
15919,581.4|504.45
15920,400.0|374.95
15921,365.15|264.85
15922,431.5|468.3
15923,354.4|328.7
15924,458.15|497.45
15925,396.4|558.8
15926,579.6|579.65
15927,440.05|339.35
15928,471.6|285.95
15929,291.55|358.7
15930,556.6|489.1
15931,444.35|497.85
15932,385.15|494.5
15933,441.25|537.55
15934,574.1|385.65
15935,392.55|257.55
15936,555.95|517.7
15937,366.8|329.5
15938,239.95|484.6
15939,587.65|589.2
15940,218.1|589.1
15941,332.5|499.4
15942,306.05|485.8
15943,236.2|485.1
15944,341.25|477.5
15945,400.5|502.2
15946,391.0|319.7
15947,224.05|393.25
15948,427.9|355.9
15949,402.55|262.7
15950,550.1|231.15
15951,405.9|380.4
15952,577.05|405.2
15953,316.75|330.15
15954,285.45|323.25
15955,242.3|273.25
15956,591.15|432.9
15957,568.2|512.2
15958,530.7|434.55
15959,325.7|442.65
15960,287.0|299.65
15961,214.95|458.6
15962,234.3|471.55
15963,327.95|420.8
15964,379.65|558.3
15965,587.4|576.9
15966,589.65|541.9
15967,583.3|471.55
15968,231.2|348.2
15969,285.7|436.2
15970,343.35|556.9
15971,534.25|454.35
15972,241.1|567.9
15973,262.5|360.15
15974,459.55|322.8
15975,257.75|266.6
15976,229.75|312.0
15977,470.0|463.5
15978,273.7|567.8
15979,575.05|455.3
15980,337.65|327.7
15981,415.7|410.4
15982,356.2|209.4
15983,558.45|270.0
15984,396.9|338.8
15985,471.05|446.3
15986,577.8|394.3
15987,438.35|384.4
15988,465.65|274.25
15989,348.5|442.55
15990,350.95|438.0
15991,404.35|225.8
15992,392.95|498.3
15993,562.5|382.55
15994,433.15|549.1
15995,415.0|382.7
15996,346.9|331.25
15997,406.25|209.4
15998,373.0|586.6
15999,582.3|403.2
16000,431.35|499.75
16001,380.55|511.2
16002,209.5|472.0
16003,420.35|364.1
16004,415.25|226.05
16005,261.15|566.65
16006,433.8|586.3
16007,253.4|234.9
16008,369.6|337.45
16009,399.8|246.55
16010,432.45|535.75
16011,592.95|485.8
16012,421.7|553.1
16013,581.3|435.1
16014,575.45|264.25
16015,238.9|516.95
16016,358.35|289.7
16017,434.0|443.25
16018,280.7|283.95
16019,439.65|483.95
16020,458.9|453.15
16021,377.9|457.05
16022,581.8|322.75
16023,466.35|478.2
16024,235.5|345.15
16025,232.4|374.25
16026,298.4|573.5
16027,481.6|453.15
16028,586.8|219.3
16029,477.15|558.25
16030,245.7|564.3
16031,221.65|209.7
16032,547.85|332.5
16033,233.55|511.4
16034,593.5|270.9
16035,296.55|303.35
16036,591.8|411.75
16037,583.35|333.45
16038,512.9|578.45
16039,344.5|373.15
16040,452.95|537.0
16041,560.15|472.55
16042,237.45|496.85
16043,422.35|436.0
16044,390.75|207.5
16045,343.8|374.8
16046,570.9|336.8
16047,349.0|558.6
16048,362.15|280.0
16049,366.55|538.1
16050,459.75|589.4
16051,525.8|454.65
16052,296.8|323.2
16053,350.05|506.15
16054,546.85|352.6
16055,371.85|375.6
16056,525.3|268.3
16057,426.35|508.3
16058,578.0|257.1
16059,346.65|327.8
16060,375.05|594.75
16061,362.85|374.45
16062,337.05|375.8
16063,446.0|428.75
16064,313.7|396.35
16065,436.25|551.85
16066,359.5|383.9
16067,593.0|364.9
16068,553.15|340.95
16069,298.65|442.6
16070,453.9|560.55
16071,223.8|354.75
16072,573.55|344.6
16073,309.55|401.3
16074,300.95|390.75
16075,584.05|460.55
16076,561.05|588.7
16077,579.95|257.9
16078,456.7|234.55
16079,545.95|473.15
16080,473.15|381.5
16081,396.85|505.7
16082,357.15|519.95
16083,521.85|492.85
16084,232.25|417.55
16085,577.15|310.35
16086,558.35|517.1
16087,442.0|387.45
16088,288.55|548.55
16089,270.4|530.75
16090,560.35|237.55
16091,261.15|558.95
16092,557.25|394.3
16093,279.0|588.25
16094,441.3|413.6
16095,567.5|261.45
16096,225.1|496.2
16097,453.1|390.3
16098,436.4|426.7
16099,391.35|451.25
16100,520.8|551.4
16101,411.8|323.4
16102,588.1|207.65
16103,400.15|214.8
16104,402.4|476.3
16105,437.45|346.35
16106,373.45|394.4
16107,335.05|321.8
16108,336.9|416.9
16109,347.6|588.95
16110,570.45|240.45
16111,274.95|283.1
16112,538.65|584.6
16113,375.3|526.45
16114,223.15|263.95
16115,349.0|401.2
16116,334.85|383.0
16117,217.25|472.6
16118,237.75|216.7
16119,356.7|264.6
16120,515.45|472.75
16121,288.0|474.25
16122,310.35|364.5
16123,259.7|263.8
16124,225.35|282.8
16125,256.35|556.35
16126,222.55|517.4
16127,250.8|490.8
16128,426.8|270.05
16129,282.85|453.95
16130,269.65|405.35
16131,215.15|460.1
16132,426.55|446.25
16133,479.1|286.6
16134,240.4|308.65
16135,212.8|573.75
16136,467.75|297.65
16137,372.05|225.65
16138,382.7|346.75
16139,522.7|461.35
16140,543.2|569.85
16141,471.95|483.05
16142,470.5|345.15
16143,223.25|462.05
16144,354.6|376.1
16145,573.4|439.0
16146,441.6|542.75
16147,385.15|456.5
16148,591.85|555.2
16149,524.35|436.45
16150,277.25|586.1
16151,225.7|288.35
16152,586.8|250.45
16153,446.1|570.6
16154,346.65|425.4
16155,494.0|413.4
16156,272.4|271.2
16157,302.55|411.0
16158,356.5|466.15
16159,216.95|432.75
16160,305.15|408.25
16161,439.0|430.15
16162,568.5|392.45
16163,500.35|224.5
16164,450.2|537.6
16165,344.35|240.25
16166,234.0|366.05
16167,293.0|376.05
16168,277.85|281.6
16169,500.55|319.85
16170,535.0|430.7
16171,587.1|337.85
16172,406.9|396.1
16173,205.2|464.65
16174,288.4|438.4
16175,220.0|460.6
16176,392.95|262.6
16177,585.25|563.0
16178,295.8|547.75
16179,355.55|514.95
16180,577.45|356.05
16181,221.35|256.75
16182,555.2|297.7
16183,457.9|554.95
16184,484.6|303.3
16185,476.0|507.85
16186,237.3|564.0
16187,375.25|214.8
16188,250.75|348.05
16189,393.4|477.8
16190,525.55|352.1
16191,592.6|357.75
16192,404.3|231.6
16193,271.1|588.7
16194,554.65|224.45
16195,289.15|540.05
16196,446.75|446.1
16197,422.3|373.95
16198,457.4|572.65
16199,582.85|563.45
16200,369.1|592.05
16201,586.8|567.8
16202,283.25|451.35
16203,233.45|388.25
16204,423.6|590.3
16205,213.7|282.6
16206,264.6|363.05
16207,409.65|585.95
16208,275.55|440.55
16209,501.05|260.75
16210,420.75|388.3
16211,525.45|529.1
16212,294.2|578.4
16213,212.55|463.4
16214,474.7|496.3
16215,401.7|511.0
16216,403.3|438.05
16217,423.8|581.25
16218,545.05|269.4
16219,577.3|392.3
16220,564.75|563.45
16221,476.4|257.9
16222,222.75|273.5
16223,391.85|456.65
16224,515.2|529.7
16225,421.0|223.3
16226,492.4|471.65
16227,428.0|400.5
16228,261.3|331.4
16229,470.25|460.6
16230,541.9|448.1
16231,397.0|379.5
16232,445.85|258.3
16233,263.9|351.6
16234,469.9|296.25
16235,536.05|426.9
16236,594.95|571.65
16237,579.85|334.1
16238,227.2|563.35
16239,437.6|387.1
16240,519.25|485.3
16241,346.7|259.35
16242,380.6|217.7
16243,467.35|568.3
16244,208.5|456.7
16245,436.75|346.25
16246,459.15|433.1
16247,462.7|575.15
16248,437.3|244.7
16249,299.75|278.85
16250,426.35|586.85
16251,455.95|225.7
16252,293.3|449.75
16253,559.2|416.2
16254,455.0|271.85
16255,284.35|413.15
16256,545.25|282.2
16257,438.5|586.9
16258,394.5|216.9
16259,406.45|530.9
16260,345.35|536.45
16261,225.65|511.3
16262,345.25|256.25
16263,398.85|388.8
16264,499.6|445.7
16265,454.95|434.7
16266,548.9|486.4
16267,552.0|318.25
16268,392.15|387.15
16269,526.2|440.85
16270,518.05|249.7
16271,263.65|558.2
16272,220.25|553.45
16273,415.5|405.9
16274,269.6|575.85
16275,234.0|233.9
16276,341.45|543.8
16277,456.8|459.85
16278,272.95|376.95
16279,449.75|387.9
16280,394.4|301.65
16281,572.6|515.5
16282,487.85|506.0
16283,386.05|206.55
16284,398.9|447.1
16285,207.6|467.15
16286,424.5|269.2
16287,260.5|512.65
16288,367.5|451.8
16289,392.35|591.9
16290,220.8|286.25
16291,583.25|516.95
16292,408.1|330.55
16293,231.85|342.5
16294,327.3|437.6
16295,377.25|350.0
16296,363.4|378.0
16297,318.7|401.45
16298,379.45|590.7
16299,413.05|441.45
16300,478.7|273.5
16301,232.85|543.4
16302,415.2|305.85
16303,420.9|311.4
16304,581.1|284.8
16305,207.65|238.75
16306,398.7|480.35
16307,397.85|506.35
16308,304.9|395.15
16309,533.0|569.05
16310,220.3|474.6
16311,347.9|313.05
16312,545.6|257.8
16313,341.8|401.15
16314,208.9|583.3
16315,432.75|462.1
16316,481.4|335.55
16317,556.05|298.7
16318,454.7|459.0
16319,287.9|518.4
16320,358.1|451.8
16321,381.0|418.35
16322,347.4|544.25
16323,416.15|374.1
16324,270.7|577.75
16325,516.1|481.05
16326,456.8|461.0
16327,428.75|562.8
16328,370.1|590.6
16329,454.7|224.35
16330,240.55|473.65
16331,441.55|448.65
16332,373.35|560.15
16333,406.8|330.9
16334,483.65|452.25
16335,285.6|293.7
16336,586.4|262.7
16337,259.2|405.35
16338,261.05|222.1
16339,562.55|439.3
16340,424.05|426.4
16341,325.45|336.2
16342,288.6|353.4
16343,251.65|415.85
16344,581.1|497.25
16345,392.95|214.25
16346,221.6|258.85
16347,231.7|357.25
16348,461.0|569.05
16349,231.0|284.95
16350,268.9|544.65
16351,469.55|292.2
16352,337.75|287.85
16353,530.7|320.5
16354,565.4|410.25
16355,381.85|315.0
16356,272.9|581.2
16357,441.7|424.2
16358,543.25|539.8
16359,478.25|472.1
16360,304.85|492.35
16361,468.3|414.15
16362,286.25|344.4
16363,261.15|563.7
16364,385.05|239.5
16365,287.55|535.1
16366,346.05|400.5
16367,473.75|216.0
16368,446.45|337.05
16369,326.0|406.0
16370,566.35|501.6
16371,527.1|547.9
16372,459.85|458.75
16373,216.45|510.7
16374,409.0|588.7
16375,401.65|338.15
16376,215.8|495.5
16377,257.85|552.55
16378,389.55|320.25
16379,474.25|450.55
16380,436.05|334.75
16381,400.35|357.4
16382,572.05|231.5
16383,383.7|304.95
16384,431.4|234.9
16385,437.0|375.5
16386,551.2|310.9
16387,210.0|456.9
16388,468.1|481.9
16389,562.35|496.35
16390,236.85|375.55
16391,359.15|229.55
16392,471.25|520.05
16393,248.55|262.75
16394,269.2|364.85
16395,531.45|515.65
16396,251.35|410.75
16397,420.1|375.4
16398,373.1|301.45
16399,210.65|576.85
16400,250.0|341.95
16401,480.65|334.45
16402,424.65|351.15
16403,376.8|500.85
16404,564.7|219.55
16405,527.35|507.35
16406,467.75|470.85
16407,412.6|308.5
16408,289.0|441.45
16409,282.9|391.6
16410,431.9|366.25
16411,265.5|277.8
16412,363.2|373.55
16413,210.0|261.25
16414,469.5|500.7
16415,594.35|593.2
16416,236.6|416.55
16417,269.0|423.4
16418,221.35|525.85
16419,279.5|336.55
16420,530.05|468.7
16421,236.65|443.1
16422,231.6|485.2
16423,382.95|277.8
16424,585.55|392.55
16425,269.05|262.55
16426,466.95|438.05
16427,498.15|334.15
16428,382.2|482.15
16429,372.1|513.85
16430,353.25|282.65
16431,562.25|235.55
16432,354.9|588.4
16433,572.4|331.8
16434,455.15|438.2
16435,426.8|376.55
16436,409.7|338.2
16437,474.9|246.45
16438,587.7|389.15
16439,238.1|337.75
16440,247.8|579.5
16441,382.0|469.45
16442,365.95|247.9
16443,356.45|217.85
16444,461.55|469.4
16445,221.5|502.65
16446,354.85|326.85
16447,281.55|440.95
16448,226.6|577.1
16449,349.95|299.95
16450,549.85|270.2
16451,531.05|414.8
16452,455.95|574.35
16453,476.75|322.95
16454,431.35|577.9
16455,509.25|414.95
16456,549.15|449.1
16457,246.7|582.25
16458,271.35|476.05
16459,528.1|569.85
16460,538.65|533.65
16461,341.7|305.95
16462,588.85|482.55
16463,231.3|516.15
16464,334.45|561.2
16465,355.25|283.7
16466,345.4|297.1
16467,382.3|209.25
16468,236.15|480.35
16469,229.85|233.8
16470,540.6|542.35
16471,569.35|595.55
16472,346.75|527.8
16473,220.65|235.8
16474,286.3|386.7
16475,215.15|325.75
16476,252.0|287.5
16477,224.75|470.8
16478,371.7|442.65
16479,274.65|245.25
16480,293.4|348.8
16481,570.9|576.2
16482,357.95|333.65
16483,371.65|384.8
16484,462.4|437.95
16485,519.15|502.9
16486,382.5|292.75
16487,374.05|229.2
16488,310.55|495.35
16489,308.5|405.8
16490,364.65|305.25
16491,482.45|399.65
16492,232.45|362.0
16493,280.9|370.95
16494,427.2|434.05
16495,339.75|331.8
16496,493.3|244.65
16497,576.3|464.2
16498,391.0|336.8
16499,563.65|477.75
16500,272.2|562.8
16501,386.6|492.3
16502,335.1|253.85
16503,384.95|322.15
16504,587.95|498.2
16505,281.55|276.85
16506,422.4|249.55
16507,233.2|548.4
16508,271.15|559.85
16509,245.15|305.8
16510,268.55|569.3
16511,222.55|369.4
16512,208.4|528.35
16513,440.5|441.15
16514,345.25|555.25
16515,536.9|311.25
16516,317.1|407.2
16517,422.45|399.15
16518,360.1|248.7
16519,480.1|212.4
16520,585.6|560.25
16521,314.75|478.45
16522,588.7|579.5
16523,292.25|303.95
16524,421.9|229.95
16525,204.65|466.85
16526,249.0|277.25
16527,393.85|329.1
16528,420.9|547.0
16529,337.15|350.55
16530,589.95|383.4
16531,525.55|526.35
16532,490.45|514.8
16533,533.3|535.4
16534,258.9|285.55
16535,251.25|321.15
16536,305.85|450.05
16537,345.45|517.0
16538,356.05|346.6
16539,519.55|505.85
16540,498.3|223.9
16541,281.5|450.25
16542,465.3|277.2
16543,564.75|227.3
16544,527.35|517.2
16545,262.85|584.35
16546,362.6|319.95
16547,350.85|573.65
16548,301.65|367.75
16549,282.25|433.65
16550,321.85|563.0
16551,588.4|321.9
16552,224.15|584.9
16553,313.75|412.05
16554,468.35|510.95
16555,419.8|528.1
16556,356.95|568.95
16557,211.0|588.65
16558,269.1|345.6
16559,475.6|465.15
16560,560.95|522.8
16561,430.2|445.35
16562,470.4|235.9
16563,492.95|217.3
16564,208.4|255.7
16565,470.0|479.6
16566,548.15|586.8
16567,471.25|550.15
16568,588.2|212.4
16569,243.6|578.55
16570,589.55|475.0
16571,262.15|241.5
16572,413.35|212.5
16573,212.45|390.1
16574,276.35|382.6
16575,336.0|344.7
16576,480.8|267.45
16577,475.25|336.35
16578,513.75|426.25
16579,467.95|316.0
16580,490.95|509.25
16581,461.6|332.95
16582,552.2|452.9
16583,264.0|244.25
16584,525.9|397.45
16585,360.75|240.35
16586,292.6|342.3
16587,376.5|585.15
16588,533.95|353.05
16589,477.1|279.05
16590,474.5|281.55
16591,526.05|320.7
16592,347.35|456.2
16593,448.8|307.6
16594,553.6|331.75
16595,286.2|435.25
16596,531.25|532.95
16597,336.6|542.45
16598,576.75|572.4
16599,339.95|508.2
16600,467.3|413.8
16601,394.2|403.65
16602,421.65|391.8
16603,386.35|361.3
16604,386.45|297.6
16605,578.6|410.55
16606,316.15|339.75
16607,356.15|364.05
16608,550.45|459.2
16609,362.65|317.8
16610,530.6|410.9
16611,250.5|579.6
16612,466.35|218.5
16613,518.05|506.1
16614,443.15|453.45
16615,467.45|419.05
16616,452.0|299.65
16617,475.25|471.3
16618,260.6|217.2
16619,268.4|345.2
16620,277.05|523.85
16621,450.9|274.25
16622,448.7|588.15
16623,586.65|573.6
16624,400.65|564.25
16625,477.65|560.85
16626,567.25|342.1
16627,551.7|251.2
16628,368.75|442.25
16629,356.3|436.25
16630,589.0|413.5
16631,350.4|417.55
16632,235.8|578.6
16633,458.6|499.1
16634,355.9|583.55
16635,389.7|557.2
16636,259.65|496.05
16637,577.5|368.15
16638,469.8|245.6
16639,534.2|352.6
16640,540.8|551.0
16641,416.55|373.1
16642,387.65|230.0
16643,409.25|280.05
16644,211.2|258.55
16645,495.05|557.1
16646,293.75|455.85
16647,351.05|416.5
16648,239.2|519.35
16649,438.15|592.35
16650,516.5|227.75
16651,465.75|334.95
16652,398.45|383.65
16653,435.45|243.15
16654,232.45|361.25
16655,581.1|310.7
16656,212.7|334.25
16657,331.9|331.4
16658,448.75|580.85
16659,342.05|250.3
16660,457.5|459.05
16661,226.1|268.9
16662,300.3|374.9
16663,256.3|279.85
16664,522.95|442.25
16665,357.8|386.15
16666,427.7|384.75
16667,248.1|364.9
16668,589.5|416.2
16669,249.2|585.6
16670,358.85|390.55
16671,227.05|435.35
16672,243.8|568.35
16673,282.2|588.5
16674,220.45|587.15
16675,218.8|217.3
16676,512.2|532.15
16677,520.05|510.15
16678,264.55|356.6
16679,563.0|234.65
16680,454.6|566.8
16681,334.75|322.9
16682,451.3|510.25
16683,496.85|526.0
16684,268.7|461.55
16685,276.0|353.5
16686,581.7|230.3
16687,539.4|291.5
16688,456.1|485.3
16689,364.05|590.65
16690,399.5|259.3
16691,207.35|524.05
16692,380.6|261.7
16693,386.65|335.3
16694,431.45|575.35
16695,531.25|529.85
16696,457.9|495.7
16697,230.55|335.55
16698,343.65|517.45
16699,237.2|232.15
16700,383.6|563.15
16701,239.15|367.5
16702,449.65|232.7
16703,553.35|538.75
16704,471.15|244.65
16705,347.4|232.1
16706,546.65|223.95
16707,292.6|571.8
16708,211.15|449.15
16709,355.5|213.75
16710,266.45|301.2
16711,259.15|213.6
16712,545.65|287.6
16713,356.75|555.05
16714,218.3|331.75
16715,516.75|319.75
16716,371.4|282.95
16717,512.7|228.45
16718,208.15|520.6
16719,466.85|517.95
16720,402.05|261.85
16721,436.7|252.25
16722,451.5|400.6
16723,319.15|352.65
16724,580.85|497.0
16725,355.8|400.25
16726,544.75|439.15
16727,463.7|218.4
16728,577.05|525.75
16729,265.65|217.75
16730,225.75|222.2
16731,363.0|445.15
16732,561.65|430.05
16733,225.1|227.5
16734,394.9|336.65
16735,351.65|520.35
16736,536.7|328.0
16737,442.3|405.55
16738,469.8|285.9
16739,413.85|356.5
16740,526.2|419.8
16741,393.45|489.05
16742,258.7|279.2
16743,438.55|548.55
16744,590.65|496.5
16745,476.55|342.35
16746,465.15|547.8
16747,274.0|563.95
16748,578.55|575.25
16749,296.35|400.2
16750,387.05|292.55
16751,358.5|295.5
16752,383.85|354.65
16753,490.3|219.6
16754,535.75|523.85
16755,545.2|538.15
16756,581.6|491.3
16757,534.1|349.3
16758,250.55|478.55
16759,248.95|241.45
16760,536.65|554.5
16761,587.8|477.5
16762,578.35|315.95
16763,573.85|479.0
16764,221.55|239.45
16765,324.85|275.4
16766,574.05|559.25
16767,293.25|336.55
16768,461.05|259.9
16769,415.8|567.4
16770,251.3|501.85
16771,591.85|270.5
16772,205.45|485.45
16773,520.5|509.4
16774,397.6|591.8
16775,220.6|512.4
16776,297.1|353.4
16777,418.35|394.3
16778,539.95|548.95
16779,274.6|543.35
16780,454.45|434.9
16781,212.9|564.3
16782,396.0|278.4
16783,451.6|423.7
16784,230.35|587.35
16785,280.3|537.2
16786,366.4|346.8
16787,427.75|558.35
16788,577.2|590.4
16789,239.0|444.0
16790,560.5|503.6
16791,286.55|431.2
16792,464.0|319.3
16793,367.55|336.2
16794,385.5|352.0
16795,532.3|439.3
16796,253.45|249.3
16797,559.7|564.85
16798,274.75|463.4
16799,576.65|463.65
16800,406.95|274.2
16801,266.95|268.15
16802,337.1|571.95
16803,208.05|275.0
16804,249.7|242.7
16805,417.45|388.1
16806,280.0|445.05
16807,449.15|360.75
16808,403.9|328.7
16809,469.55|293.85
16810,533.95|304.8
16811,431.0|579.55
16812,217.8|548.6
16813,369.6|237.15
16814,324.3|513.6
16815,532.65|369.0
16816,211.6|287.95
16817,409.45|371.15
16818,470.6|533.2
16819,429.6|489.65
16820,245.5|401.7
16821,456.3|470.9
16822,353.9|270.05
16823,256.15|563.0
16824,210.8|243.6
16825,247.9|361.75
16826,412.9|369.5
16827,262.3|431.25
16828,358.5|580.95
16829,228.3|280.05
16830,557.7|240.0
16831,337.45|416.05
16832,433.55|429.85
16833,248.55|223.25
16834,346.75|406.6
16835,459.45|476.8
16836,294.45|408.2
16837,258.0|278.8
16838,588.55|420.75
16839,223.85|305.45
16840,339.6|399.65
16841,342.75|333.8
16842,457.8|266.55
16843,300.6|448.15
16844,448.65|264.5
16845,584.1|213.45
16846,545.1|555.6
16847,467.85|440.55
16848,433.4|382.9
16849,416.25|467.05
16850,244.6|517.15
16851,217.1|451.9
16852,447.6|378.75
16853,453.15|417.85
16854,447.95|271.1
16855,260.75|575.0
16856,380.7|270.25
16857,470.55|478.7
16858,209.6|586.3
16859,582.6|350.15
16860,497.0|240.85
16861,370.9|476.7
16862,495.35|555.35
16863,265.9|266.05
16864,270.8|336.55
16865,482.05|260.25
16866,569.1|552.2
16867,281.9|421.9
16868,277.5|575.95
16869,529.35|254.8
16870,210.95|521.35
16871,264.35|574.7
16872,334.05|531.85
16873,222.8|538.8
16874,379.95|551.9
16875,514.45|479.9
16876,569.5|375.55
16877,284.4|420.15
16878,264.7|215.3
16879,442.25|428.4
16880,412.85|561.85
16881,342.25|220.85
16882,537.3|316.35
16883,393.7|487.3
16884,390.55|240.05
16885,384.45|274.75
16886,374.7|250.9
16887,490.15|512.1
16888,428.8|537.35
16889,254.7|251.45
16890,568.4|492.0
16891,341.3|555.05
16892,255.4|402.8
16893,589.05|501.3
16894,471.25|357.35
16895,473.45|314.3
16896,256.4|369.6
16897,539.55|288.15
16898,432.2|348.5
16899,574.25|484.2
16900,344.55|257.45
16901,437.8|465.2
16902,386.95|248.2
16903,364.1|273.9
16904,401.15|585.4
16905,527.35|346.05
16906,304.95|397.7
16907,360.55|397.55
16908,392.9|520.2
16909,509.9|436.95
16910,539.35|246.8
16911,554.7|248.75
16912,256.15|565.95
16913,226.5|549.05
16914,490.8|353.8
16915,360.7|370.1
16916,593.8|421.15
16917,219.0|240.25
16918,559.0|243.45
16919,422.8|487.75
16920,278.4|359.25
16921,408.75|236.95
16922,455.7|506.6
16923,400.0|513.4
16924,406.75|211.5
16925,380.15|590.85
16926,358.2|276.2
16927,323.45|418.5
16928,543.3|471.05
16929,530.85|496.7
16930,506.3|484.5
16931,444.9|584.95
16932,549.9|497.5
16933,430.6|390.95
16934,291.3|363.3
16935,478.35|438.5
16936,469.8|332.5
16937,392.8|346.45
16938,257.95|233.15
16939,586.75|408.95
16940,268.3|548.7
16941,405.9|213.65
16942,229.95|503.25
16943,386.1|553.1
16944,314.0|385.15
16945,543.95|576.6
16946,256.1|551.6
16947,589.85|591.25
16948,230.05|404.45
16949,275.6|386.5
16950,541.75|363.4
16951,333.2|448.1
16952,582.25|462.2
16953,364.5|499.4
16954,362.85|582.4
16955,258.7|308.4
16956,405.0|223.55
16957,230.45|295.45
16958,570.35|409.0
16959,265.15|313.45
16960,587.75|557.2
16961,453.3|287.45
16962,362.15|517.8
16963,392.75|229.25
16964,466.6|212.9
16965,276.15|409.85
16966,591.95|217.05
16967,424.85|237.45
16968,345.55|280.6
16969,565.65|408.45
16970,426.85|451.65
16971,562.35|535.6
16972,448.55|561.3
16973,583.9|467.6
16974,575.6|401.5
16975,250.05|567.45
16976,258.0|344.3
16977,454.4|434.2
16978,338.7|543.95
16979,534.2|429.4
16980,442.2|564.2
16981,592.5|266.6
16982,323.75|401.45
16983,534.4|336.85
16984,415.95|481.1
16985,481.4|237.55
16986,298.7|374.9
16987,253.5|279.15
16988,263.8|593.05
16989,259.75|581.1
16990,355.3|311.5
16991,458.2|228.6
16992,267.8|440.0
16993,517.9|543.0
16994,403.25|277.45
16995,232.7|434.1
16996,234.35|310.9
16997,203.8|533.65
16998,251.65|428.25
16999,348.2|219.0
17000,284.6|402.3
17001,470.75|264.7
17002,393.45|498.85
17003,266.1|574.45
17004,474.55|474.45
17005,542.3|284.35
17006,344.55|546.75
17007,203.55|489.5
17008,272.0|491.75
17009,473.25|499.55
17010,559.05|222.9
17011,268.1|415.25
17012,559.1|312.05
17013,384.0|311.25
17014,375.05|474.8
17015,448.95|448.3
17016,435.75|414.25
17017,307.55|476.15
17018,532.3|538.25
17019,564.5|571.55
17020,341.85|549.15
17021,408.65|266.3
17022,351.5|593.5
17023,445.9|485.35
17024,271.75|366.5
17025,458.3|229.25
17026,561.4|533.6
17027,437.35|238.65
17028,274.45|225.65
17029,291.55|318.2
17030,471.85|475.7
17031,388.25|484.65
17032,409.05|558.05
17033,445.25|307.5
17034,473.15|356.15
17035,456.8|436.9
17036,404.4|543.15
17037,318.1|237.55
17038,406.65|513.2
17039,259.7|257.9
17040,246.55|485.95
17041,237.95|562.1
17042,572.55|281.95
17043,213.55|529.8
17044,250.4|243.2
17045,535.55|429.35
17046,554.85|565.5
17047,351.4|306.5
17048,252.8|388.15
17049,246.9|359.1
17050,496.6|211.2
17051,549.25|439.2
17052,424.65|387.1
17053,420.85|322.6
17054,454.65|318.25
17055,275.2|276.15
17056,372.9|290.8
17057,536.45|328.3
17058,407.1|438.3
17059,588.55|367.05
17060,462.4|459.95
17061,228.8|383.6
17062,505.8|462.4
17063,591.75|305.65
17064,464.4|444.85
17065,433.35|514.4
17066,234.6|307.95
17067,452.0|240.9
17068,208.2|543.75
17069,438.8|375.9
17070,353.1|224.5
17071,487.65|503.95
17072,275.0|559.05
17073,407.3|537.9
17074,238.05|588.65
17075,572.95|446.45
17076,451.7|474.35
17077,552.0|333.15
17078,399.3|404.5
17079,529.0|453.7
17080,534.05|589.4
17081,240.45|456.05
17082,476.2|275.8
17083,217.95|302.05
17084,401.05|537.4
17085,214.4|585.7
17086,243.45|252.05
17087,354.55|507.1
17088,209.35|545.0
17089,290.8|448.7
17090,435.1|350.85
17091,404.85|553.0
17092,299.7|595.3
17093,408.05|344.75
17094,584.4|533.4
17095,323.95|344.9
17096,271.85|377.6
17097,530.55|264.4
17098,380.45|454.2
17099,361.35|492.6
17100,551.05|435.9
17101,214.4|545.1
17102,348.75|431.95
17103,396.75|593.7
17104,404.8|554.15
17105,379.4|371.8
17106,592.85|580.05
17107,413.35|586.8
17108,286.8|361.6
17109,581.95|483.35
17110,566.3|584.55
17111,375.1|446.6
17112,392.25|522.75
17113,346.3|473.8
17114,595.4|478.05
17115,404.8|279.6
17116,529.3|536.15
17117,543.2|265.95
17118,270.2|588.95
17119,383.55|250.7
17120,448.0|256.15
17121,396.6|526.65
17122,290.05|542.1
17123,419.45|346.55
17124,540.65|495.1
17125,298.75|390.3
17126,422.25|498.95
17127,218.85|421.9
17128,509.4|478.5
17129,593.6|550.7
17130,218.85|244.0
17131,445.95|551.95
17132,539.6|339.7
17133,269.0|561.4
17134,352.4|409.05
17135,361.3|482.15
17136,576.05|464.85
17137,414.35|374.6
17138,549.7|329.25
17139,585.9|353.0
17140,448.85|439.1
17141,425.75|434.35
17142,549.95|287.2
17143,535.8|508.45
17144,387.65|472.15
17145,262.55|344.95
17146,225.1|366.5
17147,217.15|316.35
17148,234.15|441.85
17149,422.3|567.55
17150,386.85|594.1
17151,431.0|262.75
17152,473.75|515.8
17153,400.55|298.9
17154,545.95|263.4
17155,310.5|558.1
17156,485.6|270.3
17157,286.95|586.3
17158,404.25|211.9
17159,345.1|211.25
17160,234.95|479.8
17161,535.35|519.6
17162,355.3|335.25
17163,424.75|588.95
17164,470.85|391.95
17165,340.8|375.1
17166,280.35|337.8
17167,413.45|320.2
17168,444.75|213.25
17169,283.75|481.3
17170,432.95|401.5
17171,218.55|595.35
17172,384.75|481.8
17173,471.45|458.6
17174,404.5|476.8
17175,280.65|282.35
17176,378.7|252.05
17177,367.3|555.5
17178,398.5|492.05
17179,532.75|363.05
17180,212.25|571.4
17181,411.2|578.0
17182,418.4|292.6
17183,588.1|579.45
17184,399.4|504.3
17185,343.25|292.0
17186,554.8|241.85
17187,389.45|592.35
17188,329.9|406.35
17189,358.45|361.35
17190,378.5|587.95
17191,291.35|452.3
17192,466.75|526.2
17193,207.2|534.0
17194,219.65|315.15
17195,403.65|515.15
17196,545.0|448.3
17197,588.95|471.15
17198,577.65|562.65
17199,455.65|534.6
17200,512.25|491.2
17201,406.7|486.85
17202,271.6|470.25
17203,592.95|563.6
17204,455.6|409.35
17205,413.05|313.4
17206,305.0|332.95
17207,270.65|234.5
17208,411.4|244.65
17209,415.55|529.65
17210,357.2|509.15
17211,525.35|572.7
17212,414.6|298.55
17213,388.6|505.5
17214,364.15|356.45
17215,539.35|588.15
17216,537.3|527.2
17217,444.3|418.15
17218,572.4|479.4
17219,589.45|375.75
17220,482.6|321.25
17221,359.4|544.95
17222,403.9|374.55
17223,385.95|547.0
17224,470.55|231.65
17225,551.7|533.0
17226,205.9|584.05
17227,401.5|483.85
17228,211.05|236.7
17229,413.5|361.35
17230,406.65|211.55
17231,508.1|274.85
17232,464.2|229.25
17233,233.15|289.5
17234,556.05|545.8
17235,460.8|439.85
17236,399.1|482.2
17237,542.4|492.6
17238,289.55|464.95
17239,551.75|488.55
17240,464.75|484.75
17241,578.8|514.1
17242,382.85|380.35
17243,460.25|355.3
17244,478.6|508.05
17245,395.75|573.4
17246,533.75|556.95
17247,375.25|211.2
17248,476.2|287.25
17249,369.3|595.6
17250,246.15|502.45
17251,539.5|302.2
17252,413.55|307.6
17253,590.2|400.1
17254,295.85|327.45
17255,411.05|311.5
17256,247.7|437.45
17257,445.1|421.55
17258,319.3|360.9
17259,276.1|483.25
17260,420.65|551.5
17261,390.5|315.5
17262,452.75|561.75
17263,581.7|576.1
17264,385.05|494.3
17265,512.1|496.85
17266,238.4|544.45
17267,534.1|454.25
17268,572.95|206.45
17269,286.9|241.2
17270,222.2|571.85
17271,280.3|437.35
17272,362.2|234.4
17273,244.3|544.9
17274,354.55|273.9
17275,571.95|297.9
17276,234.75|431.25
17277,398.55|534.45
17278,433.9|371.55
17279,285.35|381.65
17280,431.6|233.5
17281,502.2|495.3
17282,460.5|400.55
17283,401.8|535.4
17284,262.75|282.15
17285,334.75|594.85
17286,281.45|301.85
17287,505.4|431.1
17288,435.4|233.1
17289,428.3|491.1
17290,436.6|256.4
17291,491.3|410.15
17292,492.45|495.7
17293,233.9|470.05
17294,343.95|231.95
17295,250.65|297.7
17296,250.95|416.4
17297,467.9|218.6
17298,474.25|533.55
17299,464.75|222.9
17300,436.85|303.5
17301,442.15|350.45
17302,444.55|591.35
17303,407.55|233.7
17304,348.25|282.05
17305,585.4|490.45
17306,489.65|320.75
17307,378.2|262.95
17308,551.1|324.65
17309,588.25|465.9
17310,476.3|368.25
17311,217.2|455.1
17312,403.4|519.35
17313,564.25|284.4
17314,481.8|474.35
17315,454.8|482.65
17316,217.05|526.85
17317,543.7|259.6
17318,305.95|378.7
17319,285.95|496.85
17320,471.45|341.0
17321,213.85|308.95
17322,328.2|319.45
17323,417.15|587.6
17324,559.5|247.8
17325,341.55|234.2
17326,376.1|424.8
17327,244.5|597.05
17328,400.25|508.6
17329,446.0|407.0
17330,561.3|471.4
17331,345.5|542.7
17332,225.4|570.9
17333,381.5|419.25
17334,260.35|260.9
17335,346.8|510.1
17336,542.0|550.5
17337,581.6|572.1
17338,450.7|444.7
17339,347.7|214.6
17340,532.85|374.75
17341,342.55|427.55
17342,247.4|487.95
17343,589.6|365.35
17344,271.85|272.15
17345,436.05|348.4
17346,587.0|351.2
17347,540.65|408.7
17348,211.3|308.7
17349,468.25|351.05
17350,501.05|365.2
17351,226.25|492.3
17352,415.55|471.3
17353,341.05|345.1
17354,388.95|268.05
17355,459.55|573.1
17356,551.55|539.35
17357,468.35|532.25
17358,576.9|565.1
17359,397.7|505.65
17360,270.6|460.85
17361,378.25|298.8
17362,442.85|576.9
17363,271.6|525.1
17364,574.55|549.2
17365,244.55|291.35
17366,251.9|411.85
17367,216.4|519.4
17368,475.1|278.0
17369,314.2|591.3
17370,263.1|566.85
17371,205.4|541.75
17372,378.9|490.35
17373,353.0|313.85
17374,354.25|436.85
17375,401.05|554.2
17376,376.45|488.55
17377,581.5|510.25
17378,473.85|262.9
17379,422.5|365.25
17380,469.75|216.85
17381,355.1|265.9
17382,475.55|288.3
17383,451.25|519.8
17384,389.3|286.15
17385,576.75|464.15
17386,587.1|458.5
17387,362.95|270.2
17388,579.25|451.25
17389,243.5|540.9
17390,287.65|521.0
17391,377.75|259.05
17392,320.05|444.55
17393,453.0|526.3
17394,293.9|368.75
17395,378.2|350.95
17396,455.5|431.1
17397,340.05|244.85
17398,382.6|472.5
17399,356.6|215.6
17400,257.4|586.15
17401,574.4|304.4
17402,264.1|447.15
17403,518.95|486.7
17404,224.15|380.15
17405,345.05|594.0
17406,217.7|274.9
17407,564.35|455.8
17408,580.9|437.1
17409,344.0|584.25
17410,541.45|248.75
17411,547.8|345.4
17412,391.4|590.65
17413,503.75|353.55
17414,496.45|471.75
17415,586.85|484.75
17416,493.15|315.2
17417,594.05|590.55
17418,447.4|505.9
17419,263.8|418.4
17420,357.2|296.3
17421,411.6|557.7
17422,527.35|580.7
17423,438.25|462.05
17424,395.0|272.7
17425,458.45|443.95
17426,479.05|248.0
17427,343.25|575.6
17428,418.2|287.15
17429,421.1|547.3
17430,355.5|472.25
17431,544.0|463.2
17432,438.4|296.15
17433,372.7|220.9
17434,368.25|253.4
17435,375.3|399.4
17436,454.5|514.25
17437,467.9|571.7
17438,235.45|451.9
17439,541.35|570.65
17440,210.4|289.25
17441,204.4|537.95
17442,470.15|312.3
17443,295.55|529.8
17444,317.05|558.25
17445,272.7|278.5
17446,568.75|416.6
17447,277.3|389.85
17448,297.95|423.55
17449,454.8|554.8
17450,583.9|452.55
17451,438.65|448.3
17452,590.95|265.55
17453,583.15|399.8
17454,347.4|285.65
17455,421.25|305.65
17456,257.7|370.3
17457,575.0|525.65
17458,396.55|239.95
17459,287.3|471.35
17460,471.8|341.25
17461,303.95|348.55
17462,350.85|277.3
17463,457.5|329.7
17464,590.55|381.25
17465,364.45|566.65
17466,255.05|284.55
17467,548.8|486.85
17468,439.95|508.9
17469,580.55|418.65
17470,548.3|583.75
17471,488.95|409.0
17472,486.45|357.4
17473,467.75|289.9
17474,224.05|417.85
17475,271.45|447.6
17476,235.9|259.75
17477,282.75|401.2
17478,404.85|245.2
17479,290.3|438.25
17480,391.25|448.2
17481,570.55|488.35
17482,553.0|229.55
17483,368.95|429.9
17484,472.0|315.4
17485,226.2|271.75
17486,335.95|341.5
17487,412.7|594.85
17488,444.3|391.5
17489,589.75|368.85
17490,476.5|260.2
17491,411.35|577.7
17492,593.4|249.35
17493,371.0|565.85
17494,386.15|561.35
17495,370.9|332.25
17496,291.0|330.2
17497,590.05|564.9
17498,518.75|525.55
17499,552.6|216.4
17500,247.6|433.85
17501,588.05|413.55
17502,246.25|418.2
17503,299.1|341.5
17504,348.7|530.1
17505,231.0|594.45
17506,582.8|346.65
17507,239.9|292.8
17508,338.95|536.95
17509,219.35|491.55
17510,299.75|340.5
17511,382.75|352.25
17512,252.7|484.7
17513,380.85|279.65
17514,212.25|399.3
17515,494.35|513.8
17516,340.4|375.25
17517,555.8|481.8
17518,406.8|547.2
17519,409.7|285.5
17520,465.85|277.05
17521,226.2|309.1
17522,472.5|452.55
17523,265.75|306.75
17524,230.65|226.7
17525,452.25|366.3
17526,580.95|556.95
17527,418.25|562.55
17528,367.75|250.7
17529,216.15|494.8
17530,382.35|395.9
17531,477.25|241.3
17532,218.6|306.75
17533,344.5|329.55
17534,251.15|555.95
17535,440.5|478.25
17536,537.65|288.75
17537,234.75|549.7
17538,376.0|318.95
17539,538.45|285.65
17540,417.75|498.7
17541,354.9|212.95
17542,400.3|334.9
17543,380.8|552.25
17544,283.0|408.4
17545,377.25|221.3
17546,246.1|468.75
17547,531.05|416.0
17548,233.4|359.25
17549,515.6|431.8
17550,270.85|376.5
17551,589.0|312.35
17552,295.9|360.85
17553,235.2|257.95
17554,343.1|226.95
17555,563.35|489.2
17556,266.5|438.65
17557,589.8|212.55
17558,214.0|374.9
17559,525.55|429.45
17560,429.95|288.1
17561,212.85|493.2
17562,391.3|482.15
17563,582.6|360.8
17564,275.7|486.45
17565,240.85|301.5
17566,584.25|407.65
17567,342.55|345.3
17568,478.15|488.35
17569,544.75|585.0
17570,241.1|479.45
17571,561.1|228.35
17572,301.0|397.85
17573,270.45|274.2
17574,251.9|423.35
17575,373.05|560.65
17576,365.45|351.75
17577,209.1|250.25
17578,247.4|440.65
17579,566.45|451.75
17580,303.2|357.85
17581,398.85|557.85
17582,246.05|241.8
17583,465.5|243.8
17584,278.2|551.95
17585,275.05|534.25
17586,459.5|388.7
17587,296.8|333.7
17588,382.7|366.65
17589,415.5|377.0
17590,215.15|265.8
17591,534.2|305.9
17592,443.9|269.5
17593,282.55|432.7
17594,372.4|550.05
17595,238.25|239.25
17596,472.3|475.1
17597,391.85|349.9
17598,392.5|271.55
17599,227.7|588.25
17600,290.2|457.95
17601,281.65|539.7
17602,544.95|450.0
17603,293.95|523.85
17604,268.6|270.4
17605,274.9|593.4
17606,517.8|328.85
17607,268.8|343.75
17608,586.2|338.9
17609,449.15|454.7
17610,544.15|526.1
17611,233.7|526.35
17612,446.1|224.8
17613,478.95|490.9
17614,453.75|320.15
17615,326.1|568.6
17616,443.6|509.9
17617,282.15|377.55
17618,439.3|234.4
17619,214.6|308.55
17620,422.7|424.85
17621,570.3|439.55
17622,219.7|580.65
17623,253.35|556.05
17624,215.65|221.35
17625,555.8|556.05
17626,235.6|590.6
17627,451.45|518.2
17628,285.3|437.95
17629,463.25|225.05
17630,355.35|212.4
17631,330.15|370.9
17632,426.25|580.05
17633,373.8|485.8
17634,479.0|556.0
17635,442.45|374.65
17636,221.0|220.4
17637,276.95|563.6
17638,397.45|488.6
17639,544.9|488.4
17640,396.35|406.2
17641,406.45|262.85
17642,541.45|274.95
17643,209.55|548.6
17644,278.1|399.25
17645,264.0|293.0
17646,253.1|550.5
17647,222.05|590.35
17648,513.85|235.6
17649,434.4|345.45
17650,273.2|233.65
17651,515.65|346.85
17652,397.2|595.4
17653,575.05|245.3
17654,421.15|584.65
17655,400.9|541.95
17656,430.95|391.1
17657,313.25|270.75
17658,376.55|513.45
17659,222.2|306.85
17660,390.95|592.25
17661,305.75|411.8
17662,350.35|390.6
17663,509.8|318.35
17664,463.35|431.9
17665,248.0|446.55
17666,389.25|565.6
17667,280.75|540.0
17668,526.2|575.0
17669,446.8|526.55
17670,591.5|475.05
17671,373.9|355.5
17672,475.7|352.05
17673,587.2|402.2
17674,535.75|247.2
17675,287.95|449.65
17676,361.65|585.55
17677,550.45|434.85
17678,475.05|305.75
17679,416.7|263.05
17680,291.35|369.85
17681,424.95|293.05
17682,403.5|571.85
17683,332.8|429.05
17684,255.2|362.75
17685,263.25|237.95
17686,382.05|264.5
17687,469.3|492.4
17688,523.3|560.4
17689,358.15|267.0
17690,541.1|592.1
17691,420.75|447.8
17692,584.55|586.6
17693,591.4|411.75
17694,284.3|433.55
17695,564.45|470.95
17696,360.65|364.75
17697,466.35|515.9
17698,467.7|295.4
17699,228.7|358.4
17700,565.4|212.2
17701,404.35|438.65
17702,587.65|369.1
17703,451.25|521.4
17704,403.4|355.85
17705,554.4|502.2
17706,268.1|249.45
17707,408.25|565.35
17708,249.4|448.9
17709,595.55|567.6
17710,219.6|523.1
17711,408.75|248.1
17712,470.3|251.4
17713,418.25|501.2
17714,417.75|235.15
17715,275.5|494.3
17716,288.6|257.05
17717,474.3|275.1
17718,230.1|581.95
17719,555.75|521.9
17720,435.0|317.25
17721,537.65|506.55
17722,593.45|212.2
17723,523.45|530.85
17724,475.45|342.75
17725,375.8|217.2
17726,557.25|475.35
17727,563.45|583.9
17728,350.3|413.5
17729,421.25|472.0
17730,460.45|383.0
17731,512.25|474.05
17732,255.45|252.0
17733,208.45|307.85
17734,292.3|448.45
17735,213.8|584.25
17736,546.9|588.6
17737,488.95|280.2
17738,383.7|250.25
17739,466.8|480.0
17740,542.45|513.6
17741,359.6|253.95
17742,217.2|293.4
17743,229.7|309.9
17744,244.3|232.2
17745,466.1|468.9
17746,242.25|451.25
17747,446.5|310.9
17748,270.75|377.0
17749,251.45|295.4
17750,372.85|570.85
17751,510.75|456.65
17752,427.9|291.9
17753,522.35|548.0
17754,593.3|503.15
17755,346.45|510.4
17756,349.05|267.2
17757,436.15|274.0
17758,352.65|353.4
17759,438.05|590.3
17760,427.85|532.5
17761,287.05|355.15
17762,570.85|290.05
17763,549.5|358.65
17764,535.0|490.55
17765,469.35|480.65
17766,329.55|553.6
17767,562.2|433.55
17768,559.85|457.05
17769,338.55|332.5
17770,368.5|562.9
17771,454.55|542.65
17772,272.0|508.3
17773,415.85|379.2
17774,204.55|457.65
17775,325.85|339.25
17776,536.7|543.15
17777,407.65|280.95
17778,459.85|470.05
17779,469.8|454.7
17780,398.8|533.2
17781,469.3|221.4
17782,422.75|320.45
17783,337.65|555.5
17784,506.25|451.65
17785,511.5|500.5
17786,349.65|562.7
17787,453.25|211.2
17788,306.05|483.9
17789,582.05|462.55
17790,530.85|388.3
17791,216.8|315.0
17792,406.05|562.85
17793,454.65|440.0
17794,538.05|421.1
17795,264.0|460.85
17796,215.1|300.55
17797,208.6|543.1
17798,479.85|501.65
17799,247.75|446.65
17800,556.75|547.2
17801,463.05|331.7
17802,429.25|549.45
17803,439.75|387.4
17804,235.15|447.05
17805,411.95|589.25
17806,431.6|346.35
17807,231.15|418.2
17808,533.5|542.7
17809,539.5|541.25
17810,353.7|399.7
17811,378.85|482.65
17812,391.5|284.05
17813,566.5|513.5
17814,351.0|354.0
17815,394.75|449.55
17816,283.15|257.9
17817,567.7|527.75
17818,495.75|509.3
17819,503.3|332.05
17820,243.5|421.6
17821,444.45|293.0
17822,554.65|418.1
17823,375.9|269.8
17824,207.35|460.65
17825,472.35|295.7
17826,336.05|420.0
17827,463.25|345.4
17828,295.55|579.85
17829,293.25|330.3
17830,460.2|455.45
17831,493.15|230.85
17832,348.8|455.1
17833,455.05|432.1
17834,352.35|238.45
17835,450.65|271.1
17836,401.3|315.7
17837,342.0|329.2
17838,457.55|253.95
17839,454.65|530.95
17840,492.6|237.85
17841,351.5|518.55
17842,454.6|532.8
17843,226.95|500.05
17844,475.9|312.65
17845,447.7|453.8
17846,270.9|367.4
17847,361.1|561.15
17848,412.45|357.85
17849,417.05|534.75
17850,348.85|263.4
17851,353.7|276.65
17852,220.05|540.7
17853,577.1|367.95
17854,220.75|261.9
17855,236.25|429.2
17856,574.0|505.6
17857,351.8|496.45
17858,351.7|269.1
17859,273.2|565.75
17860,225.9|518.9
17861,293.2|338.3
17862,221.55|494.3
17863,413.6|335.1
17864,592.25|213.7
17865,235.4|419.95
17866,224.6|313.4
17867,540.9|278.8
17868,348.9|206.65
17869,464.3|459.35
17870,589.75|336.9
17871,537.35|438.05
17872,266.7|427.1
17873,586.65|415.7
17874,549.3|545.25
17875,581.65|512.05
17876,580.5|474.05
17877,480.1|243.25
17878,572.05|459.25
17879,213.45|263.2
17880,232.35|489.8
17881,410.0|499.95
17882,278.5|504.05
17883,351.85|329.35
17884,473.35|360.65
17885,294.5|333.05
17886,537.35|523.1
17887,232.75|411.3
17888,260.5|554.8
17889,342.7|331.3
17890,376.4|453.75
17891,450.5|543.8
17892,491.95|512.15
17893,218.35|477.55
17894,548.0|285.0
17895,277.25|590.4
17896,254.55|274.7
17897,260.25|532.9
17898,286.75|523.8
17899,414.9|464.45
17900,348.35|401.8
17901,412.1|304.2
17902,226.05|212.05
17903,297.45|283.95
17904,281.95|592.55
17905,488.65|309.65
17906,481.2|547.3
17907,548.75|488.0
17908,467.0|340.05
17909,548.65|577.7
17910,263.15|570.95
17911,452.7|465.45
17912,282.15|410.45
17913,449.6|454.9
17914,340.65|333.8
17915,459.6|478.6
17916,285.7|573.95
17917,392.8|263.1
17918,426.9|224.85
17919,538.6|543.8
17920,568.3|328.35
17921,352.8|405.55
17922,337.1|591.6
17923,302.95|580.85
17924,592.75|377.0
17925,593.1|410.35
17926,506.3|304.0
17927,350.95|286.2
17928,363.55|443.65
17929,595.1|566.45
17930,366.2|377.3
17931,590.9|477.45
17932,359.65|313.0
17933,428.9|258.4
17934,248.1|441.3
17935,569.9|402.45
17936,367.75|311.2
17937,436.4|373.1
17938,285.8|579.7
17939,309.15|339.8
17940,290.45|439.1
17941,458.1|247.0
17942,341.05|530.75
17943,345.2|527.5
17944,348.95|281.6
17945,251.35|304.75
17946,384.2|292.75
17947,470.25|426.65
17948,333.95|242.5
17949,352.05|475.9
17950,574.9|267.35
17951,475.9|381.25
17952,574.7|227.5
17953,280.1|362.9
17954,585.05|325.8
17955,463.45|535.85
17956,289.5|423.2
17957,246.95|276.2
17958,514.45|522.1
17959,524.35|526.1
17960,470.7|361.65
17961,447.9|371.85
17962,307.0|386.95
17963,581.35|507.3
17964,453.85|344.1
17965,352.95|237.15
17966,232.1|394.1
17967,393.6|351.85
17968,377.65|315.8
17969,439.95|240.5
17970,220.85|459.4
17971,207.55|495.5
17972,434.15|419.5
17973,272.15|580.45
17974,230.7|374.0
17975,402.1|593.2
17976,581.85|287.7
17977,438.5|381.5
17978,561.25|391.85
17979,279.3|590.7
17980,586.15|379.35
17981,272.8|474.85
17982,275.35|270.9
17983,248.35|214.4
17984,427.05|571.6
17985,543.65|246.85
17986,455.05|334.8
17987,432.9|222.25
17988,471.6|469.4
17989,220.75|526.0
17990,403.1|521.7
17991,590.15|492.85
17992,461.0|266.25
17993,552.65|269.4
17994,438.85|335.4
17995,488.5|340.2
17996,487.85|250.25
17997,436.6|217.35
17998,377.1|264.9
17999,549.05|320.7
18000,469.1|348.85
18001,260.6|559.5
18002,472.0|325.2
18003,542.85|395.7
18004,455.6|519.0
18005,347.0|559.85
18006,240.5|434.1
18007,476.0|266.2
18008,534.45|573.85
18009,244.7|406.9
18010,295.85|378.2
18011,581.9|245.35
18012,206.5|327.6
18013,574.3|464.7
18014,470.7|285.7
18015,254.95|228.25
18016,247.95|477.5
18017,248.45|362.2
18018,557.95|576.4
18019,400.45|466.2
18020,578.45|236.65
18021,561.4|532.2
18022,272.4|524.05
18023,453.75|533.6
18024,476.45|356.2
18025,396.6|205.1
18026,553.2|420.45
18027,462.7|392.75
18028,444.6|589.8
18029,344.2|528.15
18030,566.5|455.05
18031,211.0|328.65
18032,542.95|423.45
18033,514.15|538.65
18034,578.0|563.5
18035,270.25|566.4
18036,298.0|375.45
18037,594.9|571.2
18038,448.6|437.65
18039,356.6|596.5
18040,409.35|476.95
18041,469.5|559.15
18042,546.4|315.65
18043,424.35|325.75
18044,346.9|543.6
18045,208.65|582.2
18046,210.25|573.05
18047,463.55|370.2
18048,479.6|276.15
18049,270.9|490.4
18050,263.3|387.75
18051,243.75|222.7
18052,587.85|372.1
18053,216.7|409.9
18054,445.4|478.15
18055,552.45|270.65
18056,353.1|238.65
18057,261.0|322.3
18058,276.7|594.8
18059,492.7|446.9
18060,560.7|449.1
18061,385.4|422.05
18062,230.6|548.5
18063,419.55|491.85
18064,324.9|409.5
18065,289.6|271.7
18066,414.5|250.3
18067,426.8|328.5
18068,481.65|297.7
18069,293.6|407.9
18070,327.9|533.35
18071,237.1|218.2
18072,238.0|589.95
18073,396.45|393.8
18074,300.7|452.4
18075,224.25|316.55
18076,260.0|394.4
18077,514.6|560.9
18078,514.45|460.45
18079,350.35|438.4
18080,390.6|518.55
18081,387.4|585.0
18082,406.8|513.7
18083,231.5|545.85
18084,330.5|431.7
18085,343.95|345.95
18086,509.85|589.4
18087,409.65|396.0
18088,390.6|502.4
18089,528.3|245.2
18090,234.0|342.5
18091,452.1|487.8
18092,586.4|587.85
18093,564.85|292.8
18094,444.7|356.45
18095,438.15|239.95
18096,365.0|397.45
18097,429.65|233.95
18098,590.75|506.15
18099,374.2|435.25
18100,305.5|415.7
18101,566.2|479.95
18102,336.4|341.25
18103,263.85|283.3
18104,301.85|426.1
18105,387.65|362.1
18106,271.5|275.1
18107,299.8|355.45
18108,283.1|468.5
18109,370.45|583.1
18110,281.65|301.55
18111,535.55|577.3
18112,360.7|441.45
18113,494.15|284.85
18114,577.95|581.85
18115,267.85|224.35
18116,231.05|345.3
18117,557.75|441.35
18118,411.5|545.85
18119,226.6|414.75
18120,296.65|571.1
18121,256.8|552.15
18122,590.9|379.0
18123,440.3|564.25
18124,375.2|580.9
18125,577.5|537.05
18126,232.45|539.5
18127,446.05|310.85
18128,551.35|530.9
18129,564.5|481.05
18130,468.45|223.25
18131,406.05|555.6
18132,551.7|306.6
18133,209.5|265.7
18134,341.2|335.2
18135,333.55|407.2
18136,258.4|319.8
18137,573.6|235.65
18138,339.3|501.8
18139,552.1|331.05
18140,384.25|561.85
18141,555.05|518.85
18142,590.25|538.8
18143,217.35|519.7
18144,592.05|481.0
18145,572.9|225.1
18146,544.65|572.85
18147,210.75|591.3
18148,303.4|452.7
18149,271.95|478.5
18150,417.85|296.1
18151,222.4|280.05
18152,397.05|381.1
18153,231.1|458.75
18154,206.55|573.75
18155,475.25|469.25
18156,573.75|545.6
18157,543.75|347.45
18158,569.5|216.85
18159,305.85|398.95
18160,229.7|233.15
18161,392.75|507.5
18162,473.0|285.8
18163,548.25|531.0
18164,339.2|325.2
18165,500.35|294.45
18166,373.25|435.0
18167,469.5|523.0
18168,402.75|501.2
18169,243.5|545.6
18170,361.45|307.5
18171,246.0|555.4
18172,478.95|285.35
18173,346.0|274.05
18174,536.0|549.8
18175,219.2|512.4
18176,238.75|236.4
18177,219.0|296.45
18178,266.9|412.9
18179,350.1|218.75
18180,246.15|579.45
18181,272.0|338.05
18182,271.9|584.75
18183,425.75|590.2
18184,388.4|340.1
18185,370.65|499.0
18186,209.4|522.55
18187,515.35|357.05
18188,436.85|466.05
18189,405.8|258.3
18190,404.05|344.65
18191,448.7|461.4
18192,374.0|211.15
18193,247.1|506.45
18194,361.1|551.35
18195,346.8|500.65
18196,264.85|388.25
18197,315.75|501.3
18198,349.85|287.3
18199,466.9|291.6
18200,589.7|297.6
18201,332.7|391.9
18202,454.9|382.5
18203,492.75|474.1
18204,362.5|268.6
18205,382.1|475.5
18206,470.5|547.5
18207,566.05|287.55
18208,232.9|385.45
18209,393.65|314.85
18210,524.6|511.45
18211,575.9|557.1
18212,234.35|391.35
18213,209.55|588.25
18214,242.5|244.1
18215,466.2|456.55
18216,293.2|342.4
18217,497.25|215.95
18218,520.1|520.8
18219,475.8|510.55
18220,399.4|566.35
18221,360.95|500.45
18222,403.35|569.0
18223,547.85|582.5
18224,298.25|425.4
18225,217.35|458.35
18226,236.8|337.15
18227,319.15|528.8
18228,458.6|585.85
18229,490.5|289.9
18230,399.75|333.75
18231,529.35|403.05
18232,592.75|393.5
18233,481.9|250.3
18234,295.05|402.35
18235,467.6|239.35
18236,553.4|219.4
18237,278.65|529.9
18238,572.75|523.05
18239,468.6|428.45
18240,216.7|380.3
18241,410.05|484.25
18242,397.6|330.45
18243,444.9|338.85
18244,410.7|434.8
18245,344.6|448.9
18246,531.1|551.6
18247,485.75|286.65
18248,472.15|225.55
18249,354.45|329.5
18250,402.7|287.6
18251,557.1|273.9
18252,291.4|364.7
18253,235.05|477.85
18254,548.25|535.85
18255,535.4|338.85
18256,228.8|410.8
18257,475.6|344.85
18258,257.35|375.75
18259,368.05|276.05
18260,363.8|435.9
18261,434.35|254.15
18262,274.3|531.1
18263,225.8|274.45
18264,318.05|357.0
18265,233.75|244.75
18266,590.8|415.1
18267,354.8|218.25
18268,234.55|262.4
18269,336.95|365.05
18270,522.3|523.35
18271,586.9|474.35
18272,537.85|339.15
18273,210.1|582.3
18274,394.7|331.75
18275,377.55|561.1
18276,343.05|272.7
18277,471.85|482.3
18278,249.05|487.7
18279,347.15|572.3
18280,454.05|358.5
18281,327.95|351.05
18282,330.75|492.35
18283,565.1|530.75
18284,484.0|589.7
18285,305.95|347.55
18286,424.75|437.1
18287,578.15|478.45
18288,253.1|227.95
18289,401.3|530.9
18290,236.2|510.95
18291,217.5|473.45
18292,349.25|409.05
18293,459.25|427.55
18294,280.05|390.8
18295,226.6|322.45
18296,462.3|231.2
18297,530.95|573.45
18298,468.25|219.9
18299,348.65|462.65
18300,478.15|280.5
18301,226.35|410.3
18302,367.15|588.85
18303,388.6|517.3
18304,390.05|253.7
18305,355.95|327.55
18306,277.65|265.5
18307,528.8|576.65
18308,225.8|409.2
18309,369.25|229.95
18310,268.9|377.8
18311,581.35|434.0
18312,344.6|332.8
18313,273.55|434.1
18314,248.4|279.25
18315,270.7|551.1
18316,495.5|356.85
18317,229.9|358.45
18318,473.6|474.3
18319,232.8|501.35
18320,549.4|280.7
18321,408.95|277.45
18322,400.95|218.2
18323,567.7|266.25
18324,339.05|226.85
18325,437.5|563.6
18326,211.05|271.5
18327,414.95|370.5
18328,210.5|462.55
18329,467.85|325.8
18330,241.75|453.95
18331,419.1|463.3
18332,571.6|286.1
18333,275.85|396.8
18334,418.15|583.45
18335,581.35|384.55
18336,583.55|443.45
18337,519.85|527.5
18338,589.3|500.35
18339,358.25|454.6
18340,432.2|243.4
18341,556.1|496.45
18342,355.3|270.9
18343,230.8|218.4
18344,261.6|406.8
18345,457.65|517.8
18346,584.0|410.15
18347,579.15|288.55
18348,445.7|499.95
18349,398.15|331.3
18350,470.05|260.8
18351,449.6|375.5
18352,451.4|325.45
18353,262.05|558.4
18354,397.5|454.35
18355,225.25|579.9
18356,335.35|563.5
18357,212.4|547.3
18358,361.55|509.9
18359,275.05|262.85
18360,250.75|485.3
18361,225.45|437.55
18362,227.15|245.0
18363,551.45|432.1
18364,397.9|454.9
18365,464.5|486.3
18366,347.75|328.65
18367,541.3|587.55
18368,470.1|518.95
18369,484.05|455.65
18370,560.35|314.7
18371,264.65|297.65
18372,310.4|343.8
18373,356.2|339.2
18374,471.9|350.4
18375,506.65|440.5
18376,217.1|485.25
18377,415.15|344.25
18378,366.3|448.0
18379,405.9|507.55
18380,219.8|482.6
18381,215.0|578.65
18382,229.05|416.55
18383,489.05|455.05
18384,289.6|452.4
18385,543.2|550.4
18386,560.5|266.8
18387,275.5|443.05
18388,281.85|438.75
18389,407.3|233.3
18390,325.0|370.05
18391,399.05|362.75
18392,279.95|412.75
18393,358.95|340.85
18394,344.3|345.5
18395,234.3|493.65
18396,262.7|574.9
18397,375.65|582.1
18398,478.65|405.15
18399,451.4|210.7
18400,266.1|247.3
18401,282.35|289.05
18402,218.2|312.55
18403,380.7|383.0
18404,379.9|381.0
18405,363.15|592.65
18406,499.15|318.7
18407,295.5|396.6
18408,358.9|589.95
18409,469.8|562.6
18410,403.9|463.0
18411,251.95|268.85
18412,467.0|286.15
18413,502.45|332.0
18414,282.5|352.55
18415,534.75|361.75
18416,564.9|237.55
18417,535.05|295.2
18418,363.2|440.5
18419,529.25|552.3
18420,348.35|433.65
18421,361.0|338.05
18422,290.6|453.75
18423,540.65|251.65
18424,473.4|238.2
18425,555.0|222.9
18426,400.75|478.0
18427,297.45|368.55
18428,216.65|496.65
18429,386.85|282.3
18430,469.6|313.8
18431,254.95|429.4
18432,420.5|250.05
18433,385.55|426.2
18434,255.95|458.5
18435,230.5|538.0
18436,307.65|542.15
18437,529.65|517.5
18438,210.55|378.4
18439,569.95|313.45
18440,236.7|292.6
18441,281.0|506.15
18442,541.75|555.6
18443,550.55|463.75
18444,547.5|445.55
18445,435.65|328.65
18446,551.05|345.35
18447,290.4|511.5
18448,400.45|504.35
18449,579.55|356.5
18450,566.05|285.2
18451,211.2|227.45
18452,533.75|566.45
18453,341.4|347.9
18454,226.5|529.45
18455,264.7|368.4
18456,283.45|423.7
18457,551.4|326.0
18458,253.1|376.65
18459,552.6|437.3
18460,428.3|443.75
18461,532.55|501.65
18462,243.65|427.1
18463,458.65|558.15
18464,359.1|209.6
18465,539.65|332.9
18466,474.75|508.7
18467,388.55|478.5
18468,472.95|463.75
18469,223.7|376.35
18470,375.6|418.5
18471,540.45|516.95
18472,225.5|532.05
18473,206.55|516.05
18474,359.55|322.35
18475,542.55|531.8
18476,208.4|233.35
18477,580.2|381.3
18478,273.3|420.45
18479,527.2|452.75
18480,415.35|304.2
18481,344.4|529.7
18482,430.4|321.9
18483,484.85|372.0
18484,286.3|442.8
18485,477.9|329.75
18486,367.4|264.75
18487,561.2|417.55
18488,232.9|397.55
18489,352.45|241.2
18490,438.95|429.6
18491,292.35|337.85
18492,220.3|414.3
18493,243.75|509.7
18494,231.75|489.9
18495,273.85|272.1
18496,430.4|380.75
18497,497.55|370.75
18498,270.75|266.15
18499,286.6|372.9
18500,475.0|269.8
18501,240.9|229.15
18502,227.7|310.35
18503,241.8|573.95
18504,237.5|537.95
18505,547.95|523.7
18506,415.95|346.15
18507,347.5|384.1
18508,571.7|335.35
18509,248.35|270.9
18510,332.75|396.0
18511,237.2|592.8
18512,471.95|273.6
18513,235.75|346.6
18514,230.3|223.75
18515,228.75|454.15
18516,211.35|414.55
18517,478.95|510.95
18518,541.35|586.65
18519,591.5|277.5
18520,258.65|218.55
18521,468.35|451.05
18522,407.55|372.8
18523,572.15|573.4
18524,550.2|378.2
18525,402.9|383.65
18526,568.75|568.0
18527,357.75|573.3
18528,414.45|274.6
18529,291.25|386.65
18530,578.95|313.55
18531,440.0|474.15
18532,460.55|529.8
18533,441.8|457.0
18534,572.45|458.95
18535,592.0|593.2
18536,409.1|350.1
18537,260.05|591.15
18538,533.7|298.15
18539,288.45|344.0
18540,267.1|282.1
18541,396.15|577.1
18542,403.1|483.9
18543,422.3|584.35
18544,397.8|335.65
18545,536.45|508.05
18546,589.8|210.9
18547,217.85|383.45
18548,589.8|214.5
18549,574.45|299.25
18550,299.1|351.45
18551,567.65|469.0
18552,588.55|357.85
18553,245.2|268.35
18554,467.65|462.25
18555,508.7|482.15
18556,336.95|396.8
18557,446.0|305.3
18558,328.35|407.1
18559,554.85|241.6
18560,356.8|338.0
18561,219.2|481.05
18562,468.15|222.1
18563,536.8|548.5
18564,469.1|242.5
18565,364.7|496.35
18566,542.2|509.9
18567,472.75|474.0
18568,562.6|453.05
18569,510.0|457.05
18570,316.6|341.95
18571,366.15|437.65
18572,514.3|434.3
18573,212.4|282.85
18574,467.0|269.35
18575,233.65|403.5
18576,385.6|263.95
18577,327.4|350.9
18578,417.2|326.8
18579,387.15|374.2
18580,467.1|306.65
18581,434.3|487.0
18582,593.55|298.55
18583,345.25|393.1
18584,467.0|520.3
18585,293.45|418.5
18586,268.4|565.85
18587,586.1|359.15
18588,562.05|472.45
18589,448.25|401.35
18590,474.5|276.6
18591,467.85|237.75
18592,547.4|436.05
18593,531.9|366.35
18594,456.8|353.15
18595,286.55|396.95
18596,258.1|438.8
18597,527.95|458.3
18598,406.6|277.75
18599,423.1|412.95
18600,255.05|403.75
18601,287.9|447.55
18602,253.85|330.35
18603,544.45|445.55
18604,477.5|318.6
18605,400.6|464.1
18606,559.45|228.35
18607,400.7|477.95
18608,455.05|255.95
18609,546.9|588.05
18610,457.55|437.95
18611,399.4|469.8
18612,382.6|262.15
18613,354.5|446.9
18614,315.35|435.2
18615,407.6|432.1
18616,468.65|459.2
18617,588.45|572.0
18618,224.9|224.4
18619,420.3|412.25
18620,308.4|380.7
18621,210.35|233.9
18622,461.05|496.6
18623,234.3|571.45
18624,507.7|327.85
18625,378.05|383.95
18626,565.8|296.8
18627,569.65|232.8
18628,517.2|511.25
18629,225.45|589.1
18630,252.35|281.3
18631,437.1|561.25
18632,549.2|432.0
18633,460.75|395.5
18634,321.9|422.25
18635,422.65|212.0
18636,496.05|227.6
18637,569.65|365.1
18638,415.4|377.75
18639,368.15|472.55
18640,434.15|514.4
18641,251.05|450.6
18642,266.6|307.45
18643,385.0|265.05
18644,585.95|212.25
18645,580.55|413.05
18646,345.9|562.6
18647,256.75|220.0
18648,345.05|423.2
18649,219.5|590.8
18650,467.4|220.2
18651,583.9|365.35
18652,215.25|261.0
18653,217.6|478.6
18654,526.6|514.5
18655,548.4|237.3
18656,585.1|385.2
18657,354.75|317.55
18658,217.6|483.15
18659,354.9|431.8
18660,482.2|357.05
18661,233.6|510.45
18662,385.9|565.55
18663,570.7|303.3
18664,218.95|331.95
18665,397.35|247.5
18666,478.65|478.9
18667,327.55|420.25
18668,419.65|363.85
18669,266.95|393.9
18670,402.3|206.4
18671,477.55|510.95
18672,357.2|409.2
18673,351.2|492.15
18674,408.25|510.35
18675,283.6|439.65
18676,469.7|373.25
18677,370.0|569.9
18678,425.6|444.35
18679,229.6|518.05
18680,423.6|218.85
18681,254.45|292.65
18682,207.15|524.2
18683,447.45|450.25
18684,269.1|473.85
18685,582.2|569.7
18686,208.9|247.0
18687,510.15|567.95
18688,366.55|520.1
18689,530.75|298.3
18690,546.6|519.9
18691,239.95|378.15
18692,590.75|379.75
18693,470.15|237.75
18694,274.45|593.8
18695,461.8|262.55
18696,467.6|425.35
18697,587.85|292.9
18698,410.95|314.95
18699,530.95|586.7
18700,570.1|473.8
18701,401.55|339.6
18702,345.1|326.45
18703,217.6|530.95
18704,447.25|357.4
18705,205.95|534.9
18706,539.3|420.15
18707,537.35|306.65
18708,416.0|428.2
18709,390.0|595.25
18710,206.9|228.9
18711,475.7|318.2
18712,591.45|501.3
18713,343.35|295.65
18714,470.4|342.6
18715,246.35|235.0
18716,220.3|317.6
18717,424.75|555.7
18718,436.7|589.25
18719,487.9|485.65
18720,540.1|544.55
18721,596.45|461.6
18722,217.3|267.8
18723,207.9|508.7
18724,585.75|349.85
18725,583.05|593.3
18726,566.15|468.35
18727,591.15|364.55
18728,533.0|526.15
18729,279.45|451.15
18730,221.65|393.9
18731,342.45|589.8
18732,261.85|431.3
18733,555.25|572.85
18734,424.1|554.6
18735,576.8|434.1
18736,340.85|278.35
18737,388.35|330.5
18738,475.05|322.8
18739,574.45|551.45
18740,261.7|287.15
18741,220.95|215.6
18742,586.15|569.05
18743,583.95|217.8
18744,211.2|290.8
18745,246.15|556.3
18746,242.95|379.35
18747,581.75|584.65
18748,271.25|338.45
18749,229.05|269.4
18750,226.7|260.6
18751,538.05|519.3
18752,228.9|531.6
18753,467.05|471.05
18754,289.45|529.8
18755,354.2|445.55
18756,368.0|417.65
18757,232.65|464.1
18758,593.55|388.0
18759,421.9|489.9
18760,338.55|561.3
18761,461.1|247.3
18762,227.0|221.75
18763,379.75|523.1
18764,253.7|349.1
18765,458.8|570.55
18766,447.9|586.55
18767,287.45|449.75
18768,411.5|512.9
18769,402.7|259.85
18770,298.0|316.5
18771,243.8|382.75
18772,399.9|478.8
18773,400.45|329.85
18774,466.2|531.85
18775,386.6|505.95
18776,258.25|427.1
18777,550.6|241.55
18778,345.35|555.4
18779,393.4|328.8
18780,442.8|459.1
18781,263.2|239.7
18782,538.65|398.1
18783,577.95|457.8
18784,536.3|324.95
18785,410.5|322.2
18786,292.45|366.2
18787,416.45|332.95
18788,590.75|596.45
18789,349.05|220.55
18790,359.95|499.25
18791,417.15|323.3
18792,588.65|359.6
18793,490.5|519.8
18794,566.9|560.45
18795,404.15|248.9
18796,374.15|495.85
18797,570.55|469.75
18798,584.75|270.75
18799,413.9|589.55
18800,593.9|554.65
18801,306.25|327.45
18802,364.75|307.05
18803,589.95|512.35
18804,514.75|364.85
18805,342.35|527.45
18806,338.85|242.3
18807,588.5|353.6
18808,472.2|355.45
18809,545.3|326.25
18810,457.1|351.1
18811,542.6|563.85
18812,404.3|398.6
18813,526.65|433.3
18814,416.9|442.5
18815,459.55|260.85
18816,561.1|572.85
18817,392.85|586.55
18818,436.05|302.85
18819,500.05|254.3
18820,582.8|252.95
18821,257.8|363.5
18822,221.85|577.8
18823,254.35|208.05
18824,529.85|566.6
18825,251.15|402.05
18826,260.05|238.2
18827,282.6|279.05
18828,403.95|555.7
18829,209.35|467.3
18830,449.5|507.5
18831,346.1|416.5
18832,384.45|587.4
18833,583.9|294.65
18834,278.3|287.35
18835,314.2|435.25
18836,269.15|595.25
18837,587.7|514.3
18838,403.35|535.35
18839,398.45|225.4
18840,572.45|256.5
18841,216.65|284.8
18842,574.45|535.85
18843,564.5|480.3
18844,438.5|558.55
18845,542.1|236.6
18846,490.65|509.95
18847,538.1|509.4
18848,284.8|328.2
18849,206.8|323.05
18850,453.4|572.45
18851,281.8|220.55
18852,579.8|558.6
18853,583.15|381.8
18854,253.0|586.05
18855,481.8|366.1
18856,575.9|574.15
18857,587.55|332.45
18858,291.55|383.4
18859,263.05|300.8
18860,247.7|234.8
18861,225.05|519.1
18862,269.6|340.15
18863,258.45|495.65
18864,285.65|485.55
18865,521.6|441.05
18866,594.8|357.55
18867,345.95|379.95
18868,297.3|435.3
18869,577.9|553.1
18870,472.8|421.7
18871,585.1|421.95
18872,252.4|214.3
18873,356.15|317.25
18874,344.55|319.8
18875,535.25|339.2
18876,227.35|295.3
18877,209.95|294.45
18878,366.05|241.8
18879,273.9|591.1
18880,341.45|368.95
18881,454.5|314.1
18882,512.3|461.15
18883,375.4|226.1
18884,265.0|287.9
18885,369.1|281.7
18886,492.55|487.65
18887,249.3|287.0
18888,253.55|244.85
18889,460.1|545.9
18890,360.35|595.05
18891,568.6|284.5
18892,215.2|582.4
18893,334.85|398.9
18894,210.5|471.25
18895,410.1|261.15
18896,386.1|576.55
18897,406.75|417.6
18898,301.4|399.65
18899,241.6|353.95
18900,481.75|348.75
18901,380.6|568.75
18902,448.8|570.1
18903,578.65|439.1
18904,354.85|257.1
18905,450.0|533.9
18906,222.2|460.35
18907,219.35|302.95
18908,256.7|432.2
18909,591.35|413.15
18910,220.1|590.9
18911,557.45|355.85
18912,270.15|447.1
18913,480.1|222.2
18914,215.95|479.0
18915,369.65|406.55
18916,409.55|390.05
18917,289.05|534.5
18918,557.25|297.85
18919,471.35|552.8
18920,416.25|488.75
18921,350.85|293.6
18922,489.95|490.65
18923,265.65|281.65
18924,224.5|423.35
18925,271.9|421.5
18926,293.25|379.3
18927,365.2|365.0
18928,547.5|282.65
18929,387.8|478.45
18930,241.45|272.15
18931,403.95|428.75
18932,273.95|590.15
18933,247.8|509.4
18934,532.25|426.95
18935,371.75|496.1
18936,546.65|234.45
18937,368.65|275.45
18938,283.7|544.55
18939,433.0|419.05
18940,272.85|461.1
18941,271.6|406.65
18942,211.25|500.8
18943,564.8|462.45
18944,434.05|299.5
18945,546.8|241.9
18946,456.0|542.4
18947,436.15|221.8
18948,455.6|390.0
18949,283.3|434.4
18950,414.0|327.65
18951,490.75|371.15
18952,433.7|372.15
18953,428.6|442.2
18954,388.5|256.2
18955,410.7|218.25
18956,332.9|325.7
18957,276.45|533.4
18958,266.6|560.3
18959,404.65|332.4
18960,588.2|593.4
18961,488.65|446.95
18962,230.8|511.55
18963,387.9|487.6
18964,419.55|378.7
18965,489.2|455.5
18966,397.7|548.4
18967,355.8|277.85
18968,502.9|499.05
18969,247.75|214.2
18970,577.2|540.5
18971,533.85|455.9
18972,454.4|468.0
18973,364.05|284.05
18974,206.6|514.55
18975,494.3|497.95
18976,253.15|305.55
18977,214.15|389.55
18978,533.8|508.1
18979,233.4|545.95
18980,381.4|591.8
18981,278.4|324.3
18982,408.75|330.0
18983,293.6|389.55
18984,359.8|492.35
18985,387.65|574.2
18986,337.95|247.3
18987,339.6|407.25
18988,390.75|267.7
18989,288.45|394.4
18990,292.85|425.1
18991,260.8|344.35
18992,542.1|244.5
18993,583.25|576.8
18994,552.35|297.85
18995,366.9|220.8
18996,481.2|336.95
18997,347.3|418.3
18998,538.0|447.2
18999,245.15|358.15
19000,338.2|424.4
19001,482.45|317.1
19002,420.1|320.2
19003,369.9|379.9
19004,301.55|364.05
19005,267.5|217.95
19006,390.25|591.1
19007,466.65|223.5
19008,551.75|229.75
19009,246.35|419.1
19010,411.9|480.7
19011,285.25|437.05
19012,468.2|311.05
19013,343.25|226.05
19014,372.65|275.7
19015,214.0|301.15
19016,495.7|337.3
19017,586.25|536.65
19018,561.5|280.5
19019,355.25|449.25
19020,287.15|533.85
19021,530.05|411.4
19022,226.55|238.35
19023,214.2|281.75
19024,370.15|447.2
19025,242.75|240.1
19026,221.2|584.8
19027,528.3|521.85
19028,561.45|404.45
19029,548.95|360.85
19030,349.15|594.95
19031,208.4|359.4
19032,422.4|259.0
19033,400.4|507.45
19034,396.65|412.6
19035,504.55|497.25
19036,520.9|526.15
19037,507.6|371.35
19038,207.85|587.15
19039,567.55|437.1
19040,357.7|320.0
19041,586.2|411.9
19042,272.4|276.6
19043,426.5|390.95
19044,534.35|310.65
19045,582.0|441.05
19046,425.65|400.3
19047,538.9|579.9
19048,217.6|401.5
19049,336.4|369.55
19050,400.2|281.4
19051,362.85|376.1
19052,354.15|545.85
19053,394.85|327.25
19054,462.25|383.45
19055,445.5|457.9
19056,424.5|253.3
19057,586.7|479.75
19058,225.8|491.0
19059,557.5|469.75
19060,234.05|543.55
19061,529.2|535.7
19062,415.8|325.3
19063,562.15|526.15
19064,585.4|207.25
19065,454.6|451.15
19066,518.5|223.25
19067,386.7|588.05
19068,431.0|212.4
19069,560.7|569.1
19070,413.15|263.55
19071,233.4|364.35
19072,258.2|417.9
19073,307.8|470.95
19074,246.75|354.05
19075,538.25|413.55
19076,358.4|539.7
19077,265.35|560.45
19078,377.2|399.0
19079,406.15|357.7
19080,463.7|351.75
19081,238.35|399.95
19082,359.65|340.15
19083,390.2|462.2
19084,402.95|556.95
19085,562.3|254.3
19086,396.1|573.25
19087,372.45|406.95
19088,437.55|517.0
19089,280.45|582.6
19090,254.1|279.9
19091,421.45|425.2
19092,349.05|493.95
19093,401.75|560.45
19094,558.4|451.85
19095,584.5|554.8
19096,461.35|316.4
19097,583.55|440.55
19098,457.0|414.15
19099,334.8|395.45
19100,261.2|256.7
19101,392.4|395.8
19102,386.9|594.15
19103,316.55|362.8
19104,321.15|546.1
19105,568.05|226.45
19106,430.55|418.65
19107,256.7|314.75
19108,436.7|336.15
19109,490.45|434.25
19110,494.0|484.65
19111,417.1|338.6
19112,561.75|594.05
19113,403.3|580.3
19114,274.3|592.7
19115,225.55|458.9
19116,559.65|486.25
19117,570.0|487.45
19118,456.35|332.0
19119,309.2|488.3
19120,569.6|221.15
19121,490.05|353.85
19122,555.8|289.25
19123,224.95|592.1
19124,446.95|515.1
19125,547.45|590.25
19126,573.3|506.55
19127,214.3|215.35
19128,212.5|588.05
19129,581.05|487.3
19130,332.8|418.65
19131,248.4|540.65
19132,238.1|436.3
19133,393.05|406.45
19134,239.4|448.5
19135,531.05|455.65
19136,475.75|462.7
19137,544.0|442.45
19138,461.7|399.7
19139,238.3|551.15
19140,279.75|284.25
19141,451.05|450.2
19142,530.15|534.85
19143,456.9|236.05
19144,238.2|576.25
19145,528.1|525.05
19146,297.8|353.3
19147,564.7|242.55
19148,453.4|481.5
19149,490.55|509.4
19150,423.5|346.0
19151,529.4|230.1
19152,406.0|543.05
19153,269.6|513.85
19154,427.25|212.75
19155,585.8|354.25
19156,462.7|535.7
19157,547.85|265.8
19158,437.15|388.7
19159,225.65|507.85
19160,418.25|466.25
19161,547.95|561.25
19162,364.6|397.45
19163,464.9|226.8
19164,590.9|418.05
19165,400.8|494.0
19166,321.35|430.85
19167,423.15|257.45
19168,218.45|461.05
19169,280.25|565.0
19170,431.45|422.65
19171,504.2|482.2
19172,586.15|367.2
19173,527.3|357.5
19174,467.25|224.6
19175,338.95|590.0
19176,220.1|276.7
19177,248.8|226.8
19178,456.4|312.75
19179,290.4|410.65
19180,346.7|408.65
19181,552.3|526.75
19182,352.95|246.65
19183,571.45|239.65
19184,408.45|414.9
19185,290.65|458.0
19186,532.1|437.75
19187,390.85|292.5
19188,376.05|324.0
19189,466.55|310.4
19190,443.3|321.25
19191,279.55|238.1
19192,414.1|221.25
19193,421.55|211.05
19194,496.65|345.95
19195,388.2|334.55
19196,490.7|505.15
19197,273.6|453.55
19198,281.9|404.2
19199,494.9|545.05
19200,461.55|355.65
19201,268.9|226.25
19202,233.4|391.75
19203,352.7|313.0
19204,471.8|528.8
19205,388.9|256.25
19206,232.95|413.55
19207,217.8|406.5
19208,230.05|321.05
19209,453.3|369.9
19210,233.25|560.3
19211,353.9|247.85
19212,253.25|446.1
19213,221.15|388.1
19214,237.8|233.25
19215,287.3|538.55
19216,461.6|391.0
19217,222.4|409.9
19218,260.95|417.35
19219,226.8|541.2
19220,261.7|220.9
19221,500.9|382.9
19222,266.55|405.85
19223,436.2|227.45
19224,232.15|535.8
19225,413.5|362.55
19226,561.9|497.5
19227,261.7|287.65
19228,226.9|284.15
19229,209.85|402.35
19230,435.5|564.4
19231,244.5|338.65
19232,287.2|402.6
19233,262.4|347.65
19234,394.8|464.15
19235,351.2|259.1
19236,416.55|412.2
19237,283.3|524.6
19238,352.5|437.8
19239,539.4|545.55
19240,380.1|315.55
19241,545.65|324.5
19242,402.85|354.6
19243,562.4|299.25
19244,353.6|547.95
19245,589.15|377.5
19246,553.7|353.75
19247,210.8|229.15
19248,559.25|554.55
19249,373.8|343.95
19250,347.85|431.35
19251,550.0|435.6
19252,293.25|458.15
19253,224.9|277.9
19254,465.2|286.55
19255,523.95|496.5
19256,455.15|472.65
19257,593.45|359.35
19258,555.65|527.85
19259,281.3|498.95
19260,568.35|470.05
19261,420.6|587.0
19262,503.2|495.55
19263,591.4|362.55
19264,354.65|437.0
19265,487.2|424.5
19266,258.35|591.6
19267,491.5|499.55
19268,297.6|328.15
19269,542.65|525.55
19270,371.4|448.2
19271,213.65|344.2
19272,381.0|490.7
19273,590.05|276.65
19274,373.75|219.7
19275,582.2|325.5
19276,461.65|540.4
19277,456.35|242.0
19278,380.55|431.1
19279,366.45|490.6
19280,461.75|253.6
19281,216.1|407.55
19282,460.2|223.85
19283,492.55|486.5
19284,437.7|207.7
19285,449.05|372.0
19286,255.9|432.5
19287,323.55|526.7
19288,477.4|230.0
19289,480.35|233.1
19290,453.35|590.35
19291,249.3|367.85
19292,266.65|280.65
19293,288.5|432.9
19294,301.6|349.95
19295,263.1|550.1
19296,531.35|440.85
19297,227.8|412.75
19298,537.6|526.3
19299,521.65|338.3
19300,280.8|449.05
19301,537.75|255.5
19302,426.95|343.65
19303,537.6|265.4
19304,545.25|255.75
19305,397.3|357.05
19306,218.0|440.75
19307,592.7|476.2
19308,246.95|526.55
19309,317.05|375.4
19310,475.1|338.1
19311,589.75|378.0
19312,206.1|464.85
19313,285.65|546.3
19314,585.35|381.65
19315,441.4|330.85
19316,472.8|281.3
19317,384.8|452.6
19318,428.0|310.35
19319,564.9|588.9
19320,283.9|333.35
19321,253.85|592.35
19322,349.35|398.25
19323,382.5|348.75
19324,285.35|589.2
19325,304.9|453.9
19326,550.65|492.5
19327,238.25|443.9
19328,379.2|488.0
19329,248.05|555.45
19330,473.05|329.65
19331,545.15|538.15
19332,483.6|364.9
19333,517.0|536.4
19334,279.45|435.2
19335,474.3|286.15
19336,413.3|296.1
19337,414.0|225.3
19338,241.5|522.6
19339,349.5|457.0
19340,416.8|319.75
19341,533.55|429.0
19342,491.45|491.6
19343,586.15|381.35
19344,585.25|558.25
19345,408.6|567.4
19346,260.6|461.6
19347,307.4|463.85
19348,414.85|309.95
19349,453.25|556.8
19350,402.7|220.9
19351,495.2|386.85
19352,351.85|438.35
19353,372.85|452.05
19354,433.35|499.05
19355,462.5|347.65
19356,249.25|441.65
19357,337.85|309.45
19358,362.3|282.95
19359,245.05|293.05
19360,286.4|357.95
19361,293.8|381.45
19362,582.05|590.1
19363,277.2|485.55
19364,240.45|436.2
19365,460.05|261.55
19366,302.7|396.65
19367,358.8|329.45
19368,478.1|344.45
19369,557.55|592.7
19370,358.25|215.85
19371,393.45|487.8
19372,447.45|549.9
19373,552.05|263.25
19374,552.45|266.1
19375,263.05|278.9
19376,409.4|360.0
19377,386.2|346.05
19378,396.65|590.75
19379,400.0|591.35
19380,515.95|302.2
19381,276.25|250.2
19382,382.95|217.1
19383,258.1|457.95
19384,342.85|589.85
19385,251.75|481.05
19386,227.95|320.55
19387,242.8|487.45
19388,408.3|494.7
19389,386.5|500.3
19390,265.3|549.75
19391,532.6|339.1
19392,250.25|233.9
19393,381.5|246.7
19394,449.85|266.35
19395,513.8|348.2
19396,279.5|391.8
19397,346.95|226.9
19398,382.15|270.75
19399,417.25|209.95
19400,489.9|525.0
19401,261.9|410.4
19402,317.9|403.65
19403,333.75|417.1
19404,517.45|523.4
19405,519.65|377.75
19406,400.5|367.75
19407,242.5|412.25
19408,372.35|556.3
19409,359.85|209.25
19410,260.2|439.55
19411,324.35|352.15
19412,529.0|386.3
19413,570.25|404.75
19414,285.05|455.9
19415,217.55|479.6
19416,545.75|589.25
19417,495.05|488.25
19418,316.95|308.3
19419,530.8|239.8
19420,319.1|378.8
19421,548.65|340.7
19422,573.4|544.1
19423,241.95|535.5
19424,220.75|507.2
19425,553.55|219.2
19426,469.6|504.15
19427,367.5|357.85
19428,381.05|243.6
19429,442.9|280.3
19430,242.7|386.75
19431,543.65|435.4
19432,212.6|337.75
19433,399.9|560.7
19434,585.3|561.6
19435,230.65|402.25
19436,419.4|295.2
19437,588.95|355.4
19438,279.55|359.75
19439,411.8|206.35
19440,584.65|216.1
19441,420.65|560.95
19442,582.7|442.3
19443,365.15|587.3
19444,462.4|535.0
19445,588.2|567.0
19446,537.8|290.1
19447,327.6|396.3
19448,545.7|410.9
19449,412.05|234.45
19450,257.75|247.05
19451,345.6|493.35
19452,445.65|332.7
19453,211.4|262.15
19454,563.95|278.05
19455,432.5|455.65
19456,378.55|288.1
19457,251.95|210.45
19458,456.15|443.6
19459,360.85|341.45
19460,344.15|345.2
19461,401.95|460.2
19462,565.35|219.1
19463,215.35|254.7
19464,560.4|338.1
19465,349.95|461.2
19466,334.2|419.9
19467,269.75|284.05
19468,585.05|358.4
19469,207.25|396.55
19470,583.05|399.55
19471,363.15|457.9
19472,419.15|241.5
19473,529.65|458.1
19474,536.75|424.3
19475,596.1|381.05
19476,224.95|418.55
19477,344.0|546.65
19478,248.05|308.6
19479,388.9|277.25
19480,271.5|500.0
19481,575.85|266.05
19482,304.9|564.3
19483,376.05|491.6
19484,579.45|517.2
19485,571.05|326.6
19486,477.4|310.25
19487,543.1|528.55
19488,425.35|372.45
19489,431.35|303.8
19490,402.0|375.6
19491,577.75|536.35
19492,391.45|297.25
19493,459.6|418.0
19494,404.15|580.35
19495,412.8|526.05
19496,463.4|472.8
19497,389.85|499.55
19498,259.55|352.15
19499,441.4|335.35
19500,556.2|274.6
19501,415.7|377.15
19502,236.0|450.85
19503,257.15|482.85
19504,476.55|488.6
19505,281.25|568.5
19506,235.15|280.85
19507,467.65|223.65
19508,229.65|311.65
19509,391.05|484.85
19510,519.5|442.6
19511,577.4|224.0
19512,565.15|222.0
19513,246.95|501.8
19514,578.3|553.45
19515,357.0|490.9
19516,363.9|563.75
19517,256.35|491.75
19518,407.55|524.7
19519,221.5|479.8
19520,276.5|417.1
19521,363.25|234.0
19522,358.0|294.6
19523,237.55|228.8
19524,289.75|277.6
19525,476.35|249.25
19526,348.05|462.05
19527,569.95|519.6
19528,525.2|283.8
19529,577.95|385.15
19530,232.65|387.25
19531,367.5|292.95
19532,384.5|573.2
19533,325.6|347.35
19534,372.95|589.45
19535,430.9|498.95
19536,359.2|221.1
19537,235.0|379.0
19538,537.05|502.8
19539,417.2|582.5
19540,557.25|416.8
19541,442.5|420.2
19542,388.05|274.95
19543,286.55|522.05
19544,409.4|258.7
19545,448.0|307.05
19546,482.0|316.0
19547,582.3|469.8
19548,470.8|343.6
19549,480.05|354.0
19550,419.8|319.15
19551,471.25|496.9
19552,575.9|381.1
19553,467.3|297.65
19554,210.2|501.75
19555,522.4|456.7
19556,233.45|219.0
19557,558.5|519.75
19558,248.55|359.35
19559,434.35|337.2
19560,590.3|397.9
19561,515.8|477.75
19562,373.7|516.0
19563,538.25|461.15
19564,351.75|276.8
19565,454.1|469.7
19566,480.05|283.2
19567,456.45|234.25
19568,402.7|235.3
19569,381.35|388.85
19570,350.35|321.15
19571,522.1|338.95
19572,574.7|420.55
19573,346.45|293.3
19574,404.85|324.4
19575,378.6|556.05
19576,350.6|535.05
19577,404.55|226.0
19578,416.6|424.6
19579,267.85|308.85
19580,518.2|386.25
19581,262.0|462.65
19582,235.25|563.15
19583,366.2|577.65
19584,450.4|480.5
19585,547.2|261.0
19586,233.05|319.9
19587,332.35|425.25
19588,492.75|353.8
19589,279.45|530.9
19590,450.5|461.35
19591,235.8|480.0
19592,282.35|554.4
19593,413.45|413.3
19594,348.85|347.05
19595,306.5|561.95
19596,525.05|250.05
19597,454.05|227.75
19598,349.5|343.4
19599,213.85|539.15
19600,214.95|486.3
19601,542.25|409.3
19602,375.75|570.3
19603,267.85|582.25
19604,435.45|531.3
19605,558.1|344.1
19606,242.85|577.15
19607,268.65|564.85
19608,590.05|420.4
19609,318.1|232.1
19610,387.1|351.25
19611,543.05|239.65
19612,396.85|258.45
19613,391.3|455.3
19614,331.85|544.2
19615,539.85|258.25
19616,262.7|570.95
19617,355.35|538.55
19618,273.95|467.25
19619,372.85|587.0
19620,286.85|391.25
19621,547.4|246.1
19622,231.1|577.95
19623,458.6|444.2
19624,291.0|326.2
19625,533.5|572.8
19626,332.7|568.9
19627,243.45|290.95
19628,345.0|237.95
19629,587.45|521.8
19630,271.55|344.6
19631,380.45|577.1
19632,427.8|486.85
19633,241.45|417.45
19634,592.65|208.55
19635,346.45|272.9
19636,565.35|329.95
19637,445.9|373.55
19638,435.2|410.45
19639,535.45|344.7
19640,367.3|383.55
19641,557.0|460.75
19642,222.7|519.75
19643,471.35|426.05
19644,343.3|208.7
19645,276.1|274.65
19646,580.95|521.35
19647,523.85|419.5
19648,218.4|323.6
19649,594.0|420.25
19650,210.5|585.5
19651,229.55|415.2
19652,235.55|431.7
19653,209.8|337.55
19654,334.1|327.55
19655,503.0|476.05
19656,474.95|481.65
19657,484.8|487.2
19658,491.95|209.3
19659,248.4|341.75
19660,479.95|472.8
19661,548.6|370.7
19662,474.45|230.3
19663,437.25|318.6
19664,250.15|328.05
19665,415.6|245.45
19666,355.35|366.95
19667,538.65|432.9
19668,395.4|297.85
19669,227.95|406.5
19670,583.65|461.5
19671,451.95|320.25
19672,411.35|341.2
19673,223.45|499.35
19674,553.05|580.9
19675,415.3|209.55
19676,418.15|344.25
19677,444.2|393.8
19678,220.25|493.95
19679,404.6|557.85
19680,479.45|498.85
19681,220.6|243.2
19682,532.4|519.05
19683,350.7|343.05
19684,223.75|374.15
19685,402.45|263.75
19686,375.75|518.4
19687,533.65|503.9
19688,393.05|327.7
19689,481.55|285.3
19690,584.0|393.95
19691,370.0|410.05
19692,524.15|496.65
19693,344.9|210.5
19694,216.9|271.55
19695,559.9|433.55
19696,591.4|495.2
19697,206.25|548.6
19698,392.9|250.8
19699,549.45|265.95
19700,258.8|415.3
19701,389.9|582.9
19702,209.4|462.75
19703,588.2|577.85
19704,442.85|557.95
19705,404.55|568.8
19706,576.85|364.0
19707,552.7|404.15
19708,208.4|296.55
19709,472.8|486.15
19710,212.1|346.1
19711,352.9|378.8
19712,246.3|559.15
19713,263.15|288.75
19714,579.5|372.15
19715,292.15|383.45
19716,471.95|263.35
19717,558.85|517.05
19718,220.9|225.4
19719,245.15|337.35
19720,587.75|375.75
19721,297.2|385.1
19722,457.75|248.0
19723,340.95|340.65
19724,299.05|374.85
19725,578.4|266.25
19726,477.25|479.7
19727,538.65|282.65
19728,348.6|555.6
19729,291.8|565.45
19730,458.85|568.95
19731,320.9|357.7
19732,418.3|373.1
19733,525.65|508.2
19734,210.9|460.25
19735,292.55|522.0
19736,404.3|589.3
19737,401.8|407.2
19738,269.35|222.55
19739,583.4|300.35
19740,240.55|218.4
19741,217.5|295.9
19742,470.7|218.05
19743,365.75|573.3
19744,539.45|351.1
19745,227.2|516.25
19746,405.2|332.35
19747,251.85|412.9
19748,395.8|580.7
19749,451.45|344.2
19750,581.15|551.3
19751,221.35|352.9
19752,443.5|268.75
19753,216.3|223.0
19754,576.05|558.55
19755,286.85|555.8
19756,241.95|581.7
19757,496.5|366.4
19758,590.6|577.75
19759,247.05|257.2
19760,436.1|446.15
19761,589.95|269.95
19762,352.55|444.85
19763,222.75|484.3
19764,348.5|369.05
19765,441.0|385.4
19766,386.65|388.25
19767,450.45|525.15
19768,322.15|350.8
19769,353.4|462.55
19770,459.0|424.15
19771,239.0|573.0
19772,367.45|498.4
19773,390.3|474.3
19774,284.85|455.8
19775,368.95|584.9
19776,208.45|507.35
19777,270.15|253.7
19778,261.05|414.3
19779,243.85|301.2
19780,456.85|222.0
19781,407.6|418.75
19782,546.55|310.65
19783,272.7|294.8
19784,594.15|361.2
19785,564.05|452.35
19786,228.05|401.75
19787,368.2|218.4
19788,284.0|454.35
19789,538.4|589.9
19790,466.45|461.0
19791,322.95|408.5
19792,287.8|558.5
19793,501.35|337.45
19794,582.05|463.6
19795,543.9|541.95
19796,474.3|399.25
19797,568.25|239.8
19798,234.35|317.35
19799,211.55|464.1
19800,220.45|239.65
19801,364.25|222.95
19802,454.7|538.9
19803,519.2|347.6
19804,350.9|386.95
19805,220.25|236.85
19806,347.55|224.2
19807,452.5|485.45
19808,378.35|561.55
19809,381.8|245.1
19810,291.75|341.65
19811,213.2|324.7
19812,414.95|381.45
19813,567.4|509.15
19814,582.8|536.15
19815,435.25|234.85
19816,208.65|513.65
19817,339.8|524.9
19818,549.3|488.45
19819,483.7|371.25
19820,222.35|398.4
19821,399.65|370.2
19822,393.2|506.3
19823,463.05|431.2
19824,349.45|352.5
19825,558.55|406.65
19826,275.25|591.3
19827,534.45|489.55
19828,521.35|495.85
19829,399.9|496.8
19830,207.6|451.1
19831,564.65|396.05
19832,553.8|240.55
19833,357.75|366.35
19834,272.9|572.05
19835,550.75|516.35
19836,346.4|348.65
19837,416.05|297.15
19838,215.45|269.85
19839,549.7|576.7
19840,233.15|421.75
19841,451.4|547.45
19842,268.95|592.1
19843,394.0|318.0
19844,223.0|408.0
19845,548.7|446.25
19846,567.2|293.05
19847,217.2|302.7
19848,240.05|237.45
19849,239.0|565.3
19850,278.5|542.35
19851,583.95|374.3
19852,378.95|567.8
19853,253.0|229.95
19854,242.15|592.45
19855,363.0|283.15
19856,277.6|504.35
19857,212.65|305.1
19858,279.75|446.0
19859,277.25|453.95
19860,258.15|289.35
19861,464.3|276.75
19862,578.35|524.0
19863,502.95|448.35
19864,416.2|548.5
19865,243.65|445.5
19866,468.25|309.15
19867,359.65|274.5
19868,338.9|419.55
19869,247.8|345.0
19870,206.2|464.7
19871,571.85|454.4
19872,254.4|222.95
19873,295.4|323.05
19874,591.35|344.75
19875,329.15|324.75
19876,242.4|395.95
19877,572.7|401.8
19878,406.65|339.9
19879,348.75|510.4
19880,281.85|281.2
19881,232.2|439.55
19882,587.3|274.65
19883,427.45|406.95
19884,424.85|382.15
19885,355.65|452.9
19886,354.7|500.1
19887,297.15|364.15
19888,233.6|461.1
19889,339.25|530.05
19890,212.45|312.2
19891,519.45|483.2
19892,386.1|595.3
19893,345.8|540.3
19894,440.0|300.5
19895,358.3|556.7
19896,360.2|365.55
19897,397.7|498.8
19898,390.8|309.0
19899,444.65|311.85
19900,386.5|551.2
19901,418.7|424.8
19902,515.2|488.35
19903,381.5|480.45
19904,573.6|443.75
19905,590.85|411.0
19906,517.15|520.55
19907,435.3|228.25
19908,361.1|586.9
19909,584.5|582.25
19910,539.25|326.1
19911,278.9|372.45
19912,399.15|501.25
19913,427.65|552.3
19914,233.7|483.5
19915,440.2|529.5
19916,460.0|410.15
19917,538.6|331.55
19918,434.85|346.65
19919,469.4|255.15
19920,479.25|372.85
19921,416.05|449.95
19922,534.35|396.45
19923,427.85|323.9
19924,426.25|528.1
19925,393.2|364.2
19926,349.8|492.6
19927,572.7|220.4
19928,583.6|420.7
19929,282.55|442.75
19930,213.05|390.75
19931,458.8|234.5
19932,253.05|279.9
19933,340.7|217.9
19934,216.1|572.85
19935,309.4|419.1
19936,349.8|595.95
19937,563.95|578.75
19938,492.0|522.75
19939,355.1|590.05
19940,281.55|420.6
19941,261.2|280.95
19942,258.2|582.0
19943,374.25|225.0
19944,296.35|547.4
19945,454.7|265.6
19946,292.1|474.8
19947,258.75|229.35
19948,248.95|296.0
19949,274.3|483.7
19950,533.05|362.2
19951,478.0|515.45
19952,486.3|304.95
19953,353.45|272.15
19954,469.8|304.2
19955,434.35|577.1
19956,428.35|510.45
19957,566.7|518.4
19958,555.5|580.6
19959,530.25|476.45
19960,459.4|430.15
19961,402.15|385.5
19962,455.3|326.0
19963,326.45|335.85
19964,255.25|334.8
19965,434.55|244.45
19966,460.95|409.3
19967,287.85|336.4
19968,548.5|340.1
19969,468.3|247.1
19970,403.65|582.95
19971,250.65|413.0
19972,410.05|366.35
19973,233.6|291.9
19974,569.15|468.9
19975,214.7|251.7
19976,409.2|531.2
19977,510.2|379.4
19978,523.75|515.05
19979,378.15|235.65
19980,427.75|423.9
19981,302.8|328.35
19982,466.6|414.3
19983,410.65|546.6
19984,349.65|230.65
19985,269.9|414.55
19986,454.45|382.15
19987,285.4|445.9
19988,578.6|539.45
19989,412.1|498.55
19990,250.5|234.0
19991,282.0|539.5
19992,231.7|232.15
19993,409.05|239.95
19994,583.15|305.15
19995,370.1|479.65
19996,269.3|288.65
19997,364.4|339.9
19998,367.65|575.15
19999,505.05|475.45
20000,454.95|587.05
20001,274.8|535.5
20002,245.95|480.95
20003,283.0|318.05
20004,281.05|539.6
20005,241.65|586.1
20006,457.3|540.6
20007,450.15|350.9
20008,246.25|334.4
20009,484.45|515.1
20010,409.55|343.85
20011,450.3|495.85
20012,226.9|244.2
20013,378.4|347.75
20014,489.4|272.55
20015,462.05|407.6
20016,359.9|223.65
20017,230.55|411.15
20018,537.65|537.4
20019,380.45|594.65
20020,436.1|345.8
20021,459.95|398.2
20022,365.15|218.05
20023,410.15|391.8
20024,386.05|519.15
20025,360.65|395.3
20026,221.7|302.35
20027,430.7|390.1
20028,360.4|299.0
20029,353.45|399.7
20030,308.1|321.55
20031,254.05|221.15
20032,411.85|399.9
20033,416.85|454.7
20034,469.45|327.6
20035,227.9|491.45
20036,416.0|379.7
20037,366.1|228.5
20038,552.6|466.35
20039,265.35|416.6
20040,396.0|339.6
20041,254.8|357.6
20042,342.4|331.7
20043,444.5|237.3
20044,274.35|381.75
20045,291.7|331.2
20046,286.95|349.85
20047,382.75|530.2
20048,374.75|387.65
20049,277.3|355.8
20050,556.8|372.4
20051,239.65|580.7
20052,227.8|272.5
20053,542.1|473.2
20054,444.0|246.05
20055,551.45|428.05
20056,281.9|323.6
20057,240.9|309.5
20058,228.05|339.5
20059,289.6|339.9
20060,526.75|334.3
20061,435.25|507.8
20062,580.95|289.75
20063,568.75|534.1
20064,580.2|447.9
20065,385.9|476.95
20066,226.5|211.4
20067,365.45|285.2
20068,239.3|214.5
20069,413.95|361.7
20070,379.65|470.3
20071,574.1|497.05
20072,385.6|360.6
20073,468.95|450.5
20074,212.4|342.75
20075,564.25|352.5
20076,230.75|502.95
20077,370.05|235.5
20078,279.15|264.35
20079,233.95|471.55
20080,243.65|257.25
20081,286.8|569.8
20082,583.55|556.55
20083,471.95|357.2
20084,427.15|426.95
20085,217.6|551.1
20086,436.5|522.8
20087,299.8|351.25
20088,273.8|425.6
20089,230.85|474.3
20090,381.9|448.25
20091,464.5|232.9
20092,480.45|446.2
20093,239.3|575.6
20094,304.4|332.7
20095,591.25|319.85
20096,334.8|516.1
20097,461.5|550.35
20098,540.2|501.3
20099,593.15|576.8
20100,569.35|269.0
20101,222.4|274.35
20102,352.2|546.85
20103,247.95|367.65
20104,470.15|515.5
20105,342.4|217.8
20106,464.75|332.35
20107,407.1|334.0
20108,390.3|510.15
20109,348.8|315.95
20110,340.95|521.75
20111,555.05|279.4
20112,449.45|458.8
20113,592.4|415.45
20114,460.2|590.0
20115,583.4|507.75
20116,260.25|588.15
20117,516.4|439.6
20118,567.55|437.7
20119,315.1|320.3
20120,229.9|210.65
20121,531.05|310.5
20122,521.4|322.0
20123,224.75|513.85
20124,580.9|513.6
20125,216.55|309.5
20126,573.85|298.5
20127,364.15|447.95
20128,585.35|500.15
20129,555.35|449.85
20130,219.2|332.6
20131,443.25|404.8
20132,443.7|310.85
20133,442.65|240.4
20134,345.7|424.55
20135,470.2|250.5
20136,431.25|578.4
20137,516.45|482.8
20138,555.15|488.75
20139,289.65|477.0
20140,288.7|488.4
20141,394.25|220.55
20142,367.05|375.9
20143,227.4|383.95
20144,302.0|584.9
20145,300.65|373.7
20146,274.7|460.8
20147,353.8|438.45
20148,258.95|237.65
20149,397.55|444.5
20150,283.9|326.8
20151,418.55|429.9
20152,384.5|381.05
20153,332.4|323.55
20154,401.05|536.55
20155,278.85|434.05
20156,394.5|591.2
20157,375.6|476.1
20158,270.9|288.2
20159,325.85|367.95
20160,357.5|335.55
20161,579.6|558.2
20162,470.35|263.45
20163,578.45|485.5
20164,585.7|486.65
20165,459.15|396.2
20166,241.1|460.2
20167,549.45|574.15
20168,452.45|516.9
20169,413.15|568.45
20170,592.05|210.3
20171,298.2|338.9
20172,416.7|568.85
20173,428.8|527.45
20174,322.95|367.0
20175,306.7|235.4
20176,514.3|444.85
20177,240.15|374.3
20178,416.7|555.95
20179,495.05|480.25
20180,358.05|336.2
20181,270.75|219.8
20182,510.95|351.65
20183,239.15|584.3
20184,406.15|301.4
20185,256.75|214.9
20186,215.45|574.95
20187,400.75|394.75
20188,567.05|551.15
20189,470.6|231.45
20190,270.15|287.7
20191,376.65|436.3
20192,246.15|585.8
20193,358.7|395.45
20194,264.4|406.7
20195,260.3|278.8
20196,221.85|471.35
20197,592.05|553.2
20198,241.3|373.65
20199,221.8|415.25
20200,271.6|319.15
20201,319.75|433.35
20202,443.3|442.4
20203,538.6|442.2
20204,436.5|590.55
20205,527.45|512.1
20206,213.6|245.6
20207,395.75|503.05
20208,461.35|329.65
20209,569.15|587.5
20210,586.15|576.15
20211,268.55|220.15
20212,439.55|381.15
20213,292.55|239.6
20214,250.15|481.9
20215,591.45|376.1
20216,487.9|214.95
20217,270.9|440.7
20218,253.95|458.35
20219,203.9|516.25
20220,381.0|251.55
20221,583.65|495.6
20222,476.05|554.9
20223,271.75|295.85
20224,550.35|325.25
20225,518.1|441.95
20226,276.3|386.85
20227,393.5|468.15
20228,293.9|324.05
20229,338.95|482.85
20230,410.4|564.2
20231,471.65|332.25
20232,209.25|520.3
20233,524.15|331.6
20234,288.4|390.7
20235,401.65|375.25
20236,462.7|551.35
20237,417.25|588.35
20238,211.05|217.45
20239,551.8|575.45
20240,414.3|465.2
20241,212.45|585.6
20242,517.0|343.0
20243,575.8|303.35
20244,406.2|399.55
20245,384.2|517.05
20246,317.05|419.7
20247,249.4|238.15
20248,365.8|325.8
20249,538.35|252.4
20250,248.55|216.1
20251,348.9|436.1
20252,412.55|422.3
20253,569.0|266.85
20254,403.65|378.85
20255,368.75|216.95
20256,443.25|470.7
20257,352.55|344.15
20258,443.05|578.9
20259,562.85|453.8
20260,562.95|233.85
20261,526.45|455.4
20262,471.05|400.55
20263,525.7|429.4
20264,395.6|240.15
20265,246.3|591.25
20266,469.95|283.9
20267,271.55|586.65
20268,322.0|560.05
20269,386.2|250.3
20270,264.95|560.1
20271,413.55|298.15
20272,578.8|558.45
20273,277.85|569.5
20274,470.15|313.9
20275,249.4|356.2
20276,424.55|253.25
20277,566.1|272.9
20278,439.1|436.15
20279,463.0|574.5
20280,588.85|357.9
20281,226.4|545.3
20282,495.95|480.85
20283,442.3|508.75
20284,388.2|261.0
20285,580.65|444.25
20286,262.25|327.15
20287,211.25|520.65
20288,219.0|406.05
20289,345.7|222.1
20290,237.45|455.55
20291,582.55|212.45
20292,340.55|472.7
20293,422.1|465.6
20294,292.25|460.8
20295,359.2|381.1
20296,568.5|547.05
20297,377.6|421.4
20298,268.25|298.45
20299,288.9|509.25
20300,274.1|363.5
20301,348.35|234.7
20302,280.75|423.55
20303,212.75|216.0
20304,355.4|265.7
20305,320.4|230.7
20306,275.15|436.8
20307,210.7|303.15
20308,472.1|328.8
20309,460.85|339.1
20310,479.1|216.05
20311,445.85|482.7
20312,231.35|310.45
20313,272.05|539.05
20314,587.4|520.0
20315,248.5|219.55
20316,280.0|554.75
20317,422.75|579.75
20318,441.7|275.0
20319,375.5|380.6
20320,211.6|575.75
20321,496.25|278.35
20322,342.55|317.45
20323,539.95|466.05
20324,282.45|447.15
20325,357.75|285.55
20326,274.85|272.45
20327,471.85|483.9
20328,302.45|333.8
20329,345.9|591.75
20330,213.9|355.95
20331,270.15|283.25
20332,359.85|508.8
20333,243.6|216.75
20334,265.2|378.3
20335,217.9|297.2
20336,355.4|229.9
20337,300.4|367.85
20338,442.65|569.45
20339,591.65|548.9
20340,580.3|544.75
20341,437.85|430.4
20342,466.2|477.7
20343,261.75|346.65
20344,322.35|352.4
20345,385.9|220.45
20346,277.65|388.5
20347,379.65|539.6
20348,570.8|555.75
20349,359.85|233.2
20350,499.45|451.55
20351,528.25|428.85
20352,462.1|561.4
20353,339.55|226.9
20354,563.15|523.95
20355,473.5|260.85
20356,343.65|519.45
20357,576.4|226.05
20358,453.75|471.25
20359,580.85|249.35
20360,572.5|567.8
20361,529.3|332.1
20362,229.3|507.85
20363,524.7|502.35
20364,224.3|481.7
20365,443.9|588.45
20366,468.6|272.55
20367,402.45|385.15
20368,216.3|487.55
20369,274.45|544.4
20370,273.35|379.8
20371,351.5|207.4
20372,408.6|375.65
20373,266.2|399.75
20374,466.4|498.5
20375,442.3|450.95
20376,277.8|229.7
20377,423.4|363.2
20378,519.45|514.95
20379,383.9|489.55
20380,383.0|487.35
20381,365.8|578.4
20382,400.6|241.1
20383,249.95|453.5
20384,564.75|562.4
20385,379.4|392.9
20386,276.45|580.5
20387,228.4|459.8
20388,516.9|478.6
20389,562.65|267.6
20390,275.1|236.7
20391,314.1|340.1
20392,212.95|284.9
20393,402.1|272.1
20394,218.35|233.15
20395,434.3|422.15
20396,429.95|316.75
20397,262.85|357.8
20398,347.8|567.75
20399,391.25|480.2
20400,459.0|540.7
20401,444.65|394.05
20402,400.5|496.0
20403,351.05|453.65
20404,346.05|260.25
20405,220.3|470.0
20406,461.3|284.75
20407,216.8|413.95
20408,446.05|467.15
20409,437.4|394.0
20410,557.1|589.35
20411,231.05|519.85
20412,372.0|525.2
20413,529.35|526.65
20414,278.8|488.85
20415,568.35|265.75
20416,367.6|437.95
20417,586.8|413.45
20418,489.9|269.05
20419,422.45|266.65
20420,259.2|409.3
20421,397.75|577.75
20422,365.85|259.15
20423,463.85|333.5
20424,567.1|528.25
20425,462.75|333.85
20426,433.15|284.95
20427,522.7|313.75
20428,573.0|539.2
20429,405.1|345.3
20430,251.15|298.45
20431,454.75|516.9
20432,435.6|355.95
20433,211.75|405.45
20434,396.1|242.2
20435,391.7|229.2
20436,437.5|376.2
20437,587.65|570.75
20438,262.35|568.0
20439,415.85|466.35
20440,572.8|420.25
20441,590.0|505.45
20442,423.1|547.8
20443,262.8|514.2
20444,259.15|319.65
20445,392.35|367.25
20446,320.15|408.45
20447,371.5|583.85
20448,432.6|315.8
20449,285.4|265.6
20450,276.9|398.5
20451,424.85|255.75
20452,482.85|289.15
20453,557.4|579.5
20454,280.6|587.1
20455,367.3|234.05
20456,575.8|417.5
20457,583.3|427.85
20458,267.55|290.35
20459,525.2|496.25
20460,510.8|451.15
20461,208.6|357.5
20462,344.0|216.25
20463,564.3|451.65
20464,382.65|278.65
20465,287.55|546.35
20466,328.4|594.0
20467,579.05|308.95
20468,469.0|210.75
20469,291.9|370.8
20470,238.45|525.65
20471,234.6|470.5
20472,395.6|256.65
20473,280.55|456.95
20474,378.85|386.2
20475,458.3|439.3
20476,352.35|223.05
20477,251.6|456.5
20478,549.05|443.95
20479,389.7|566.1
20480,399.2|516.0
20481,233.6|267.8
20482,291.35|459.65
20483,280.9|335.95
20484,383.55|335.75
20485,279.85|246.05
20486,469.85|349.45
20487,389.4|239.1
20488,473.8|530.2
20489,305.75|400.8
20490,432.65|405.05
20491,465.35|217.4
20492,388.3|323.15
20493,433.5|490.95
20494,543.45|495.55
20495,389.45|562.05
20496,207.15|580.85
20497,220.3|452.8
20498,544.4|282.15
20499,509.55|393.65
20500,389.6|473.45
20501,344.25|449.3
20502,518.6|490.8
20503,477.6|217.6
20504,525.65|516.35
20505,389.8|416.75
20506,238.3|362.4
20507,218.65|244.35
20508,533.7|437.75
20509,464.45|255.5
20510,228.0|483.75
20511,251.75|443.25
20512,445.65|248.75
20513,416.1|384.3
20514,269.75|279.45
20515,431.6|395.8
20516,410.05|410.3
20517,437.05|575.25
20518,244.55|280.6
20519,564.05|240.7
20520,255.95|310.6
20521,423.55|580.55
20522,322.1|354.05
20523,548.1|585.65
20524,295.25|421.75
20525,583.95|219.55
20526,564.65|539.45
20527,326.25|353.25
20528,482.65|223.9
20529,470.25|222.6
20530,300.4|503.45
20531,219.2|564.6
20532,378.2|592.2
20533,519.3|408.65
20534,402.2|242.0
20535,237.65|291.15
20536,416.7|579.8
20537,291.75|381.35
20538,403.95|428.4
20539,402.35|303.85
20540,495.15|336.65
20541,560.65|287.6
20542,556.25|534.1
20543,257.2|490.8
20544,414.8|325.6
20545,390.55|284.25
20546,251.9|570.75
20547,246.1|247.0
20548,405.15|452.95
20549,403.35|241.85
20550,419.15|239.85
20551,460.05|523.2
20552,285.65|409.55
20553,211.1|343.85
20554,454.4|427.15
20555,260.3|535.8
20556,218.65|347.25
20557,219.9|406.45
20558,248.6|365.7
20559,424.7|592.6
20560,463.65|300.05
20561,207.65|535.55
20562,215.05|398.8
20563,266.8|258.1
20564,208.55|475.05
20565,557.85|360.95
20566,275.35|543.95
20567,439.45|461.1
20568,407.8|549.8
20569,207.5|503.35
20570,291.55|359.45
20571,522.4|228.2
20572,211.4|330.7
20573,459.25|220.25
20574,375.3|294.6
20575,403.7|539.6
20576,595.1|410.65
20577,235.0|393.8
20578,463.45|466.6
20579,412.55|570.55
20580,246.75|309.6
20581,407.95|546.75
20582,411.6|258.85
20583,493.4|358.4
20584,299.4|430.15
20585,278.4|351.85
20586,524.6|453.0
20587,458.0|492.6
20588,244.15|410.55
20589,267.05|437.75
20590,362.7|580.6
20591,418.25|548.3
20592,560.4|283.6
20593,216.15|316.15
20594,464.35|554.4
20595,261.4|338.6
20596,339.95|223.7
20597,551.65|459.3
20598,571.45|286.3
20599,307.1|434.05
20600,256.1|253.75
20601,390.6|494.05
20602,535.7|446.35
20603,441.4|400.85
20604,260.85|490.75
20605,422.8|346.9
20606,392.2|267.05
20607,459.2|428.4
20608,344.5|332.7
20609,349.55|557.15
20610,574.7|482.3
20611,394.0|564.75
20612,445.9|387.55
20613,381.8|388.25
20614,466.2|466.9
20615,549.35|313.7
20616,434.1|485.95
20617,237.85|387.75
20618,275.25|275.0
20619,534.25|547.2
20620,386.15|391.3
20621,512.05|476.1
20622,273.4|587.35
20623,444.5|317.6
20624,401.0|392.95
20625,219.55|531.9
20626,343.35|243.2
20627,378.3|251.35
20628,289.35|576.65
20629,551.0|244.85
20630,239.95|279.1
20631,269.9|569.55
20632,445.45|366.85
20633,248.95|374.85
20634,465.75|556.4
20635,581.95|429.7
20636,305.65|579.15
20637,418.75|249.05
20638,259.85|254.1
20639,326.7|405.95
20640,299.05|307.8
20641,418.4|376.5
20642,417.3|534.5
20643,590.05|354.95
20644,427.2|544.8
20645,434.35|536.4
20646,473.55|507.5
20647,585.25|473.95
20648,542.95|338.7
20649,391.35|403.9
20650,468.8|552.75
20651,443.1|236.65
20652,222.7|524.75
20653,338.5|339.3
20654,377.45|586.9
20655,565.8|429.6
20656,402.9|229.45
20657,369.6|393.7
20658,492.35|457.55
20659,416.35|424.15
20660,439.75|438.4
20661,430.9|584.6
20662,539.9|547.65
20663,346.55|555.6
20664,590.7|484.4
20665,410.15|275.8
20666,560.1|587.2
20667,310.45|367.1
20668,447.95|225.95
20669,272.65|246.8
20670,347.35|449.25
20671,227.75|546.9
20672,586.65|470.9
20673,416.6|378.55
20674,226.0|430.25
20675,367.7|513.6
20676,485.85|465.35
20677,493.25|253.75
20678,521.2|524.55
20679,448.7|240.9
20680,337.6|371.85
20681,333.85|330.2
20682,451.95|526.2
20683,205.1|523.4
20684,318.65|390.25
20685,396.5|491.3
20686,220.4|454.95
20687,258.95|224.15
20688,357.05|417.15
20689,404.4|364.75
20690,270.6|403.15
20691,349.65|591.9
20692,222.95|431.75
20693,251.2|404.7
20694,414.95|418.0
20695,365.65|328.35
20696,387.25|370.75
20697,535.45|279.1
20698,450.85|587.7
20699,252.85|357.7
20700,413.45|546.45
20701,549.6|520.4
20702,356.05|445.75
20703,276.0|421.45
20704,545.4|530.4
20705,349.75|435.3
20706,385.15|545.9
20707,297.4|584.6
20708,336.1|575.95
20709,323.65|365.15
20710,299.8|551.45
20711,568.25|244.4
20712,238.35|417.45
20713,471.2|493.4
20714,529.6|558.65
20715,552.9|285.5
20716,257.8|339.05
20717,455.55|217.55
20718,571.75|588.85
20719,567.2|438.05
20720,411.15|278.3
20721,216.5|528.9
20722,536.4|563.5
20723,574.25|225.6
20724,326.2|412.2
20725,380.75|314.95
20726,583.1|586.45
20727,480.0|217.35
20728,404.25|526.6
20729,400.95|404.25
20730,522.45|571.85
20731,512.8|341.45
20732,404.05|434.1
20733,416.25|584.25
20734,575.6|499.85
20735,218.55|316.55
20736,431.45|470.4
20737,221.85|473.3
20738,245.3|268.55
20739,224.2|306.65
20740,396.8|506.5
20741,388.95|262.3
20742,420.95|217.8
20743,334.05|334.55
20744,398.8|210.1
20745,234.65|437.75
20746,341.9|223.35
20747,586.25|446.05
20748,259.75|575.0
20749,343.25|526.25
20750,381.45|591.7
20751,292.45|349.35
20752,585.65|539.35
20753,381.9|335.2
20754,453.15|270.4
20755,594.5|352.85
20756,459.8|389.35
20757,330.65|394.75
20758,223.75|498.6
20759,440.7|298.1
20760,209.05|236.75
20761,464.3|472.7
20762,349.2|486.7
20763,591.55|229.75
20764,207.55|532.25
20765,306.0|359.1
20766,546.2|282.9
20767,390.3|236.45
20768,449.9|391.15
20769,210.65|344.2
20770,442.5|390.15
20771,212.35|222.75
20772,261.0|402.2
20773,434.55|297.95
20774,268.35|462.5
20775,344.25|535.4
20776,458.7|237.15
20777,586.5|400.25
20778,485.5|249.35
20779,462.5|254.15
20780,455.7|265.8
20781,461.0|551.15
20782,267.25|374.2
20783,223.5|237.55
20784,562.6|440.3
20785,375.1|265.5
20786,566.1|294.35
20787,379.3|345.05
20788,248.3|344.65
20789,252.6|337.55
20790,541.65|547.45
20791,217.15|585.2
20792,449.95|230.65
20793,213.75|277.8
20794,472.65|289.8
20795,383.5|592.7
20796,245.25|228.1
20797,273.55|520.2
20798,531.55|582.15
20799,443.35|538.65
20800,448.1|545.45
20801,280.2|279.95
20802,336.45|245.45
20803,408.7|589.8
20804,585.55|591.0
20805,452.1|219.7
20806,545.3|586.35
20807,222.95|582.35
20808,257.5|484.35
20809,367.45|253.85
20810,221.1|458.95
20811,347.75|376.85
20812,543.05|576.15
20813,234.65|509.15
20814,347.05|514.25
20815,444.25|287.5
20816,366.6|334.05
20817,295.6|386.0
20818,264.85|510.55
20819,564.8|301.1
20820,563.1|454.35
20821,400.45|516.3
20822,589.4|371.95
20823,383.4|472.45
20824,244.4|383.2
20825,287.5|329.55
20826,460.4|453.0
20827,402.25|472.7
20828,205.9|248.65
20829,428.6|534.65
20830,382.75|359.9
20831,286.6|523.55
20832,219.65|461.9
20833,250.8|218.5
20834,490.55|464.0
20835,253.9|256.6
20836,272.75|546.75
20837,246.95|216.5
20838,571.65|494.7
20839,554.55|500.2
20840,236.9|582.45
20841,546.75|251.05
20842,423.65|407.8
20843,398.8|510.3
20844,289.1|569.7
20845,399.35|268.7
20846,531.65|536.5
20847,488.25|316.5
20848,220.7|250.45
20849,210.45|482.8
20850,392.3|362.5
20851,542.05|349.0
20852,219.45|298.5
20853,462.0|561.2
20854,365.25|273.15
20855,212.7|536.35
20856,215.2|306.65
20857,351.75|228.25
20858,232.6|375.5
20859,322.75|413.2
20860,263.35|298.9
20861,268.9|413.0
20862,577.6|575.9
20863,433.2|494.1
20864,594.7|379.85
20865,224.45|578.95
20866,379.25|265.2
20867,277.15|291.4
20868,378.1|488.45
20869,449.75|433.9
20870,583.35|587.05
20871,414.45|328.15
20872,357.35|277.85
20873,591.2|219.5
20874,252.3|563.8
20875,254.85|555.8
20876,332.6|544.85
20877,588.3|553.8
20878,301.35|320.75
20879,457.25|390.05
20880,360.05|347.2
20881,347.45|383.0
20882,574.45|364.25
20883,366.5|361.05
20884,530.2|349.9
20885,591.9|419.6
20886,424.05|474.3
20887,465.1|443.2
20888,210.7|383.5
20889,386.5|251.7
20890,523.0|543.8
20891,225.9|493.45
20892,229.05|293.2
20893,519.55|501.25
20894,338.5|391.95
20895,411.1|359.25
20896,525.65|459.7
20897,549.25|308.4
20898,348.55|416.2
20899,367.45|595.35
20900,452.05|259.1
20901,373.5|254.6
20902,254.1|335.55
20903,315.35|513.95
20904,592.9|535.3
20905,245.25|559.0
20906,436.1|238.55
20907,272.55|583.85
20908,360.55|371.65
20909,267.5|284.15
20910,488.75|370.55
20911,348.9|481.2
20912,256.6|581.15
20913,426.35|449.7
20914,353.0|497.6
20915,591.1|400.0
20916,459.1|322.95
20917,547.2|528.35
20918,447.75|462.8
20919,591.95|553.8
20920,406.25|218.85
20921,563.7|430.9
20922,425.6|543.6
20923,409.4|539.15
20924,303.25|322.0
20925,359.35|392.9
20926,591.8|259.45
20927,353.9|504.15
20928,555.85|282.9
20929,354.2|253.2
20930,471.3|362.9
20931,435.6|559.25
20932,304.0|343.3
20933,263.25|277.2
20934,347.25|435.7
20935,243.45|573.35
20936,407.85|211.3
20937,480.45|216.1
20938,322.35|336.6
20939,572.3|314.2
20940,519.9|551.6
20941,572.6|260.8
20942,281.85|390.1
20943,579.9|538.5
20944,364.55|248.45
20945,465.65|264.8
20946,429.05|568.9
20947,393.85|547.05
20948,391.55|293.25
20949,222.95|303.1
20950,216.45|338.35
20951,381.95|360.3
20952,465.25|321.1
20953,416.8|546.3
20954,558.7|473.85
20955,563.45|468.5
20956,355.25|553.4
20957,539.8|525.85
20958,356.1|482.15
20959,449.05|331.35
20960,410.75|302.1
20961,403.85|522.2
20962,352.25|447.45
20963,479.05|390.6
20964,589.05|292.45
20965,468.15|350.75
20966,343.2|211.4
20967,214.75|400.8
20968,340.3|320.25
20969,302.8|402.0
20970,387.15|504.55
20971,218.4|590.35
20972,590.45|403.95
20973,291.35|444.95
20974,539.9|411.95
20975,385.45|584.95
20976,346.25|510.35
20977,249.55|344.9
20978,420.4|346.15
20979,537.15|534.1
20980,516.35|518.35
20981,292.95|370.2
20982,249.7|276.85
20983,538.0|267.15
20984,325.25|295.15
20985,374.7|335.5
20986,350.9|579.05
20987,220.15|589.65
20988,396.25|224.4
20989,555.7|330.55
20990,250.3|509.75
20991,524.75|439.6
20992,367.85|307.85
20993,537.8|590.65
20994,212.5|583.8
20995,400.6|505.45
20996,212.55|224.4
20997,231.75|278.15
20998,401.2|451.7
20999,211.55|307.15
21000,398.25|458.0
21001,542.55|561.45
21002,366.15|560.15
21003,554.0|456.4
21004,407.55|224.55
21005,350.15|490.3
21006,568.7|401.7
21007,302.0|374.45
21008,218.75|517.35
21009,404.2|244.9
21010,409.65|384.5
21011,455.05|220.0
21012,408.5|352.6
21013,419.4|213.55
21014,526.8|248.5
21015,215.65|457.95
21016,552.65|518.3
21017,426.55|321.1
21018,257.75|407.75
21019,507.55|557.9
21020,421.25|260.25
21021,575.9|394.35
21022,450.7|268.75
21023,443.8|234.1
21024,285.55|429.7
21025,381.55|234.4
21026,278.75|430.1
21027,217.6|464.55
21028,396.75|208.4
21029,251.35|423.3
21030,391.3|550.6
21031,288.9|351.8
21032,398.05|357.4
21033,353.35|315.35
21034,454.25|317.7
21035,394.55|531.1
21036,233.95|301.2
21037,225.05|243.15
21038,260.3|356.65
21039,222.55|476.6
21040,439.9|310.1
21041,401.9|471.6
21042,534.55|511.6
21043,350.55|589.85
21044,586.15|294.45
21045,514.0|445.05
21046,388.25|516.9
21047,338.45|241.85
21048,500.75|389.1
21049,457.25|289.6
21050,409.85|546.2
21051,513.1|461.15
21052,407.75|593.4
21053,253.15|549.6
21054,542.25|338.95
21055,220.65|589.15
21056,279.2|322.35
21057,375.3|576.75
21058,554.35|351.2
21059,396.55|238.95
21060,439.25|467.55
21061,301.05|527.8
21062,592.6|227.0
21063,273.45|390.15
21064,353.4|441.0
21065,291.55|300.45
21066,413.05|244.2
21067,409.35|574.5
21068,386.4|374.85
21069,208.7|499.1
21070,350.2|215.85
21071,570.15|522.8
21072,310.9|328.8
21073,438.55|532.1
21074,406.1|559.05
21075,333.0|390.55
21076,488.8|463.85
21077,214.15|238.05
21078,582.85|584.6
21079,357.5|489.9
21080,556.95|404.1
21081,245.7|483.3
21082,568.75|520.2
21083,277.25|445.9
21084,589.7|408.45
21085,303.5|393.05
21086,225.8|310.1
21087,374.3|370.55
21088,213.0|586.5
21089,451.6|459.3
21090,247.35|419.7
21091,532.05|533.35
21092,551.05|587.9
21093,455.55|321.15
21094,274.8|268.6
21095,237.55|483.95
21096,263.95|285.15
21097,477.05|243.3
21098,554.75|248.6
21099,462.95|322.5
21100,233.8|572.65
21101,580.3|319.4
21102,537.1|433.9
21103,536.15|582.9
21104,355.95|263.8
21105,295.9|448.85
21106,239.85|258.0
21107,210.55|464.45
21108,308.15|359.1
21109,585.1|418.8
21110,466.55|553.9
21111,293.8|490.05
21112,532.1|356.2
21113,539.75|457.45
21114,410.65|241.4
21115,418.0|386.75
21116,406.45|554.85
21117,560.6|466.45
21118,266.6|399.4
21119,377.65|280.1
21120,586.65|288.85
21121,397.2|581.4
21122,397.45|516.1
21123,433.4|505.5
21124,407.95|529.4
21125,272.85|250.85
21126,272.45|372.7
21127,292.5|450.25
21128,339.85|407.65
21129,557.6|533.75
21130,525.4|351.55
21131,421.25|388.7
21132,215.05|306.5
21133,564.0|434.05
21134,360.35|448.15
21135,369.55|291.45
21136,353.2|330.95
21137,241.0|415.5
21138,463.3|265.05
21139,588.65|212.4
21140,563.4|226.6
21141,568.4|228.05
21142,265.9|556.75
21143,463.95|574.65
21144,245.6|423.55
21145,354.6|283.15
21146,546.2|587.2
21147,483.6|334.35
21148,452.65|410.25
21149,577.55|347.1
21150,209.4|579.15
21151,473.7|412.8
21152,356.7|254.9
21153,257.9|565.5
21154,248.25|490.9
21155,594.2|217.1
21156,489.25|356.25
21157,265.9|336.6
21158,466.35|220.15
21159,399.5|390.25
21160,228.15|308.6
21161,435.0|308.6
21162,571.65|272.65
21163,279.5|551.2
21164,475.65|495.0
21165,390.7|593.7
21166,416.9|234.3
21167,439.65|515.5
21168,209.95|255.5
21169,544.5|271.45
21170,402.85|543.55
21171,448.0|439.95
21172,587.3|375.65
21173,467.75|528.7
21174,264.8|475.55
21175,240.05|434.65
21176,470.65|230.75
21177,211.8|228.8
21178,300.0|523.45
21179,208.15|585.65
21180,439.8|311.7
21181,463.8|489.3
21182,244.8|505.6
21183,478.85|331.7
21184,391.25|568.7
21185,456.7|218.35
21186,370.4|281.75
21187,250.65|584.1
21188,538.65|449.3
21189,468.8|213.7
21190,356.55|443.3
21191,457.75|577.35
21192,360.4|448.3
21193,248.7|539.15
21194,293.9|367.55
21195,385.5|358.2
21196,245.45|268.75
21197,452.35|339.9
21198,225.9|372.75
21199,224.4|423.05
21200,385.4|533.55
21201,267.05|502.3
21202,557.75|526.05
21203,368.8|405.65
21204,506.15|225.35
21205,389.35|356.7
21206,276.0|491.65
21207,242.65|251.5
21208,368.8|208.2
21209,283.4|389.9
21210,462.7|566.75
21211,447.85|439.3
21212,397.65|552.8
21213,382.75|298.95
21214,313.25|343.2
21215,557.9|570.8
21216,465.9|555.25
21217,367.45|448.95
21218,280.1|336.35
21219,581.5|279.1
21220,366.25|524.1
21221,353.05|573.9
21222,414.8|367.85
21223,452.8|227.3
21224,474.9|339.75
21225,360.5|586.85
21226,309.75|342.8
21227,579.65|258.85
21228,467.35|455.6
21229,428.6|237.65
21230,379.25|580.2
21231,409.95|335.3
21232,465.65|219.25
21233,518.7|567.05
21234,585.35|389.55
21235,438.45|244.05
21236,520.6|498.1
21237,213.85|513.7
21238,461.05|580.25
21239,259.45|355.9
21240,583.2|250.3
21241,562.2|465.75
21242,467.1|351.45
21243,337.15|414.6
21244,401.5|392.5
21245,550.9|457.95
21246,473.2|292.65
21247,484.45|216.65
21248,412.3|592.25
21249,425.0|313.8
21250,241.7|358.95
21251,226.0|590.6
21252,254.4|498.95
21253,572.6|478.15
21254,434.85|295.65
21255,511.6|513.65
21256,448.35|584.75
21257,392.25|275.9
21258,215.05|243.85
21259,424.55|419.75
21260,387.15|538.25
21261,556.85|319.25
21262,475.2|229.6
21263,433.35|387.95
21264,571.05|487.25
21265,263.2|469.55
21266,569.8|436.7
21267,219.3|291.45
21268,212.4|270.4
21269,397.15|447.0
21270,577.65|300.7
21271,575.8|328.95
21272,592.7|275.15
21273,327.75|226.15
21274,204.9|487.35
21275,351.7|509.65
21276,281.5|258.0
21277,588.25|390.7
21278,344.4|348.4
21279,284.6|448.1
21280,323.65|350.7
21281,243.65|413.2
21282,540.75|270.15
21283,590.75|359.2
21284,567.25|472.25
21285,385.75|322.5
21286,526.55|565.45
21287,359.6|586.45
21288,344.9|514.0
21289,374.55|220.7
21290,584.95|554.7
21291,415.35|343.75
21292,464.8|332.85
21293,593.05|429.75
21294,436.85|554.8
21295,312.2|359.85
21296,214.45|382.45
21297,570.4|240.0
21298,396.3|330.9
21299,555.9|249.75
21300,350.6|435.45
21301,283.9|304.75
21302,353.95|584.05
21303,261.7|423.6
21304,393.0|509.95
21305,542.2|482.1
21306,216.3|455.7
21307,417.75|369.1
21308,360.1|435.8
21309,411.5|511.5
21310,435.35|500.75
21311,461.75|434.8
21312,264.6|227.65
21313,318.85|497.0
21314,344.7|591.95
21315,559.3|414.1
21316,448.45|221.35
21317,548.75|308.15
21318,276.45|283.35
21319,356.9|492.15
21320,383.4|225.5
21321,383.75|568.35
21322,539.2|433.0
21323,217.05|312.85
21324,355.0|575.25
21325,433.8|236.75
21326,227.5|264.55
21327,220.1|484.35
21328,250.1|403.25
21329,241.8|488.55
21330,476.4|362.5
21331,585.55|457.0
21332,206.65|391.25
21333,269.95|377.7
21334,345.15|291.6
21335,448.75|238.95
21336,248.85|342.95
21337,337.2|318.55
21338,211.85|465.9
21339,279.15|412.45
21340,208.45|580.65
21341,416.95|369.55
21342,547.55|348.6
21343,453.05|566.55
21344,507.0|445.95
21345,518.5|263.75
21346,550.0|489.15
21347,534.45|220.05
21348,573.15|411.9
21349,317.85|401.55
21350,529.8|504.6
21351,591.5|304.6
21352,260.1|213.5
21353,433.15|418.7
21354,203.95|419.4
21355,420.45|543.2
21356,419.95|589.55
21357,529.3|528.7
21358,217.55|505.45
21359,473.0|246.55
21360,244.4|285.75
21361,429.45|430.05
21362,398.75|582.1
21363,472.45|421.3
21364,325.45|341.65
21365,557.1|346.55
21366,571.5|461.95
21367,341.0|389.4
21368,313.45|512.25
21369,249.95|358.25
21370,217.4|496.85
21371,404.8|507.15
21372,377.15|249.85
21373,591.2|412.15
21374,573.25|321.45
21375,464.65|219.9
21376,333.0|411.65
21377,478.3|346.65
21378,279.6|296.4
21379,247.0|436.1
21380,424.9|533.55
21381,561.65|553.0
21382,406.7|347.1
21383,541.35|335.75
21384,439.4|410.1
21385,291.8|487.15
21386,231.5|583.55
21387,268.75|524.35
21388,586.8|557.2
21389,590.25|557.4
21390,275.7|572.9
21391,429.5|469.15
21392,251.2|272.85
21393,438.15|431.8
21394,445.8|450.65
21395,403.45|522.25
21396,388.2|276.95
21397,322.1|407.95
21398,426.9|453.7
21399,241.1|579.45
21400,408.7|434.55
21401,401.2|549.1
21402,560.25|581.2
21403,315.15|343.4
21404,222.05|224.85
21405,562.2|508.15
21406,249.9|215.45
21407,212.1|287.45
21408,572.25|495.6
21409,230.6|220.6
21410,577.35|521.65
21411,376.9|409.35
21412,459.1|336.2
21413,483.95|279.85
21414,398.6|542.95
21415,471.15|325.2
21416,426.75|236.75
21417,359.1|279.95
21418,285.35|356.05
21419,316.0|412.3
21420,469.45|365.25
21421,473.95|323.7
21422,580.9|296.75
21423,268.5|259.4
21424,376.45|243.35
21425,451.05|458.95
21426,282.05|335.5
21427,323.1|381.8
21428,418.95|400.15
21429,345.2|350.55
21430,438.05|493.4
21431,295.0|376.05
21432,360.85|363.45
21433,385.05|450.85
21434,554.8|238.55
21435,444.5|316.5
21436,309.35|343.45
21437,472.85|536.3
21438,208.35|502.15
21439,562.25|315.65
21440,373.55|289.85
21441,222.25|304.0
21442,348.15|254.3
21443,356.4|415.6
21444,340.65|403.05
21445,253.7|366.65
21446,218.5|589.4
21447,219.4|546.5
21448,529.5|406.0
21449,567.75|249.45
21450,371.55|512.1
21451,343.8|592.2
21452,451.15|276.9
21453,313.55|433.2
21454,430.45|457.3
21455,419.0|320.2
21456,211.2|410.95
21457,211.0|225.45
21458,549.35|235.85
21459,265.4|363.35
21460,407.85|367.65
21461,426.35|583.15
21462,440.45|561.65
21463,286.0|354.6
21464,534.05|257.65
21465,406.5|539.8
21466,554.3|283.1
21467,224.3|464.35
21468,570.85|426.0
21469,504.05|222.5
21470,212.55|243.55
21471,227.85|589.1
21472,277.75|546.75
21473,352.9|452.85
21474,404.3|399.75
21475,457.65|481.35
21476,369.85|596.0
21477,575.85|504.9
21478,566.85|300.75
21479,384.35|234.15
21480,446.7|509.05
21481,419.5|593.3
21482,358.05|210.25
21483,402.3|386.7
21484,414.7|571.85
21485,252.8|432.8
21486,448.55|451.2
21487,206.6|524.25
21488,219.95|233.8
21489,462.5|590.8
21490,238.6|217.4
21491,440.95|535.5
21492,539.35|552.4
21493,362.1|215.5
21494,442.65|418.15
21495,380.15|481.85
21496,368.15|442.65
21497,484.85|355.2
21498,367.5|235.65
21499,455.15|583.65
21500,267.5|560.05
21501,237.1|491.05
21502,232.6|544.9
21503,267.3|264.05
21504,221.6|299.6
21505,351.45|430.75
21506,583.35|309.55
21507,588.65|233.35
21508,249.8|507.5
21509,458.05|231.15
21510,336.05|388.65
21511,534.75|336.5
21512,570.55|550.2
21513,285.45|577.35
21514,368.45|421.2
21515,216.2|405.05
21516,375.25|401.85
21517,548.15|285.8
21518,236.65|289.8
21519,418.85|476.55
21520,293.65|295.05
21521,211.6|588.1
21522,299.4|405.75
21523,242.05|279.65
21524,306.45|427.45
21525,284.25|301.4
21526,454.35|279.45
21527,355.1|396.35
21528,450.15|381.25
21529,221.0|557.25
21530,332.55|387.3
21531,567.45|240.25
21532,453.6|240.8
21533,282.8|533.05
21534,277.0|297.95
21535,263.9|402.95
21536,548.25|442.0
21537,456.85|285.95
21538,575.65|525.35
21539,586.8|443.1
21540,355.05|234.7
21541,321.6|532.75
21542,457.75|555.2
21543,538.0|273.8
21544,386.0|442.75
21545,562.25|408.85
21546,474.65|554.6
21547,453.15|328.5
21548,227.45|396.25
21549,398.5|213.1
21550,373.45|284.3
21551,521.25|327.4
21552,559.25|259.75
21553,429.65|330.15
21554,462.8|491.0
21555,347.55|216.4
21556,512.55|240.8
21557,216.15|312.15
21558,574.75|354.8
21559,532.5|354.0
21560,565.6|590.2
21561,258.75|232.35
21562,220.1|307.3
21563,231.7|591.55
21564,353.05|285.95
21565,471.65|260.8
21566,565.2|321.7
21567,523.4|492.7
21568,286.5|543.0
21569,552.8|374.9
21570,577.8|257.1
21571,242.55|354.4
21572,250.15|493.0
21573,215.4|406.15
21574,477.35|331.35
21575,429.2|473.7
21576,594.45|568.85
21577,244.7|492.1
21578,246.8|541.3
21579,535.25|512.4
21580,527.5|539.95
21581,388.85|343.15
21582,379.35|344.85
21583,438.65|582.55
21584,214.4|265.75
21585,483.7|316.55
21586,558.0|223.4
21587,461.5|295.4
21588,405.1|353.8
21589,549.75|531.3
21590,549.6|389.05
21591,383.75|576.5
21592,396.9|317.1
21593,386.8|287.95
21594,222.6|490.35
21595,465.7|272.2
21596,464.1|237.8
21597,337.5|418.4
21598,566.9|267.6
21599,226.05|488.05
21600,222.25|511.6
21601,208.25|497.7
21602,379.2|488.0
21603,460.65|488.55
21604,563.35|371.8
21605,406.0|561.45
21606,229.25|391.65
21607,337.05|424.15
21608,421.45|361.45
21609,528.05|427.8
21610,374.3|460.1
21611,423.65|553.7
21612,413.6|289.15
21613,584.65|217.1
21614,397.8|384.1
21615,378.7|471.85
21616,563.15|232.9
21617,342.4|218.05
21618,268.35|224.45
21619,388.5|327.3
21620,465.75|384.55
21621,423.65|273.9
21622,346.0|346.85
21623,262.85|368.7
21624,562.55|532.65
21625,445.75|429.25
21626,554.7|446.2
21627,533.75|506.3
21628,332.25|436.45
21629,347.85|416.4
21630,584.55|374.9
21631,384.8|223.2
21632,346.55|311.95
21633,242.8|571.1
21634,371.85|448.0
21635,529.15|519.2
21636,422.55|485.15
21637,451.55|233.5
21638,265.25|369.5
21639,356.9|267.5
21640,575.95|449.75
21641,576.95|306.6
21642,441.8|257.0
21643,318.35|419.2
21644,246.3|253.05
21645,235.45|328.9
21646,424.7|586.1
21647,367.3|439.35
21648,207.35|497.45
21649,472.75|386.35
21650,383.9|471.85
21651,284.75|528.05
21652,481.15|550.75
21653,255.65|397.65
21654,546.75|536.25
21655,331.75|426.4
21656,456.35|489.2
21657,330.4|234.4
21658,380.2|570.6
21659,591.05|374.2
21660,589.4|407.75
21661,547.0|239.7
21662,374.5|576.55
21663,345.9|296.2
21664,477.5|517.95
21665,526.6|456.25
21666,571.25|246.0
21667,423.45|400.25
21668,423.0|215.15
21669,223.4|493.9
21670,359.35|239.9
21671,261.4|276.5
21672,356.75|522.65
21673,231.75|441.1
21674,349.95|577.55
21675,261.9|403.85
21676,561.85|490.35
21677,273.85|266.65
21678,545.7|546.05
21679,460.8|521.6
21680,534.65|239.9
21681,522.4|363.55
21682,538.15|541.9
21683,374.7|494.9
21684,452.4|407.55
21685,362.65|209.1
21686,561.35|280.25
21687,531.2|512.7
21688,298.05|430.95
21689,236.25|571.95
21690,401.6|275.05
21691,394.15|591.3
21692,565.0|523.1
21693,214.3|263.1
21694,449.2|407.95
21695,341.4|561.15
21696,306.0|434.85
21697,460.75|393.9
21698,257.55|280.75
21699,357.7|271.15
21700,520.4|431.55
21701,277.1|227.95
21702,238.8|477.85
21703,206.35|280.3
21704,572.3|518.75
21705,576.8|553.75
21706,271.8|272.3
21707,572.3|451.55
21708,266.95|293.9
21709,439.8|514.25
21710,353.3|300.75
21711,422.9|235.7
21712,292.95|446.6
21713,575.35|319.85
21714,271.6|571.8
21715,350.65|527.85
21716,359.5|464.2
21717,405.25|285.25
21718,237.7|567.4
21719,548.45|398.6
21720,257.75|265.95
21721,491.25|462.1
21722,277.85|341.95
21723,413.7|479.1
21724,391.0|575.7
21725,580.75|443.35
21726,347.45|211.6
21727,373.35|279.15
21728,215.55|531.95
21729,534.35|341.45
21730,531.35|426.4
21731,208.25|581.1
21732,249.85|576.3
21733,569.1|383.5
21734,410.75|480.8
21735,454.8|231.55
21736,547.4|270.95
21737,443.4|211.55
21738,472.0|285.25
21739,220.7|239.1
21740,363.55|446.1
21741,222.0|220.3
21742,205.9|458.3
21743,386.65|296.9
21744,405.7|377.6
21745,276.15|546.85
21746,487.95|348.0
21747,215.05|520.65
21748,590.85|376.65
21749,402.55|505.1
21750,444.5|244.95
21751,366.2|229.85
21752,437.75|552.5
21753,449.6|536.25
21754,533.15|513.6
21755,416.3|412.85
21756,550.1|483.75
21757,558.55|229.3
21758,555.6|263.6
21759,549.95|306.35
21760,549.9|588.6
21761,223.15|475.9
21762,208.5|589.55
21763,593.1|404.25
21764,375.35|360.6
21765,461.8|250.2
21766,534.25|585.9
21767,536.3|551.3
21768,214.2|411.0
21769,568.85|346.9
21770,356.95|283.05
21771,406.7|580.65
21772,287.3|565.15
21773,301.15|382.1
21774,234.1|246.2
21775,457.65|271.45
21776,434.4|451.15
21777,285.35|554.4
21778,549.8|504.8
21779,360.4|538.85
21780,418.15|477.3
21781,471.95|466.75
21782,216.75|252.65
21783,557.8|275.85
21784,570.95|582.65
21785,406.15|472.75
21786,398.05|585.7
21787,467.1|220.35
21788,527.85|511.5
21789,415.15|386.25
21790,404.55|356.6
21791,561.1|470.95
21792,377.3|485.5
21793,571.3|515.95
21794,424.65|254.7
21795,594.8|469.0
21796,382.9|263.6
21797,353.2|590.0
21798,234.1|217.8
21799,543.55|248.45
21800,412.65|562.15
21801,542.8|257.4
21802,211.3|362.45
21803,591.15|286.6
21804,350.7|304.8
21805,451.2|588.0
21806,271.65|571.3
21807,450.65|563.2
21808,374.65|368.95
21809,579.95|456.85
21810,492.7|525.45
21811,270.15|470.85
21812,216.75|415.9
21813,244.45|447.0
21814,510.45|449.05
21815,389.7|492.7
21816,340.6|389.85
21817,214.65|229.05
21818,439.4|542.85
21819,209.8|532.4
21820,226.35|586.6
21821,397.85|469.2
21822,403.75|566.25
21823,570.5|337.25
21824,237.85|288.3
21825,492.45|289.15
21826,542.7|313.85
21827,581.45|311.35
21828,288.6|523.05
21829,500.45|234.65
21830,572.6|236.5
21831,380.1|275.35
21832,574.35|410.3
21833,422.5|214.6
21834,414.0|492.55
21835,356.75|343.15
21836,269.6|566.65
21837,314.45|317.35
21838,519.25|502.65
21839,287.1|534.55
21840,250.25|264.0
21841,244.0|594.9
21842,581.9|336.65
21843,364.3|403.8
21844,258.0|218.45
21845,382.95|446.15
21846,357.5|467.85
21847,468.65|416.7
21848,585.85|350.8
21849,461.3|457.7
21850,393.25|373.65
21851,451.0|393.7
21852,551.55|236.25
21853,232.3|575.9
21854,453.65|226.3
21855,418.05|561.35
21856,592.75|265.25
21857,413.05|237.05
21858,394.8|470.8
21859,224.55|359.6
21860,545.85|327.9
21861,228.6|262.65
21862,341.8|214.15
21863,271.65|235.1
21864,354.85|540.7
21865,562.15|331.8
21866,579.3|307.8
21867,214.05|235.3
21868,537.65|521.0
21869,306.5|383.6
21870,228.3|572.05
21871,261.1|387.7
21872,231.25|312.25
21873,543.35|390.75
21874,238.45|291.3
21875,469.9|502.5
21876,352.6|207.05
21877,236.15|525.0
21878,351.35|407.85
21879,581.55|274.85
21880,422.35|500.1
21881,521.15|222.55
21882,475.95|238.95
21883,317.55|412.3
21884,227.1|366.95
21885,476.05|350.5
21886,569.25|422.75
21887,234.25|253.15
21888,361.85|353.9
21889,481.3|278.85
21890,399.85|313.1
21891,449.5|492.65
21892,393.7|275.45
21893,263.35|565.6
21894,232.5|451.9
21895,580.5|215.6
21896,346.15|412.4
21897,218.15|545.05
21898,403.4|300.2
21899,445.0|541.6
21900,303.4|373.35
21901,481.05|570.35
21902,351.7|361.05
21903,353.55|409.2
21904,370.9|240.75
21905,503.2|301.95
21906,359.3|210.2
21907,484.75|409.4
21908,357.45|329.4
21909,297.3|345.7
21910,546.15|495.8
21911,542.05|512.8
21912,218.8|505.35
21913,560.15|374.45
21914,522.3|231.5
21915,586.1|488.2
21916,212.7|337.2
21917,416.05|434.1
21918,229.0|285.1
21919,398.15|578.9
21920,453.1|589.85
21921,244.6|465.5
21922,555.45|260.95
21923,372.95|271.3
21924,410.7|498.35
21925,317.25|395.65
21926,267.3|249.55
21927,245.85|565.7
21928,567.15|256.7
21929,553.9|324.65
21930,352.45|210.6
21931,549.25|500.05
21932,384.4|502.2
21933,437.7|335.45
21934,357.7|273.7
21935,230.45|304.1
21936,434.5|394.6
21937,343.25|207.6
21938,222.4|578.5
21939,443.3|481.2
21940,466.55|572.9
21941,545.45|332.05
21942,580.2|374.45
21943,213.1|330.85
21944,443.6|540.2
21945,557.65|542.25
21946,562.95|393.7
21947,467.75|274.85
21948,448.55|468.05
21949,247.45|256.65
21950,575.7|542.15
21951,359.8|566.8
21952,232.65|416.0
21953,521.7|351.5
21954,415.75|571.65
21955,370.65|275.4
21956,487.7|357.95
21957,465.3|435.6
21958,402.9|545.75
21959,274.35|551.9
21960,313.0|362.95
21961,569.15|463.45
21962,341.35|565.25
21963,588.95|420.45
21964,391.6|276.35
21965,368.85|284.9
21966,275.75|540.55
21967,379.6|593.4
21968,504.15|332.05
21969,527.9|438.4
21970,371.7|387.2
21971,269.45|536.15
21972,523.1|351.65
21973,593.2|471.7
21974,319.9|374.85
21975,295.8|372.45
21976,227.3|415.5
21977,385.7|322.25
21978,458.2|459.1
21979,568.4|409.45
21980,385.85|411.2
21981,424.9|560.75
21982,432.4|498.05
21983,451.05|468.3
21984,369.8|449.7
21985,224.6|383.15
21986,261.7|579.9
21987,238.65|504.35
21988,387.25|508.8
21989,320.75|364.25
21990,349.9|574.85
21991,383.65|510.85
21992,457.35|473.8
21993,561.55|413.65
21994,344.95|351.0
21995,432.05|547.3
21996,559.85|487.35
21997,572.3|524.0
21998,472.6|348.95
21999,477.85|268.65
22000,366.4|215.8
22001,443.2|390.9
22002,268.95|581.6
22003,528.35|263.85
22004,481.15|308.25
22005,539.65|532.7
22006,287.25|299.1
22007,435.75|326.8
22008,355.75|276.6
22009,305.75|393.5
22010,468.65|448.75
22011,442.45|342.15
22012,333.5|290.3
22013,463.5|243.75
22014,278.55|353.95
22015,581.8|212.4
22016,569.75|258.55
22017,467.95|314.25
22018,241.15|548.45
22019,344.95|446.75
22020,395.7|471.9
22021,218.95|504.2
22022,501.5|271.85
22023,252.5|595.35
22024,247.8|434.5
22025,365.35|379.05
22026,389.95|587.55
22027,562.15|535.7
22028,560.65|321.95
22029,217.7|555.6
22030,233.25|549.6
22031,378.2|296.45
22032,356.8|448.05
22033,568.65|242.45
22034,230.7|305.25
22035,548.9|503.55
22036,353.95|318.85
22037,546.05|255.65
22038,568.55|497.45
22039,225.15|581.25
22040,303.15|362.15
22041,389.65|491.5
22042,350.7|227.9
22043,270.95|296.9
22044,222.5|240.5
22045,350.95|248.4
22046,473.45|225.85
22047,580.0|462.8
22048,394.7|591.1
22049,449.95|387.85
22050,434.4|575.55
22051,369.65|282.45
22052,434.95|393.5
22053,509.45|475.75
22054,217.0|575.85
22055,412.95|437.35
22056,460.0|432.5
22057,589.55|551.85
22058,236.65|576.35
22059,246.75|539.0
22060,531.45|325.85
22061,390.35|229.5
22062,429.2|332.55
22063,228.7|414.4
22064,584.8|485.2
22065,565.8|236.3
22066,582.7|462.45
22067,467.95|341.6
22068,432.05|381.35
22069,490.85|450.9
22070,353.75|451.55
22071,239.4|344.0
22072,537.55|554.4
22073,232.3|233.3
22074,261.0|251.5
22075,308.5|396.8
22076,560.2|221.15
22077,343.85|558.4
22078,396.8|458.95
22079,589.05|221.1
22080,518.1|498.6
22081,489.3|361.8
22082,380.05|243.35
22083,389.25|244.8
22084,520.75|405.85
22085,221.0|554.8
22086,459.35|414.7
22087,584.95|522.05
22088,583.95|508.4
22089,368.8|492.85
22090,353.4|347.1
22091,340.7|322.2
22092,538.0|313.6
22093,390.4|380.1
22094,291.4|337.2
22095,570.85|368.25
22096,269.55|571.35
22097,368.25|386.6
22098,586.05|311.0
22099,464.25|252.55
22100,533.25|498.6
22101,357.2|571.7
22102,324.4|356.0
22103,266.5|556.05
22104,255.3|434.45
22105,563.7|220.55
22106,357.5|213.75
22107,576.0|391.7
22108,576.7|550.55
22109,289.15|402.5
22110,248.1|368.5
22111,325.2|217.95
22112,506.9|309.4
22113,535.35|560.5
22114,488.15|381.55
22115,574.5|451.6
22116,565.55|223.8
22117,257.25|215.0
22118,528.95|548.65
22119,215.15|495.5
22120,519.45|486.75
22121,356.65|589.0
22122,585.25|349.05
22123,355.0|542.3
22124,346.75|496.05
22125,226.85|302.1
22126,289.5|579.3
22127,282.75|539.85
22128,528.15|488.2
22129,239.1|228.35
22130,529.7|251.0
22131,379.4|318.1
22132,547.4|437.3
22133,338.35|558.75
22134,479.2|283.5
22135,463.5|235.7
22136,240.65|251.1
22137,318.4|346.9
22138,496.65|454.7
22139,404.05|551.55
22140,368.85|437.65
22141,528.15|579.25
22142,585.9|479.4
22143,296.9|299.4
22144,556.5|226.3
22145,546.75|580.25
22146,319.7|334.5
22147,429.45|209.25
22148,227.5|404.45
22149,229.25|442.7
22150,284.95|590.25
22151,339.65|335.5
22152,215.05|234.1
22153,382.15|544.5
22154,592.75|215.35
22155,395.9|325.45
22156,215.5|239.55
22157,414.25|484.15
22158,395.65|495.85
22159,537.75|391.05
22160,559.4|270.25
22161,376.1|229.9
22162,350.5|321.3
22163,281.6|461.9
22164,445.25|468.35
22165,360.05|227.2
22166,534.5|502.35
22167,539.4|460.25
22168,443.15|449.75
22169,346.0|563.5
22170,240.55|232.95
22171,368.05|208.25
22172,592.55|472.25
22173,376.75|402.35
22174,273.8|458.55
22175,580.9|287.1
22176,470.6|239.3
22177,281.15|439.15
22178,443.8|237.75
22179,567.9|500.35
22180,389.1|352.45
22181,345.65|245.5
22182,386.3|309.1
22183,221.75|480.65
22184,238.45|479.0
22185,283.5|551.3
22186,384.95|331.0
22187,345.9|224.75
22188,572.15|476.6
22189,476.7|363.35
22190,530.5|328.4
22191,304.3|387.1
22192,220.9|409.05
22193,357.55|331.25
22194,259.95|258.05
22195,522.65|460.0
22196,315.1|410.15
22197,240.2|294.05
22198,533.75|536.8
22199,408.45|336.55
22200,478.55|496.45
22201,305.1|357.5
22202,539.7|522.6
22203,444.2|440.55
22204,294.25|576.1
22205,535.95|547.25
22206,216.75|243.6
22207,558.9|477.65
22208,452.4|283.6
22209,304.25|583.0
22210,457.15|436.8
22211,466.4|514.85
22212,212.95|480.45
22213,333.85|399.9
22214,221.9|244.4
22215,432.4|349.0
22216,351.95|540.95
22217,482.65|502.05
22218,578.4|405.15
22219,554.55|456.1
22220,558.5|288.4
22221,402.05|567.25
22222,438.95|344.35
22223,585.1|589.6
22224,436.3|300.25
22225,539.85|419.75
22226,223.6|582.8
22227,461.0|366.65
22228,572.45|570.55
22229,528.2|459.9
22230,562.95|220.5
22231,213.05|533.25
22232,552.25|573.4
22233,269.35|404.8
22234,568.35|309.65
22235,384.2|581.95
22236,230.8|357.9
22237,573.3|217.6
22238,476.45|259.0
22239,565.4|378.95
22240,487.9|212.5
22241,547.45|290.45
22242,359.2|295.1
22243,427.85|403.7
22244,490.5|487.05
22245,384.85|291.05
22246,527.3|481.8
22247,576.2|539.65
22248,257.6|523.1
22249,221.4|315.55
22250,562.4|254.1
22251,456.65|533.7
22252,461.15|505.2
22253,341.25|299.5
22254,464.05|469.5
22255,358.6|420.95
22256,590.75|265.15
22257,395.75|337.25
22258,319.55|376.15
22259,253.15|559.35
22260,229.3|365.4
22261,369.95|382.7
22262,374.1|495.75
22263,220.5|480.65
22264,428.15|301.55
22265,252.65|475.15
22266,206.95|542.7
22267,271.15|353.55
22268,216.0|507.6
22269,294.0|588.85
22270,305.1|385.75
22271,262.95|454.7
22272,245.1|418.45
22273,233.1|553.6
22274,549.7|540.2
22275,331.05|301.8
22276,473.35|314.8
22277,351.95|591.85
22278,239.55|273.1
22279,333.65|423.2
22280,381.2|357.3
22281,250.6|575.85
22282,415.9|307.45
22283,243.2|543.15
22284,249.35|559.0
22285,377.95|592.2
22286,461.35|217.7
22287,237.45|214.0
22288,446.25|449.15
22289,586.1|351.9
22290,283.2|589.2
22291,558.85|460.0
22292,413.65|434.1
22293,251.35|586.55
22294,489.0|251.1
22295,284.15|365.7
22296,421.95|267.95
22297,282.8|440.65
22298,257.65|455.2
22299,363.55|512.05
22300,487.9|224.6
22301,212.45|249.4
22302,240.7|564.65
22303,213.3|385.8
22304,417.5|436.8
22305,569.9|217.95
22306,542.05|568.75
22307,576.5|432.9
22308,358.85|434.55
22309,404.0|387.95
22310,285.05|360.35
22311,347.05|360.15
22312,227.5|515.35
22313,472.15|380.5
22314,260.15|405.05
22315,535.4|232.75
22316,267.35|550.25
22317,234.2|243.3
22318,361.3|572.15
22319,336.9|220.9
22320,378.0|359.45
22321,523.65|426.4
22322,353.35|419.0
22323,242.45|473.8
22324,559.35|277.75
22325,250.95|497.15
22326,213.7|310.45
22327,408.75|283.95
22328,414.05|396.3
22329,444.7|237.05
22330,293.5|384.65
22331,375.2|523.35
22332,476.1|292.7
22333,395.95|285.25
22334,404.4|235.35
22335,368.25|484.25
22336,562.25|337.75
22337,424.4|326.45
22338,415.6|364.25
22339,385.4|270.7
22340,203.95|484.4
22341,218.85|365.2
22342,212.85|258.7
22343,254.2|418.45
22344,355.7|407.2
22345,284.65|388.75
22346,221.95|293.9
22347,351.35|587.65
22348,343.05|321.85
22349,441.55|442.45
22350,370.55|266.45
22351,537.4|509.7
22352,253.0|567.75
22353,226.45|508.75
22354,320.4|375.0
22355,579.85|304.4
22356,461.25|520.85
22357,211.0|255.15
22358,373.75|594.2
22359,592.65|253.4
22360,590.0|556.8
22361,447.75|217.15
22362,470.2|332.65
22363,237.75|311.4
22364,345.05|261.65
22365,481.5|481.65
22366,593.35|507.35
22367,234.25|493.0
22368,477.65|540.8
22369,372.4|390.3
22370,267.35|428.7
22371,331.15|486.7
22372,417.2|324.2
22373,383.65|535.5
22374,303.15|501.25
22375,221.7|493.75
22376,554.65|578.45
22377,407.7|376.3
22378,279.05|366.65
22379,223.9|474.25
22380,264.35|288.3
22381,473.8|500.75
22382,401.4|474.85
22383,591.85|515.45
22384,430.0|365.0
22385,313.05|399.9
22386,537.8|473.35
22387,268.85|458.65
22388,586.1|331.7
22389,563.5|360.7
22390,353.2|261.35
22391,402.35|455.2
22392,242.25|477.05
22393,537.85|556.9
22394,206.35|510.25
22395,449.4|369.4
22396,269.6|217.25
22397,234.2|226.65
22398,566.55|467.8
22399,233.35|476.35
22400,272.0|584.3
22401,243.5|578.95
22402,428.85|580.45
22403,249.5|335.75
22404,376.95|437.2
22405,581.7|322.5
22406,427.3|451.0
22407,434.45|300.65
22408,227.7|225.25
22409,326.0|325.2
22410,430.7|476.3
22411,208.6|273.35
22412,369.15|221.1
22413,437.7|370.0
22414,472.8|457.05
22415,291.8|390.5
22416,403.55|352.65
22417,408.75|506.2
22418,539.75|445.9
22419,412.5|429.2
22420,233.5|455.45
22421,590.5|355.05
22422,460.1|393.1
22423,326.95|258.45
22424,239.65|212.1
22425,416.25|259.2
22426,372.2|415.9
22427,345.65|414.3
22428,583.2|367.15
22429,471.4|457.1
22430,406.25|232.1
22431,463.15|233.55
22432,357.6|449.9
22433,234.15|474.05
22434,421.2|574.2
22435,387.75|208.95
22436,485.25|267.65
22437,508.6|517.7
22438,459.8|311.4
22439,337.5|504.85
22440,297.65|305.8
22441,355.8|257.2
22442,562.0|250.75
22443,454.1|540.35
22444,583.0|587.2
22445,426.35|525.3
22446,279.05|593.65
22447,474.15|284.25
22448,207.1|523.8
22449,366.5|259.6
22450,563.2|227.75
22451,325.85|391.9
22452,213.75|323.7
22453,551.15|367.3
22454,447.15|346.15
22455,364.6|210.25
22456,361.35|460.65
22457,367.05|345.95
22458,353.5|567.9
22459,355.85|494.15
22460,562.7|481.75
22461,240.8|593.45
22462,258.25|293.05
22463,415.45|369.85
22464,571.5|502.05
22465,424.95|281.35
22466,408.9|527.05
22467,587.1|512.3
22468,434.2|422.0
22469,398.0|346.4
22470,341.8|537.7
22471,443.2|238.95
22472,257.4|564.5
22473,245.15|340.15
22474,405.35|290.2
22475,347.75|383.45
22476,335.05|369.7
22477,553.75|522.35
22478,207.75|302.25
22479,476.55|487.6
22480,354.2|445.6
22481,289.0|332.45
22482,414.1|553.85
22483,351.3|282.55
22484,422.15|502.25
22485,583.1|476.3
22486,556.9|250.3
22487,355.4|213.25
22488,442.3|217.05
22489,467.55|271.35
22490,590.4|563.2
22491,217.9|374.2
22492,393.5|595.0
22493,355.65|595.15
22494,423.25|574.3
22495,340.05|544.5
22496,240.8|270.15
22497,259.3|223.05
22498,291.05|492.8
22499,444.1|303.25
22500,372.75|252.55
22501,207.8|499.65
22502,300.0|497.8
22503,538.15|486.05
22504,356.25|467.05
22505,546.1|515.3
22506,593.35|579.55
22507,584.05|229.15
22508,211.25|549.1
22509,555.0|550.25
22510,583.5|493.6
22511,405.05|343.25
22512,222.0|389.4
22513,467.3|321.4
22514,481.35|411.55
22515,378.05|405.5
22516,335.2|549.1
22517,591.6|269.55
22518,585.45|351.3
22519,281.65|346.9
22520,416.85|234.85
22521,488.3|269.55
22522,428.25|278.95
22523,564.8|222.4
22524,247.6|219.1
22525,449.9|315.15
22526,573.5|564.65
22527,280.35|553.05
22528,410.2|541.3
22529,437.4|532.65
22530,424.7|563.8
22531,217.55|512.0
22532,277.9|471.6
22533,434.5|304.45
22534,473.85|359.55
22535,413.65|284.05
22536,473.65|357.9
22537,417.9|390.8
22538,281.15|301.2
22539,470.5|553.5
22540,354.15|360.35
22541,593.5|259.55
22542,324.35|350.15
22543,345.05|239.85
22544,300.3|452.0
22545,553.1|370.5
22546,371.55|407.9
22547,354.85|308.35
22548,343.2|512.8
22549,261.65|335.5
22550,550.5|548.3
22551,292.25|358.9
22552,406.3|509.2
22553,207.55|329.35
22554,574.1|477.05
22555,380.55|259.2
22556,273.35|277.55
22557,387.95|457.3
22558,521.0|429.1
22559,303.7|501.5
22560,485.9|479.2
22561,434.65|512.95
22562,468.35|308.4
22563,474.25|284.4
22564,265.0|333.95
22565,271.35|351.05
22566,252.9|572.75
22567,557.85|303.5
22568,220.0|526.4
22569,217.45|224.3
22570,206.3|586.55
22571,501.4|368.05
22572,544.65|512.95
22573,411.95|357.55
22574,470.65|365.35
22575,384.1|280.3
22576,345.85|306.9
22577,253.6|378.75
22578,266.9|433.35
22579,361.9|291.55
22580,568.8|543.6
22581,250.55|496.1
22582,573.3|254.25
22583,522.6|361.4
22584,346.75|298.1
22585,375.15|277.15
22586,556.65|328.65
22587,301.0|273.4
22588,564.2|444.65
22589,345.4|552.8
22590,542.55|561.95
22591,538.0|223.9
22592,471.55|342.5
22593,469.6|237.05
22594,393.75|380.9
22595,369.15|276.85
22596,217.55|307.1
22597,250.45|409.8
22598,449.3|482.15
22599,422.4|521.6
22600,363.4|258.5
22601,354.15|447.55
22602,409.9|330.75
22603,220.6|377.3
22604,448.4|258.4
22605,578.55|287.45
22606,521.95|530.45
22607,454.3|447.55
22608,463.35|590.55
22609,545.65|351.25
22610,550.4|517.75
22611,583.15|546.65
22612,229.25|537.55
22613,453.85|333.4
22614,492.3|365.6
22615,528.8|419.1
22616,511.1|479.85
22617,579.25|367.1
22618,227.9|218.55
22619,469.6|280.3
22620,409.8|367.9
22621,572.0|457.35
22622,466.0|499.4
22623,378.05|562.35
22624,353.55|447.3
22625,351.2|432.15
22626,519.05|512.25
22627,545.0|383.05
22628,356.55|484.0
22629,481.2|348.75
22630,547.3|258.8
22631,455.85|509.6
22632,427.2|298.7
22633,293.15|525.75
22634,273.45|257.8
22635,433.55|459.05
22636,410.35|341.3
22637,451.85|568.75
22638,264.9|291.2
22639,235.75|233.2
22640,411.45|240.65
22641,234.8|485.4
22642,385.0|281.85
22643,405.4|476.4
22644,404.9|226.7
22645,271.5|252.5
22646,327.85|415.45
22647,224.85|261.65
22648,394.4|389.0
22649,469.95|258.0
22650,470.2|224.25
22651,446.15|443.15
22652,458.7|448.65
22653,465.95|388.4
22654,427.9|472.35
22655,445.15|514.65
22656,442.0|214.15
22657,280.9|491.4
22658,513.2|271.75
22659,559.25|460.9
22660,396.6|582.85
22661,250.0|339.3
22662,214.55|503.0
22663,245.3|363.4
22664,444.25|495.95
22665,387.9|593.6
22666,213.35|254.9
22667,583.6|408.5
22668,204.5|498.75
22669,402.0|574.9
22670,277.5|584.7
22671,502.2|475.9
22672,388.8|267.1
22673,557.95|307.55
22674,507.75|528.25
22675,551.25|574.1
22676,302.0|295.75
22677,377.85|239.4
22678,534.65|491.6
22679,364.35|362.45
22680,451.45|309.0
22681,361.85|334.4
22682,265.7|218.5
22683,379.5|416.6
22684,570.25|219.05
22685,550.95|284.05
22686,254.05|241.35
22687,313.3|405.35
22688,280.75|288.6
22689,593.0|500.35
22690,387.05|344.85
22691,556.35|548.75
22692,485.0|496.9
22693,575.5|320.7
22694,448.6|456.2
22695,253.95|398.3
22696,400.4|354.45
22697,208.0|457.55
22698,583.8|546.45
22699,374.45|228.7
22700,214.65|569.6
22701,535.3|258.5
22702,436.1|528.25
22703,559.6|470.15
22704,510.6|350.25
22705,382.9|224.3
22706,330.1|334.45
22707,433.75|412.65
22708,532.3|448.2
22709,547.9|425.35
22710,408.35|571.1
22711,548.1|236.65
22712,318.85|408.35
22713,454.25|496.75
22714,565.0|592.7
22715,290.2|235.45
22716,469.1|267.15
22717,554.3|317.5
22718,362.55|570.55
22719,388.75|402.6
22720,445.15|456.3
22721,482.55|344.15
22722,317.5|394.85
22723,542.4|449.6
22724,210.8|223.2
22725,295.0|438.55
22726,428.3|540.25
22727,380.4|472.6
22728,322.45|413.95
22729,378.5|573.35
22730,575.95|374.1
22731,238.45|475.4
22732,570.2|404.85
22733,532.0|585.6
22734,587.55|575.9
22735,275.1|278.55
22736,353.75|234.45
22737,446.15|306.35
22738,228.55|360.6
22739,369.9|281.9
22740,370.6|533.45
22741,228.8|479.5
22742,251.8|388.65
22743,249.45|305.05
22744,539.6|420.7
22745,469.0|295.25
22746,272.7|315.0
22747,406.8|471.3
22748,226.45|279.95
22749,410.7|306.9
22750,586.0|254.75
22751,227.1|258.7
22752,246.0|291.65
22753,270.45|378.9
22754,462.2|422.15
22755,263.3|563.0
22756,321.65|511.55
22757,331.8|362.95
22758,220.0|578.55
22759,219.15|240.1
22760,537.1|554.25
22761,219.95|588.75
22762,575.45|572.7
22763,281.6|469.7
22764,428.0|220.25
22765,408.2|540.75
22766,588.0|414.0
22767,345.85|516.55
22768,582.35|359.15
22769,474.45|520.5
22770,277.15|312.55
22771,539.15|537.95
22772,449.55|402.6
22773,451.9|243.4
22774,527.15|497.1
22775,253.0|484.65
22776,529.85|336.05
22777,498.75|245.7
22778,212.5|290.95
22779,444.9|548.8
22780,542.35|577.75
22781,425.75|310.6
22782,365.75|498.8
22783,452.0|228.05
22784,458.5|439.45
22785,344.25|313.35
22786,563.3|318.75
22787,330.95|574.45
22788,431.3|496.15
22789,588.1|388.9
22790,292.35|400.0
22791,246.2|227.75
22792,233.8|567.9
22793,256.15|412.4
22794,215.65|269.5
22795,385.3|239.1
22796,441.4|247.05
22797,236.55|508.05
22798,544.2|391.6
22799,395.95|591.2
22800,288.7|322.8
22801,348.95|459.1
22802,355.4|336.5
22803,542.2|338.9
22804,581.6|219.6
22805,472.95|264.3
22806,494.4|343.05
22807,559.75|590.85
22808,218.25|224.55
22809,350.3|446.65
22810,390.7|555.8
22811,348.75|504.7
22812,556.7|536.0
22813,333.15|418.05
22814,530.0|380.5
22815,232.1|380.4
22816,318.45|325.8
22817,428.8|529.05
22818,222.95|584.95
22819,381.8|360.7
22820,237.5|416.8
22821,352.55|549.4
22822,232.5|346.8
22823,216.3|505.5
22824,297.15|417.4
22825,214.1|280.95
22826,440.2|212.2
22827,346.2|504.25
22828,445.45|268.1
22829,472.4|476.45
22830,252.3|216.2
22831,411.1|470.3
22832,340.4|349.9
22833,407.65|319.25
22834,430.8|474.35
22835,344.15|359.1
22836,513.0|370.0
22837,451.45|451.9
22838,406.7|569.55
22839,476.35|215.9
22840,454.6|226.85
22841,414.35|451.35
22842,239.95|353.7
22843,225.15|476.05
22844,476.95|217.7
22845,473.4|385.05
22846,433.8|395.25
22847,281.75|435.0
22848,398.8|499.65
22849,352.4|516.45
22850,279.15|381.85
22851,287.95|334.15
22852,410.85|546.3
22853,529.95|434.65
22854,422.8|405.9
22855,275.0|527.3
22856,493.2|312.85
22857,265.0|347.35
22858,370.75|268.95
22859,466.0|302.05
22860,430.7|523.75
22861,353.7|589.15
22862,231.35|398.0
22863,456.4|585.7
22864,225.0|423.6
22865,321.95|332.55
22866,354.05|303.0
22867,221.45|224.55
22868,436.3|317.3
22869,374.2|240.8
22870,395.85|565.2
22871,379.45|228.85
22872,213.1|457.95
22873,261.85|235.0
22874,472.45|222.65
22875,376.85|487.25
22876,471.4|222.45
22877,359.5|480.95
22878,335.2|394.15
22879,237.8|326.45
22880,390.25|446.55
22881,405.85|208.85
22882,408.05|216.65
22883,274.4|325.6
22884,541.4|451.95
22885,536.0|321.9
22886,550.95|307.35
22887,447.15|585.6
22888,283.7|414.3
22889,386.6|393.35
22890,222.3|492.0
22891,355.25|319.6
22892,543.0|285.3
22893,445.15|452.9
22894,553.8|502.4
22895,353.15|560.05
22896,440.7|293.3
22897,570.3|242.1
22898,413.3|267.85
22899,536.35|488.8
22900,210.4|409.05
22901,361.6|565.55
22902,256.15|393.95
22903,409.3|225.9
22904,585.25|287.9
22905,587.45|578.8
22906,582.65|224.05
22907,269.4|390.0
22908,317.3|418.2
22909,402.4|525.95
22910,453.2|572.7
22911,344.5|263.55
22912,272.85|581.05
22913,591.9|389.3
22914,332.25|349.2
22915,440.55|363.5
22916,400.2|420.95
22917,485.55|261.0
22918,262.9|404.1
22919,396.9|551.8
22920,247.95|213.0
22921,248.3|379.25
22922,222.8|247.7
22923,288.35|530.95
22924,401.6|488.3
22925,354.6|436.65
22926,466.95|416.0
22927,427.9|551.4
22928,253.45|240.7
22929,422.2|248.6
22930,230.8|262.5
22931,445.7|434.85
22932,368.35|490.15
22933,478.8|219.7
22934,216.55|540.8
22935,419.15|337.45
22936,269.45|234.45
22937,409.7|390.25
22938,589.5|386.9
22939,374.4|489.85
22940,220.65|408.25
22941,524.4|424.9
22942,211.25|352.1
22943,220.95|232.35
22944,586.0|374.05
22945,417.35|269.65
22946,561.45|556.55
22947,208.1|496.15
22948,577.9|388.7
22949,457.65|394.8
22950,333.85|467.85
22951,381.75|481.35
22952,258.4|562.6
22953,412.6|481.7
22954,282.7|258.8
22955,244.6|357.95
22956,466.55|219.3
22957,227.6|448.95
22958,284.05|448.45
22959,342.5|581.0
22960,244.85|503.8
22961,414.85|307.05
22962,352.1|596.6
22963,410.45|363.65
22964,213.95|273.8
22965,589.9|583.4
22966,373.3|418.5
22967,528.8|543.9
22968,403.15|333.1
22969,375.65|278.2
22970,353.95|594.3
22971,219.55|232.9
22972,448.1|510.35
22973,580.25|446.0
22974,401.3|322.8
22975,407.4|557.75
22976,302.4|323.3
22977,405.5|254.5
22978,225.85|564.05
22979,249.3|557.8
22980,305.3|378.7
22981,401.25|394.7
22982,366.65|287.85
22983,579.3|257.65
22984,218.3|219.3
22985,398.8|281.55
22986,465.25|375.05
22987,546.95|337.45
22988,284.55|529.5
22989,561.7|235.35
22990,303.7|301.35
22991,324.95|388.85
22992,303.6|303.9
22993,583.85|559.05
22994,286.55|332.4
22995,436.9|400.6
22996,385.45|591.0
22997,267.7|416.45
22998,379.55|274.1
22999,267.1|281.4
23000,351.25|466.3
23001,399.8|575.55
23002,232.2|266.95
23003,323.8|399.05
23004,585.6|508.9
23005,408.0|251.1
23006,577.6|519.0
23007,236.7|583.1
23008,437.45|581.5
23009,532.1|434.0
23010,571.5|314.15
23011,256.4|443.0
23012,517.1|486.3
23013,277.25|268.45
23014,276.85|355.45
23015,489.8|514.8
23016,451.1|348.45
23017,215.8|474.75
23018,362.45|223.05
23019,565.9|438.2
23020,536.45|571.4
23021,571.3|447.8
23022,402.15|594.7
23023,430.65|268.2
23024,462.35|575.35
23025,342.55|378.35
23026,340.45|549.45
23027,386.15|280.7
23028,226.35|564.85
23029,258.4|588.45
23030,491.95|512.35
23031,374.95|473.85
23032,399.05|594.5
23033,548.2|476.0
23034,407.5|375.6
23035,282.7|315.2
23036,591.45|405.7
23037,472.15|492.55
23038,587.2|349.3
23039,384.05|499.5
23040,356.85|280.6
23041,390.55|581.8
23042,557.0|231.6
23043,429.6|503.55
23044,408.15|552.75
23045,338.9|414.0
23046,237.55|417.25
23047,212.05|499.5
23048,431.75|257.9
23049,235.9|589.05
23050,397.1|294.85
23051,225.0|225.3
23052,564.85|264.15
23053,424.2|577.9
23054,406.35|434.45
23055,434.45|246.05
23056,548.1|254.5
23057,370.2|217.2
23058,426.5|215.0
23059,221.45|588.65
23060,571.7|280.95
23061,431.5|502.15
23062,589.45|212.1
23063,569.25|408.75
23064,466.15|535.85
23065,465.05|492.35
23066,212.35|242.35
23067,556.9|564.55
23068,533.45|434.5
23069,557.4|444.95
23070,588.5|282.8
23071,379.4|469.1
23072,563.75|474.4
23073,543.45|509.8
23074,591.2|214.6
23075,478.5|505.0
23076,433.45|399.8
23077,382.6|215.4
23078,264.15|439.6
23079,587.75|482.9
23080,227.9|412.8
23081,347.1|563.4
23082,539.65|575.7
23083,531.15|536.4
23084,429.9|299.8
23085,405.5|418.7
23086,338.75|411.85
23087,270.4|351.2
23088,385.1|437.95
23089,263.6|450.8
23090,440.3|455.5
23091,248.15|361.95
23092,255.95|328.2
23093,455.7|508.6
23094,238.5|552.45
23095,583.4|423.7
23096,566.2|298.55
23097,281.15|536.1
23098,391.15|568.85
23099,232.6|543.35
23100,285.1|412.0
23101,332.55|361.8
23102,595.0|418.85
23103,540.85|295.35
23104,264.35|211.5
23105,403.1|561.4
23106,527.05|392.9
23107,474.35|343.55
23108,234.85|407.0
23109,449.35|477.75
23110,364.55|339.0
23111,418.2|437.85
23112,238.05|230.25
23113,216.9|311.45
23114,245.55|407.45
23115,406.0|211.0
23116,455.4|350.0
23117,574.25|395.75
23118,344.1|330.4
23119,570.0|233.8
23120,234.5|373.1
23121,357.05|467.2
23122,462.0|334.2
23123,340.7|332.65
23124,243.4|552.75
23125,279.2|353.45
23126,496.5|456.25
23127,260.35|285.85
23128,324.55|236.0
23129,385.7|324.95
23130,400.95|465.65
23131,458.0|238.5
23132,274.45|274.25
23133,405.3|343.8
23134,259.45|217.3
23135,562.5|582.1
23136,233.0|226.85
23137,587.25|592.95
23138,404.35|242.45
23139,356.1|203.4
23140,286.2|468.0
23141,553.0|289.5
23142,222.05|362.75
23143,399.65|236.0
23144,577.5|372.15
23145,537.5|432.9
23146,265.2|355.0
23147,386.05|274.25
23148,370.0|382.8
23149,554.0|299.1
23150,391.25|321.3
23151,437.9|590.7
23152,534.5|423.3
23153,320.85|549.45
23154,281.0|443.8
23155,567.3|413.65
23156,529.55|329.35
23157,400.0|587.55
23158,274.75|429.2
23159,531.6|459.55
23160,411.25|430.25
23161,414.4|560.4
23162,410.8|557.35
23163,359.35|573.65
23164,585.1|375.6
23165,387.7|231.95
23166,381.25|376.85
23167,217.45|305.8
23168,345.0|595.2
23169,271.8|360.25
23170,285.6|527.25
23171,241.5|424.45
23172,567.9|402.7
23173,557.6|576.35
23174,366.65|347.05
23175,283.1|275.05
23176,227.4|533.1
23177,297.05|452.95
23178,529.25|439.4
23179,374.95|500.75
23180,589.1|557.8
23181,417.55|365.0
23182,590.5|417.05
23183,541.5|283.65
23184,425.3|290.45
23185,588.45|374.0
23186,229.2|462.15
23187,430.05|436.85
23188,554.7|433.6
23189,342.15|424.7
23190,548.95|530.3
23191,359.5|446.85
23192,454.5|505.85
23193,248.85|490.6
23194,425.15|240.9
23195,226.35|358.95
23196,460.9|385.25
23197,429.25|226.35
23198,479.85|279.35
23199,213.35|319.1
23200,210.35|527.3
23201,212.4|330.85
23202,528.75|570.8
23203,577.15|442.8
23204,472.25|258.85
23205,252.95|394.75
23206,475.55|453.85
23207,351.15|443.2
23208,319.8|373.15
23209,273.75|210.0
23210,293.5|423.1
23211,408.9|399.35
23212,461.25|377.4
23213,332.0|256.4
23214,462.5|239.6
23215,554.35|542.55
23216,276.9|373.1
23217,489.1|230.95
23218,228.15|516.85
23219,243.3|578.35
23220,273.45|238.7
23221,524.1|469.45
23222,441.2|463.9
23223,588.25|229.3
23224,367.8|207.05
23225,445.75|480.55
23226,550.35|299.6
23227,457.9|406.8
23228,254.95|562.5
23229,414.95|374.95
23230,583.8|484.0
23231,298.65|339.05
23232,410.55|304.4
23233,590.8|486.1
23234,571.65|389.4
23235,397.3|223.5
23236,230.55|299.95
23237,269.95|589.25
23238,520.5|323.3
23239,283.25|460.25
23240,254.15|566.2
23241,578.5|302.4
23242,342.1|579.65
23243,372.4|566.5
23244,502.75|441.0
23245,367.75|436.55
23246,470.45|253.95
23247,529.2|452.95
23248,416.9|589.1
23249,427.45|333.7
23250,370.75|510.4
23251,203.65|499.3
23252,301.4|524.55
23253,564.1|551.3
23254,557.1|505.55
23255,402.2|545.25
23256,228.9|581.45
23257,367.75|278.4
23258,348.6|368.2
23259,435.4|325.4
23260,282.8|360.25
23261,471.2|454.7
23262,427.95|495.35
23263,503.85|388.9
23264,426.35|419.65
23265,436.65|524.45
23266,275.3|276.3
23267,319.8|256.85
23268,569.9|468.25
23269,246.55|414.6
23270,252.65|294.85
23271,354.0|306.3
23272,239.8|531.75
23273,243.65|249.15
23274,297.3|295.7
23275,345.25|318.4
23276,581.4|400.3
23277,477.65|506.95
23278,286.8|318.15
23279,543.4|290.55
23280,570.15|316.4
23281,575.6|263.55
23282,359.35|213.5
23283,415.3|461.15
23284,424.15|312.1
23285,205.45|587.35
23286,451.8|449.85
23287,469.65|517.5
23288,534.7|423.25
23289,546.45|296.05
23290,585.0|404.55
23291,569.8|259.9
23292,250.85|584.0
23293,461.25|556.55
23294,258.45|279.65
23295,441.5|418.5
23296,566.9|395.8
23297,394.8|476.0
23298,285.95|479.75
23299,256.05|323.0
23300,399.1|370.2
23301,223.65|582.6
23302,531.25|443.0
23303,585.25|590.15
23304,393.9|338.1
23305,579.35|335.0
23306,256.75|256.15
23307,537.85|446.5
23308,343.4|578.8
23309,235.2|501.2
23310,355.2|225.15
23311,557.95|450.95
23312,459.35|512.5
23313,344.55|370.5
23314,281.8|427.65
23315,422.9|248.1
23316,323.0|254.6
23317,406.75|305.6
23318,414.85|488.15
23319,209.45|586.8
23320,414.7|434.65
23321,471.9|311.8
23322,561.2|327.0
23323,466.0|269.1
23324,384.25|220.0
23325,227.85|240.7
23326,561.05|253.35
23327,420.05|221.3
23328,272.7|494.4
23329,572.3|288.25
23330,348.1|240.7
23331,571.65|229.0
23332,389.85|594.85
23333,565.75|480.65
23334,467.55|220.8
23335,412.95|390.95
23336,252.95|224.35
23337,225.75|506.0
23338,545.0|285.05
23339,572.45|460.3
23340,479.75|343.9
23341,242.65|494.8
23342,349.65|550.55
23343,289.7|431.35
23344,476.35|476.45
23345,543.9|489.45
23346,478.45|428.45
23347,432.3|258.7
23348,403.9|254.85
23349,385.9|211.45
23350,378.15|284.65
23351,224.6|319.3
23352,488.85|506.4
23353,584.25|286.95
23354,565.4|450.45
23355,399.9|346.05
23356,211.75|590.95
23357,286.75|418.05
23358,574.1|298.6
23359,275.7|388.5
23360,259.1|573.35
23361,228.95|503.8
23362,251.5|263.65
23363,455.15|299.5
23364,263.75|556.05
23365,466.85|435.95
23366,512.95|457.8
23367,329.9|280.35
23368,301.7|339.05
23369,410.0|447.1
23370,361.6|248.6
23371,417.0|587.05
23372,558.05|321.95
23373,457.2|322.25
23374,435.45|327.3
23375,565.2|479.7
23376,240.45|410.95
23377,342.2|250.45
23378,260.5|565.0
23379,592.2|545.35
23380,211.95|556.8
23381,475.1|377.3
23382,408.3|360.3
23383,246.9|365.3
23384,536.55|443.1
23385,370.15|504.45
23386,224.5|590.55
23387,241.2|249.1
23388,545.9|553.75
23389,553.15|332.2
23390,419.5|518.55
23391,477.3|524.8
23392,223.1|260.35
23393,270.5|412.95
23394,439.9|481.5
23395,362.4|338.1
23396,564.6|465.95
23397,390.35|208.95
23398,366.35|446.65
23399,451.85|242.95
23400,303.55|421.85
23401,247.75|363.75
23402,351.4|252.75
23403,382.4|338.25
23404,560.0|434.8
23405,408.5|343.95
23406,216.8|257.4
23407,252.95|246.45
23408,300.0|432.35
23409,382.65|364.05
23410,583.85|443.85
23411,533.5|526.1
23412,355.9|211.3
23413,536.35|516.25
23414,261.65|387.95
23415,301.2|397.0
23416,546.75|230.25
23417,464.5|537.25
23418,458.5|499.0
23419,318.9|355.1
23420,352.1|504.75
23421,592.7|416.5
23422,420.75|221.0
23423,210.1|334.3
23424,260.9|346.8
23425,362.65|332.45
23426,399.0|449.95
23427,216.0|221.55
23428,461.15|502.4
23429,430.6|582.2
23430,522.9|334.4
23431,239.6|485.7
23432,396.9|378.75
23433,339.3|402.65
23434,460.1|422.45
23435,240.4|254.6
23436,237.35|544.35
23437,230.15|259.7
23438,561.0|282.0
23439,278.5|494.2
23440,295.6|375.3
23441,273.35|259.95
23442,480.05|386.95
23443,393.1|306.65
23444,287.3|533.05
23445,212.8|552.8
23446,288.7|428.05
23447,433.65|309.35
23448,422.25|378.95
23449,526.25|428.9
23450,447.55|240.25
23451,339.4|253.2
23452,354.65|448.75
23453,558.0|301.85
23454,243.75|342.3
23455,578.2|395.1
23456,476.75|503.45
23457,588.7|423.5
23458,291.95|563.9
23459,559.7|495.2
23460,460.2|259.4
23461,580.0|345.5
23462,369.7|479.9
23463,553.65|518.1
23464,348.25|348.6
23465,356.05|393.0
23466,554.15|541.7
23467,565.75|554.3
23468,520.45|410.55
23469,470.65|219.25
23470,290.2|412.55
23471,318.95|451.7
23472,305.15|364.55
23473,215.0|310.3
23474,277.0|473.45
23475,475.3|211.7
23476,415.6|544.35
23477,429.95|467.3
23478,277.2|538.95
23479,382.55|595.2
23480,323.55|354.3
23481,581.25|446.3
23482,227.1|378.6
23483,377.0|485.6
23484,376.15|272.8
23485,334.85|349.75
23486,544.6|576.35
23487,338.8|262.05
23488,456.8|394.4
23489,549.2|307.35
23490,251.2|253.7
23491,483.0|494.55
23492,513.45|295.85
23493,271.25|408.9
23494,490.85|466.05
23495,406.1|384.3
23496,277.55|554.5
23497,238.0|276.55
23498,223.65|372.85
23499,250.85|529.15
23500,536.6|430.3
23501,394.9|328.15
23502,548.05|387.55
23503,348.4|442.75
23504,275.1|316.35
23505,320.8|334.35
23506,233.35|510.5
23507,381.35|564.8
23508,344.7|443.9
23509,429.65|547.05
23510,575.1|453.0
23511,214.65|501.0
23512,222.75|309.85
23513,393.15|567.45
23514,371.45|337.0
23515,410.9|392.95
23516,234.2|242.25
23517,429.9|582.1
23518,223.25|408.65
23519,253.15|363.25
23520,349.05|386.4
23521,338.25|571.8
23522,447.55|213.85
23523,293.15|409.5
23524,562.15|513.4
23525,384.05|487.4
23526,273.7|257.9
23527,319.9|341.4
23528,267.7|276.05
23529,269.95|292.2
23530,277.45|587.25
23531,238.95|560.15
23532,332.3|234.9
23533,251.65|272.25
23534,556.65|286.65
23535,428.15|446.05
23536,374.55|403.8
23537,257.0|494.35
23538,520.35|244.0
23539,249.4|400.85
23540,415.05|345.05
23541,410.8|529.65
23542,362.45|335.55
23543,339.5|515.75
23544,237.9|525.6
23545,391.1|451.6
23546,357.55|299.15
23547,225.75|236.05
23548,220.4|229.4
23549,410.2|337.75
23550,572.5|455.85
23551,224.75|528.05
23552,448.1|454.45
23553,570.95|444.9
23554,452.05|269.9
23555,390.35|268.4
23556,374.85|250.5
23557,379.5|356.8
23558,244.55|388.2
23559,483.5|318.25
23560,367.5|273.45
23561,280.9|585.55
23562,275.75|492.3
23563,293.1|418.7
23564,361.95|251.55
23565,393.4|263.35
23566,551.55|519.55
23567,574.25|228.8
23568,591.65|362.2
23569,450.6|455.8
23570,396.5|566.8
23571,362.9|446.15
23572,276.45|545.0
23573,286.55|362.45
23574,215.3|490.9
23575,402.55|568.25
23576,263.3|234.75
23577,576.15|294.5
23578,211.25|241.05
23579,429.05|224.5
23580,293.0|335.15
23581,340.65|562.45
23582,232.85|218.2
23583,523.65|531.35
23584,323.15|369.1
23585,245.5|361.45
23586,264.95|450.15
23587,465.1|220.45
23588,242.95|293.5
23589,474.7|340.85
23590,287.05|403.8
23591,452.45|246.2
23592,386.05|211.3
23593,354.6|435.6
23594,264.05|335.35
23595,565.7|507.2
23596,381.85|351.45
23597,255.4|343.15
23598,296.4|540.25
23599,251.85|383.15
23600,286.5|369.3
23601,388.2|592.8
23602,459.2|353.3
23603,406.1|541.95
23604,255.3|304.35
23605,300.9|337.15
23606,375.75|256.3
23607,589.0|357.85
23608,473.55|375.0
23609,446.65|591.85
23610,399.8|465.75
23611,357.65|588.0
23612,224.3|396.55
23613,384.55|550.6
23614,573.9|484.5
23615,473.2|462.4
23616,225.95|411.95
23617,380.6|592.1
23618,272.55|586.65
23619,356.4|558.7
23620,444.65|392.1
23621,222.95|247.65
23622,583.6|216.9
23623,424.85|577.8
23624,401.85|246.7
23625,495.5|235.45
23626,214.2|467.0
23627,464.4|246.05
23628,261.95|367.05
23629,214.3|230.5
23630,518.45|503.55
23631,242.6|259.85
23632,569.4|368.95
23633,524.95|539.3
23634,306.2|553.35
23635,509.1|457.9
23636,552.7|316.1
23637,466.95|382.9
23638,473.65|480.7
23639,254.35|389.35
23640,473.95|246.15
23641,263.85|476.35
23642,574.3|412.15
23643,305.5|322.85
23644,259.8|256.9
23645,212.55|378.15
23646,266.3|504.55
23647,293.1|529.95
23648,222.85|497.05
23649,529.1|453.85
23650,213.45|474.95
23651,369.05|215.5
23652,292.5|570.55
23653,251.4|472.95
23654,384.9|354.8
23655,563.0|239.45
23656,450.95|424.35
23657,358.45|536.35
23658,409.9|504.75
23659,571.25|508.05
23660,564.15|250.4
23661,424.9|388.6
23662,363.0|585.5
23663,246.75|385.05
23664,230.9|289.7
23665,434.7|306.4
23666,556.9|323.75
23667,477.45|314.55
23668,543.2|337.55
23669,236.35|272.15
23670,346.05|556.6
23671,206.65|540.25
23672,371.65|312.25
23673,542.8|298.7
23674,407.5|494.4
23675,362.15|493.05
23676,351.1|539.5
23677,517.55|555.3
23678,591.75|283.85
23679,208.0|588.0
23680,410.2|298.0
23681,354.9|461.35
23682,250.5|282.5
23683,211.35|567.05
23684,568.55|378.2
23685,213.65|474.35
23686,223.6|397.85
23687,448.8|443.95
23688,437.05|257.5
23689,591.45|405.95
23690,453.8|381.25
23691,524.0|537.65
23692,366.8|349.35
23693,464.95|348.2
23694,210.0|462.05
23695,525.25|538.4
23696,243.95|301.6
23697,483.9|345.85
23698,568.0|293.55
23699,445.65|391.45
23700,452.2|559.7
23701,472.35|397.6
23702,251.9|303.7
23703,436.15|235.95
23704,561.15|401.4
23705,206.45|461.45
23706,575.65|338.0
23707,474.15|456.4
23708,585.7|584.45
23709,405.8|574.25
23710,430.45|579.1
23711,218.2|241.15
23712,588.45|489.95
23713,251.1|246.35
23714,235.15|463.55
23715,249.65|466.55
23716,244.55|231.5
23717,210.45|400.8
23718,412.15|326.5
23719,353.0|592.2
23720,446.8|394.45
23721,437.6|547.1
23722,455.4|493.65
23723,349.95|234.7
23724,409.65|454.0
23725,217.65|308.8
23726,448.7|507.95
23727,266.15|543.05
23728,243.95|513.15
23729,544.95|552.1
23730,583.35|355.25
23731,481.8|457.6
23732,501.75|439.5
23733,480.7|271.1
23734,550.95|536.65
23735,593.95|479.05
23736,585.05|212.3
23737,435.3|266.8
23738,525.8|348.6
23739,471.2|494.25
23740,592.55|486.65
23741,429.85|379.65
23742,537.5|312.45
23743,230.5|470.8
23744,444.85|534.4
23745,457.05|236.05
23746,445.45|561.75
23747,476.45|509.75
23748,581.95|514.1
23749,287.35|411.5
23750,401.7|513.35
23751,538.95|314.7
23752,520.75|413.7
23753,356.65|449.85
23754,402.4|415.05
23755,476.75|251.05
23756,284.9|417.85
23757,286.45|525.95
23758,329.5|347.3
23759,539.45|518.75
23760,402.15|469.45
23761,433.35|222.55
23762,238.65|416.7
23763,262.4|220.55
23764,387.5|487.2
23765,256.65|212.0
23766,280.6|455.1
23767,441.95|426.7
23768,543.2|557.1
23769,248.65|226.85
23770,241.15|482.5
23771,342.1|307.5
23772,479.8|228.2
23773,568.45|438.25
23774,526.4|550.5
23775,360.55|527.55
23776,271.8|567.65
23777,400.7|546.9
23778,583.85|385.0
23779,468.4|384.3
23780,314.15|527.1
23781,246.15|252.4
23782,526.15|501.45
23783,459.35|509.0
23784,448.6|431.35
23785,545.25|299.2
23786,498.5|224.15
23787,579.25|458.35
23788,281.05|295.8
23789,266.1|234.95
23790,562.05|281.6
23791,462.7|471.9
23792,414.45|225.2
23793,233.4|571.4
23794,270.35|586.5
23795,209.75|586.3
23796,411.05|521.65
23797,359.1|395.45
23798,530.05|485.7
23799,423.85|539.05
23800,257.15|236.0
23801,323.75|552.25
23802,586.9|377.7
23803,349.35|434.5
23804,538.55|442.7
23805,380.95|217.45
23806,396.65|205.25
23807,441.8|319.65
23808,579.25|522.75
23809,311.6|218.55
23810,519.6|536.45
23811,397.75|338.5
23812,249.4|209.65
23813,549.15|237.95
23814,469.5|358.4
23815,410.9|471.3
23816,586.95|518.9
23817,361.6|584.6
23818,322.7|581.0
23819,563.6|548.2
23820,459.3|502.1
23821,529.85|501.0
23822,212.1|292.65
23823,561.35|354.4
23824,242.85|334.05
23825,421.5|586.7
23826,231.2|526.3
23827,465.9|361.35
23828,581.85|390.9
23829,535.95|345.55
23830,281.15|233.15
23831,474.55|497.4
23832,488.0|423.5
23833,556.35|431.9
23834,210.25|535.05
23835,460.65|552.85
23836,228.4|381.45
23837,441.65|416.75
23838,441.05|539.0
23839,267.95|368.3
23840,404.15|565.8
23841,229.2|260.45
23842,220.55|585.45
23843,402.35|335.0
23844,222.5|406.65
23845,560.0|581.95
23846,213.75|588.1
23847,418.5|257.1
23848,337.2|406.4
23849,216.4|527.45
23850,223.6|238.8
23851,285.8|347.1
23852,359.95|287.95
23853,592.7|276.85
23854,224.6|456.6
23855,286.1|448.75
23856,565.75|522.45
23857,445.55|295.25
23858,341.75|556.55
23859,587.2|384.6
23860,256.2|527.45
23861,473.3|581.05
23862,337.85|211.45
23863,528.5|520.9
23864,237.5|460.7
23865,583.7|295.8
23866,220.85|578.55
23867,228.3|586.85
23868,471.9|515.8
23869,232.65|397.75
23870,559.2|507.45
23871,533.55|503.3
23872,436.85|404.7
23873,575.25|289.8
23874,229.05|537.85
23875,501.9|502.05
23876,510.55|466.3
23877,472.05|278.05
23878,393.6|312.25
23879,569.5|477.4
23880,521.45|440.05
23881,243.5|478.2
23882,285.55|438.4
23883,582.4|312.85
23884,566.8|455.7
23885,281.85|320.35
23886,262.05|535.25
23887,453.25|460.6
23888,545.95|548.0
23889,234.55|284.4
23890,236.65|566.8
23891,209.0|584.45
23892,473.35|342.35
23893,245.15|556.3
23894,454.75|317.2
23895,563.35|346.7
23896,247.4|435.35
23897,398.65|295.75
23898,379.85|463.9
23899,214.05|228.45
23900,482.5|338.7
23901,410.15|548.7
23902,436.85|397.4
23903,577.25|435.2
23904,570.55|519.55
23905,290.0|425.35
23906,215.4|573.55
23907,543.35|222.65
23908,484.0|225.8
23909,277.9|321.4
23910,234.95|351.4
23911,258.2|294.0
23912,467.65|385.25
23913,348.6|478.3
23914,275.65|330.55
23915,231.05|562.9
23916,354.95|450.55
23917,472.25|312.45
23918,262.6|264.6
23919,412.6|443.2
23920,594.5|571.85
23921,397.45|296.8
23922,446.3|381.2
23923,209.95|532.2
23924,289.05|556.4
23925,325.85|425.8
23926,535.35|585.75
23927,449.25|481.9
23928,366.75|405.5
23929,556.8|552.25
23930,239.7|253.9
23931,322.7|404.3
23932,245.7|575.6
23933,237.55|238.7
23934,381.0|279.35
23935,478.75|258.35
23936,236.3|386.9
23937,392.55|331.9
23938,224.8|326.8
23939,268.05|349.25
23940,377.65|562.9
23941,222.65|412.25
23942,247.75|431.05
23943,482.35|537.3
23944,497.25|241.3
23945,218.25|406.6
23946,383.9|582.7
23947,494.65|280.6
23948,229.4|238.6
23949,368.6|478.25
23950,434.35|565.3
23951,354.6|410.0
23952,567.5|222.0
23953,254.2|428.45
23954,217.25|400.5
23955,532.7|347.2
23956,543.25|235.3
23957,400.5|565.15
23958,312.9|326.3
23959,274.3|307.7
23960,273.0|321.25
23961,401.45|451.85
23962,251.75|217.25
23963,553.5|555.3
23964,289.4|431.7
23965,335.95|529.1
23966,540.6|589.3
23967,286.0|464.55
23968,577.15|509.35
23969,215.2|590.45
23970,368.65|588.85
23971,418.65|451.5
23972,270.8|368.8
23973,219.75|470.95
23974,375.85|223.1
23975,382.95|214.55
23976,550.6|299.9
23977,458.4|484.2
23978,219.2|344.35
23979,237.05|448.5
23980,208.5|382.25
23981,578.7|357.6
23982,587.15|506.1
23983,590.6|414.7
23984,409.8|292.1
23985,418.75|487.8
23986,465.85|219.65
23987,209.55|548.3
23988,215.0|468.45
23989,414.7|414.65
23990,280.8|428.4
23991,489.25|255.6
23992,229.55|291.95
23993,298.5|357.25
23994,260.75|493.0
23995,426.1|592.1
23996,406.5|593.55
23997,281.9|483.15
23998,499.25|462.55
23999,516.25|443.8
24000,398.65|476.05
24001,431.55|498.7
24002,260.35|556.85
24003,256.9|591.95
24004,457.05|318.65
24005,246.05|288.85
24006,485.55|234.05
24007,364.05|512.95
24008,423.5|217.25
24009,454.35|456.65
24010,458.0|440.15
24011,457.35|513.95
24012,270.95|298.05
24013,585.7|358.1
24014,375.75|566.0
24015,449.3|387.3
24016,590.0|359.15
24017,372.1|253.45
24018,545.75|555.25
24019,279.15|283.8
24020,284.95|487.25
24021,414.85|282.05
24022,267.6|323.85
24023,355.55|542.05
24024,438.05|494.05
24025,559.8|451.4
24026,389.45|446.85
24027,213.2|487.65
24028,266.5|288.25
24029,415.0|316.7
24030,324.8|549.2
24031,338.35|340.3
24032,585.0|398.25
24033,334.15|503.3
24034,520.75|571.85
24035,296.85|314.15
24036,397.95|501.05
24037,438.85|592.95
24038,507.5|494.9
24039,556.1|531.35
24040,584.85|483.4
24041,398.95|566.3
24042,320.95|344.4
24043,545.45|247.65
24044,455.85|463.55
24045,487.5|516.6
24046,238.85|331.35
24047,559.95|374.8
24048,341.1|553.25
24049,423.6|362.9
24050,428.5|484.6
24051,270.0|438.05
24052,408.55|457.4
24053,419.4|468.05
24054,408.35|385.1
24055,319.35|314.9
24056,419.85|428.75
24057,404.05|565.25
24058,507.95|475.7
24059,534.45|295.6
24060,338.65|429.0
24061,385.0|320.15
24062,360.05|334.45
24063,361.65|394.55
24064,572.85|449.8
24065,289.95|409.25
24066,542.15|352.45
24067,450.2|305.45
24068,403.3|254.8
24069,460.8|256.85
24070,475.15|458.95
24071,473.3|275.05
24072,227.7|589.95
24073,352.25|333.9
24074,385.45|582.25
24075,473.25|322.75
24076,512.7|493.9
24077,270.75|472.15
24078,462.1|503.3
24079,275.6|333.65
24080,525.65|440.1
24081,476.05|279.35
24082,281.65|222.05
24083,563.25|230.4
24084,572.05|416.6
24085,483.9|277.7
24086,594.1|576.75
24087,589.45|568.85
24088,329.55|466.7
24089,473.6|469.2
24090,552.8|437.85
24091,548.9|470.6
24092,336.2|512.5
24093,385.6|469.95
24094,295.9|535.15
24095,292.1|471.9
24096,466.3|571.45
24097,408.45|496.05
24098,245.5|496.35
24099,320.0|370.6
24100,402.5|244.65
24101,580.95|419.35
24102,411.75|458.05
24103,209.95|296.8
24104,477.45|388.05
24105,399.6|248.0
24106,378.95|368.9
24107,535.95|451.15
24108,338.05|332.95
24109,303.35|360.6
24110,350.6|406.6
24111,568.0|500.85
24112,385.1|249.4
24113,293.45|459.0
24114,558.85|394.3
24115,453.2|480.3
24116,369.35|337.25
24117,288.3|434.5
24118,435.0|376.45
24119,550.2|588.95
24120,415.75|467.3
24121,395.6|573.5
24122,574.8|219.7
24123,406.65|432.65
24124,292.1|475.65
24125,322.65|343.65
24126,561.4|584.8
24127,570.45|278.05
24128,533.9|335.95
24129,400.4|301.1
24130,251.15|477.95
24131,221.75|408.2
24132,406.75|427.5
24133,562.2|295.8
24134,253.05|423.5
24135,535.35|342.75
24136,395.8|213.1
24137,414.45|212.15
24138,590.05|358.15
24139,432.25|456.45
24140,584.15|417.25
24141,252.95|434.65
24142,451.9|463.75
24143,581.55|438.65
24144,225.45|332.25
24145,255.75|404.6
24146,261.35|458.25
24147,243.5|210.8
24148,364.35|510.0
24149,403.7|568.5
24150,590.35|574.65
24151,343.9|388.4
24152,323.95|370.5
24153,276.2|461.6
24154,286.7|453.1
24155,564.85|566.9
24156,431.0|450.45
24157,225.8|489.5
24158,560.75|476.35
24159,208.6|467.05
24160,454.8|229.55
24161,341.0|336.05
24162,280.95|429.9
24163,530.6|348.4
24164,236.75|487.25
24165,455.35|587.25
24166,591.95|545.1
24167,476.65|241.55
24168,244.05|304.95
24169,584.7|397.65
24170,513.2|455.55
24171,354.9|430.7
24172,561.9|487.35
24173,406.9|465.65
24174,427.9|301.55
24175,351.45|390.25
24176,209.3|500.45
24177,305.8|475.25
24178,237.0|501.9
24179,215.8|294.1
24180,557.35|586.9
24181,476.25|530.95
24182,258.5|563.85
24183,464.35|461.95
24184,228.8|403.8
24185,308.6|379.05
24186,590.25|563.05
24187,573.8|410.25
24188,222.6|473.35
24189,576.4|247.85
24190,349.0|490.1
24191,475.4|463.25
24192,446.1|470.95
24193,441.45|579.45
24194,580.65|569.1
24195,321.6|423.2
24196,435.4|391.9
24197,525.2|439.8
24198,593.75|362.75
24199,397.8|351.7
24200,205.6|541.95
24201,556.4|457.95
24202,542.25|524.1
24203,304.7|342.95
24204,482.95|226.25
24205,281.65|592.85
24206,344.35|224.05
24207,301.4|369.95
24208,413.55|205.35
24209,403.55|309.2
24210,554.85|304.7
24211,471.05|431.2
24212,562.65|337.55
24213,371.55|468.55
24214,551.7|287.55
24215,447.1|363.15
24216,437.2|430.35
24217,236.3|438.3
24218,250.4|480.4
24219,211.75|578.75
24220,446.7|373.4
24221,554.5|218.55
24222,233.55|578.1
24223,339.55|293.9
24224,477.8|431.05
24225,224.1|210.5
24226,404.8|530.55
24227,468.4|479.05
24228,272.1|234.3
24229,260.85|270.85
24230,454.55|339.2
24231,593.25|559.95
24232,467.05|519.6
24233,273.35|593.75
24234,474.6|383.25
24235,308.1|392.9
24236,430.2|330.15
24237,437.8|566.1
24238,236.65|357.6
24239,590.5|405.8
24240,288.15|336.0
24241,465.7|375.5
24242,209.75|496.5
24243,319.65|401.25
24244,218.55|419.1
24245,291.75|458.05
24246,337.4|416.0
24247,273.95|249.55
24248,533.3|443.55
24249,338.3|345.95
24250,272.25|349.0
24251,213.5|271.85
24252,271.35|336.15
24253,343.3|330.55
24254,390.65|402.15
24255,224.7|365.75
24256,588.4|265.7
24257,227.35|386.45
24258,540.45|530.15
24259,444.0|398.0
24260,435.6|497.7
24261,570.45|230.75
24262,215.55|477.15
24263,542.35|246.7
24264,212.6|311.05
24265,245.3|212.65
24266,588.75|545.9
24267,543.55|285.1
24268,336.75|218.35
24269,547.55|584.55
24270,366.6|463.55
24271,246.45|216.7
24272,369.65|514.65
24273,568.4|308.75
24274,249.75|208.7
24275,286.85|486.35
24276,344.25|316.65
24277,402.15|273.15
24278,520.05|464.45
24279,546.3|261.95
24280,409.4|494.25
24281,332.85|216.4
24282,328.45|553.45
24283,272.65|427.95
24284,223.5|476.7
24285,576.4|496.05
24286,404.7|503.15
24287,576.05|382.8
24288,448.35|413.0
24289,212.5|390.45
24290,396.15|286.15
24291,446.1|380.0
24292,390.15|473.05
24293,545.95|268.35
24294,453.6|538.8
24295,281.5|387.95
24296,263.35|419.9
24297,238.25|301.15
24298,544.8|539.1
24299,395.25|250.9
24300,237.7|528.15
24301,566.15|464.5
24302,227.2|485.45
24303,560.5|424.05
24304,585.85|512.4
24305,268.1|538.0
24306,430.0|393.85
24307,472.45|319.3
24308,260.35|543.25
24309,415.55|325.95
24310,231.5|562.15
24311,560.3|236.05
24312,417.9|387.7
24313,577.8|497.45
24314,276.85|265.85
24315,272.15|442.8
24316,467.45|351.15
24317,237.8|232.4
24318,248.65|495.25
24319,363.85|334.0
24320,395.25|563.75
24321,336.1|548.35
24322,414.85|379.3
24323,464.9|256.1
24324,481.15|510.3
24325,210.75|584.45
24326,538.6|324.25
24327,391.4|298.15
24328,245.95|299.05
24329,392.25|474.5
24330,253.45|516.8
24331,374.25|227.65
24332,435.6|503.2
24333,203.05|525.05
24334,591.15|263.85
24335,470.1|217.2
24336,351.2|258.8
24337,251.7|584.7
24338,476.05|307.65
24339,487.1|286.1
24340,549.55|363.55
24341,545.5|386.9
24342,273.6|562.15
24343,483.3|281.2
24344,459.1|536.6
24345,279.3|554.95
24346,321.15|339.75
24347,453.95|561.45
24348,208.8|558.2
24349,366.15|561.0
24350,363.0|594.95
24351,424.4|213.6
24352,446.85|381.9
24353,357.4|460.25
24354,410.25|370.25
24355,262.35|234.35
24356,484.25|345.95
24357,457.85|525.95
24358,518.5|447.3
24359,476.95|289.6
24360,425.65|415.4
24361,218.15|298.3
24362,222.2|494.4
24363,584.9|470.5
24364,440.45|378.4
24365,407.9|391.25
24366,324.6|412.6
24367,433.15|410.9
24368,388.15|327.55
24369,344.85|557.8
24370,333.7|335.5
24371,242.6|560.2
24372,588.9|303.7
24373,217.95|580.75
24374,473.7|243.6
24375,215.35|403.3
24376,441.45|343.45
24377,417.6|236.0
24378,328.75|219.1
24379,239.65|560.05
24380,445.4|394.45
24381,351.95|446.5
24382,474.3|339.9
24383,578.75|445.65
24384,204.8|250.75
24385,458.2|519.05
24386,220.1|338.1
24387,292.55|330.75
24388,571.2|589.6
24389,542.45|592.05
24390,517.55|502.65
24391,346.6|572.85
24392,229.65|357.45
24393,209.15|326.45
24394,400.15|494.85
24395,365.7|281.3
24396,406.3|474.75
24397,341.65|539.85
24398,407.0|381.25
24399,574.4|482.6
24400,422.0|591.15
24401,226.7|222.8
24402,527.15|427.8
24403,296.3|367.3
24404,294.85|411.95
24405,475.2|351.3
24406,323.0|542.85
24407,449.2|318.65
24408,349.35|338.9
24409,428.0|463.8
24410,257.85|268.75
24411,470.0|273.65
24412,372.9|383.7
24413,441.85|393.65
24414,349.0|352.35
24415,341.75|390.2
24416,385.65|577.65
24417,584.95|246.7
24418,379.5|224.65
24419,460.75|446.5
24420,426.2|499.5
24421,413.3|229.15
24422,212.05|317.1
24423,458.25|590.3
24424,493.45|475.15
24425,429.2|337.25
24426,297.95|412.15
24427,232.2|589.65
24428,467.05|232.05
24429,278.8|471.35
24430,297.25|543.65
24431,587.3|319.25
24432,377.7|488.6
24433,582.7|298.05
24434,382.9|318.8
24435,255.05|546.4
24436,271.0|268.65
24437,230.05|349.85
24438,329.35|405.0
24439,250.6|249.55
24440,411.8|365.85
24441,353.8|557.6
24442,568.6|476.25
24443,353.6|446.85
24444,275.55|304.5
24445,340.6|492.5
24446,588.2|262.35
24447,359.55|251.6
24448,338.45|357.85
24449,282.1|507.3
24450,407.2|475.9
24451,279.1|425.15
24452,457.6|328.1
24453,575.45|294.85
24454,592.05|396.7
24455,478.65|249.2
24456,351.1|440.8
24457,221.25|232.55
24458,543.15|466.9
24459,519.75|455.2
24460,575.7|517.2
24461,267.2|369.85
24462,565.35|535.4
24463,263.75|265.4
24464,348.3|444.9
24465,478.0|263.05
24466,232.45|493.25
24467,230.4|430.75
24468,351.65|326.9
24469,458.8|435.9
24470,449.3|558.8
24471,426.6|506.25
24472,263.75|330.8
24473,309.45|234.8
24474,392.45|532.7
24475,374.5|415.6
24476,480.8|471.4
24477,293.05|386.05
24478,452.95|358.85
24479,244.0|298.4
24480,547.95|224.9
24481,252.9|377.55
24482,256.65|222.55
24483,385.8|470.2
24484,392.2|245.65
24485,301.15|347.35
24486,453.3|231.25
24487,408.25|566.4
24488,229.4|452.05
24489,562.85|217.4
24490,282.1|471.3
24491,258.3|334.45
24492,519.4|273.4
24493,339.25|339.25
24494,456.55|513.8
24495,224.05|282.4
24496,568.75|392.5
24497,546.8|337.4
24498,372.5|589.4
24499,411.1|225.55
24500,351.0|281.6
24501,424.55|570.95
24502,390.0|565.15
24503,540.2|332.3
24504,211.15|547.9
24505,590.4|370.75
24506,307.1|337.65
24507,282.5|404.35
24508,330.35|411.65
24509,404.0|435.9
24510,414.05|339.85
24511,475.05|489.9
24512,215.15|580.7
24513,271.45|389.85
24514,339.15|396.3
24515,377.9|300.2
24516,317.1|462.15
24517,582.15|285.95
24518,376.85|388.7
24519,532.35|435.85
24520,255.6|504.25
24521,400.65|510.35
24522,404.25|220.3
24523,295.85|542.05
24524,343.7|352.05
24525,228.25|445.25
24526,474.35|475.45
24527,272.0|264.85
24528,266.55|579.75
24529,362.4|203.75
24530,451.35|517.5
24531,218.95|400.6
24532,590.25|430.0
24533,531.0|416.5
24534,533.85|555.1
24535,372.1|487.7
24536,474.75|358.4
24537,209.75|295.8
24538,439.9|443.5
24539,531.2|537.4
24540,258.7|280.05
24541,361.45|369.5
24542,536.9|483.4
24543,459.35|226.05
24544,572.8|278.45
24545,289.45|513.3
24546,542.3|587.0
24547,286.1|410.4
24548,214.25|424.55
24549,514.15|461.0
24550,433.2|488.4
24551,247.55|280.0
24552,220.15|254.45
24553,436.55|338.6
24554,556.35|558.35
24555,374.5|521.25
24556,209.15|467.05
24557,226.7|512.65
24558,389.25|459.15
24559,398.75|283.3
24560,254.2|525.5
24561,592.6|382.8
24562,453.3|462.8
24563,212.1|325.25
24564,219.3|312.7
24565,269.0|323.5
24566,314.6|532.7
24567,574.4|406.25
24568,416.25|465.15
24569,367.55|416.2
24570,254.5|440.9
24571,218.65|235.85
24572,398.0|207.95
24573,514.45|482.75
24574,211.8|514.45
24575,381.9|270.55
24576,388.7|281.65
24577,585.05|523.65
24578,233.2|511.65
24579,348.65|359.7
24580,382.6|491.05
24581,533.95|442.75
24582,213.0|261.75
24583,474.95|443.6
24584,478.95|228.9
24585,344.1|502.9
24586,278.8|331.35
24587,522.3|448.35
24588,273.25|497.7
24589,252.2|399.8
24590,260.25|355.65
24591,366.05|275.5
24592,391.8|376.35
24593,431.3|384.95
24594,290.6|515.25
24595,403.65|592.35
24596,358.95|207.95
24597,444.4|485.25
24598,450.4|410.35
24599,292.35|474.2
24600,332.0|392.8
24601,242.95|356.95
24602,380.65|208.4
24603,273.55|591.1
24604,551.65|232.65
24605,384.4|366.25
24606,563.9|400.9
24607,222.2|551.55
24608,277.7|375.95
24609,228.1|469.15
24610,251.1|231.9
24611,369.55|531.6
24612,261.35|284.4
24613,278.7|385.45
24614,266.6|568.3
24615,416.2|483.1
24616,438.5|327.9
24617,581.35|362.1
24618,394.6|357.95
24619,307.6|390.2
24620,365.0|383.7
24621,458.6|556.3
24622,426.1|447.85
24623,230.85|398.7
24624,545.65|555.45
24625,463.9|458.15
24626,292.25|375.5
24627,354.4|496.65
24628,346.75|353.85
24629,275.55|269.9
24630,276.75|250.95
24631,590.15|355.85
24632,457.6|422.95
24633,455.55|306.35
24634,475.7|343.6
24635,288.25|470.9
24636,576.7|494.75
24637,332.35|561.4
24638,544.0|401.4
24639,264.25|296.5
24640,573.25|233.6
24641,415.75|561.4
24642,401.4|247.7
24643,385.85|263.95
24644,400.65|593.6
24645,551.7|311.95
24646,552.55|300.6
24647,474.85|215.2
24648,322.55|343.65
24649,434.35|504.2
24650,256.35|393.45
24651,236.85|287.35
24652,543.65|280.15
24653,283.5|296.7
24654,350.7|359.65
24655,429.85|569.9
24656,412.5|357.95
24657,477.65|481.3
24658,290.95|491.2
24659,484.1|500.3
24660,249.95|391.15
24661,581.05|212.0
24662,470.75|334.75
24663,273.55|350.4
24664,226.1|412.3
24665,396.65|332.35
24666,473.0|325.5
24667,253.0|383.45
24668,430.65|228.25
24669,455.2|539.95
24670,235.5|224.95
24671,465.05|284.35
24672,259.6|285.8
24673,286.0|585.0
24674,357.7|309.95
24675,554.75|227.3
24676,448.15|265.65
24677,255.3|250.1
24678,459.7|452.45
24679,518.1|288.45
24680,551.2|218.15
24681,445.75|371.15
24682,519.95|452.25
24683,233.1|478.5
24684,334.9|342.0
24685,353.55|252.9
24686,301.95|419.2
24687,527.85|447.3
24688,272.25|359.9
24689,472.45|479.5
24690,468.75|453.5
24691,216.2|285.85
24692,412.35|398.35
24693,549.8|480.9
24694,521.75|365.9
24695,571.7|560.15
24696,464.4|514.45
24697,581.55|249.0
24698,560.3|398.85
24699,340.75|291.05
24700,582.0|485.9
24701,467.1|324.4
24702,371.7|367.05
24703,352.45|239.25
24704,251.7|566.0
24705,267.5|432.8
24706,255.2|377.85
24707,315.85|385.75
24708,382.55|391.15
24709,413.15|248.9
24710,470.9|232.6
24711,590.3|269.35
24712,218.25|588.2
24713,576.2|301.4
24714,236.95|528.9
24715,234.15|589.5
24716,369.0|222.0
24717,403.25|588.55
24718,419.4|255.75
24719,253.35|219.5
24720,485.15|416.7
24721,411.6|326.1
24722,531.85|391.85
24723,571.45|438.65
24724,290.85|378.5
24725,257.25|532.8
24726,457.35|383.3
24727,333.6|597.0
24728,398.8|488.9
24729,398.55|247.3
24730,208.0|530.5
24731,423.0|549.8
24732,530.1|423.8
24733,221.05|257.7
24734,255.85|245.55
24735,572.55|405.45
24736,305.0|427.85
24737,346.45|246.2
24738,419.85|434.1
24739,408.3|228.0
24740,467.05|274.25
24741,281.5|548.45
24742,405.6|538.8
24743,406.5|579.2
24744,272.55|573.15
24745,477.7|332.05
24746,280.3|423.2
24747,329.25|428.9
24748,335.15|371.05
24749,231.2|587.15
24750,402.45|440.1
24751,448.9|238.8
24752,582.5|268.4
24753,351.2|524.25
24754,219.4|412.55
24755,346.15|330.2
24756,478.65|237.7
24757,212.65|459.4
24758,514.85|451.55
24759,536.25|525.6
24760,325.2|358.2
24761,272.0|276.95
24762,366.5|417.45
24763,319.9|403.75
24764,480.15|333.4
24765,528.85|446.7
24766,430.85|373.85
24767,370.7|245.25
24768,582.5|332.7
24769,445.35|567.15
24770,321.5|517.65
24771,579.2|578.8
24772,357.3|485.7
24773,255.15|456.05
24774,465.55|465.15
24775,215.5|286.2
24776,223.55|208.25
24777,499.75|341.05
24778,435.9|299.85
24779,404.4|580.85
24780,283.25|430.9
24781,363.35|342.95
24782,511.75|499.85
24783,273.7|539.85
24784,220.3|306.3
24785,219.25|376.65
24786,469.05|439.95
24787,229.2|307.6
24788,244.1|500.95
24789,221.7|330.1
24790,346.6|563.1
24791,566.4|548.55
24792,409.45|555.15
24793,374.5|574.45
24794,391.35|279.75
24795,276.1|381.75
24796,433.3|550.8
24797,486.7|350.35
24798,389.9|377.45
24799,579.5|457.9
24800,517.2|493.95
24801,571.4|577.0
24802,250.05|486.75
24803,411.4|588.65
24804,435.9|303.6
24805,317.75|277.85
24806,369.9|222.6
24807,419.8|502.55
24808,437.45|457.65
24809,535.4|393.4
24810,208.75|498.7
24811,248.15|505.45
24812,577.7|509.25
24813,345.1|414.9
24814,382.15|590.15
24815,484.8|475.45
24816,588.6|468.7
24817,564.05|302.7
24818,244.3|233.75
24819,268.0|550.5
24820,589.95|565.75
24821,364.6|234.85
24822,332.75|435.4
24823,577.85|446.25
24824,402.1|582.15
24825,247.1|420.5
24826,308.1|411.25
24827,395.15|260.75
24828,410.3|501.85
24829,253.05|279.7
24830,339.5|445.45
24831,526.6|562.85
24832,530.35|489.6
24833,449.9|582.45
24834,390.0|482.7
24835,526.6|583.3
24836,585.0|500.4
24837,211.95|587.1
24838,269.6|334.1
24839,596.3|278.75
24840,576.0|558.2
24841,208.8|235.4
24842,529.9|532.8
24843,215.45|565.85
24844,351.7|443.6
24845,238.5|493.3
24846,534.95|284.5
24847,584.75|212.4
24848,560.35|356.9
24849,546.4|239.9
24850,218.2|484.85
24851,217.65|500.4
24852,374.3|492.75
24853,416.5|587.5
24854,542.7|496.25
24855,360.7|459.2
24856,419.4|370.15
24857,459.15|574.15
24858,326.85|522.85
24859,205.0|590.35
24860,382.4|377.3
24861,423.8|592.7
24862,366.05|385.4
24863,451.95|231.3
24864,219.8|393.05
24865,525.3|441.65
24866,282.6|533.4
24867,255.15|516.8
24868,578.45|387.55
24869,478.3|346.55
24870,321.4|326.55
24871,212.8|407.8
24872,395.45|586.1
24873,544.8|531.45
24874,257.55|246.65
24875,436.55|321.1
24876,443.15|324.4
24877,252.9|580.3
24878,281.15|386.65
24879,340.75|461.95
24880,259.45|325.2
24881,341.1|335.1
24882,225.3|579.0
24883,263.8|293.95
24884,424.05|237.45
24885,392.15|380.5
24886,448.25|457.55
24887,436.0|589.2
24888,315.55|334.85
24889,254.3|426.55
24890,575.85|539.4
24891,526.5|541.25
24892,513.8|479.6
24893,458.35|402.55
24894,369.1|492.8
24895,397.45|590.2
24896,454.35|423.15
24897,526.4|541.15
24898,526.35|471.35
24899,442.95|530.1
24900,257.0|489.05
24901,378.45|343.0
24902,375.9|333.2
24903,414.6|284.35
24904,479.2|461.8
24905,376.8|255.7
24906,324.7|379.55
24907,223.8|306.85
24908,236.05|372.95
24909,392.15|361.9
24910,450.95|444.4
24911,263.95|265.15
24912,420.65|471.95
24913,393.2|291.8
24914,567.65|494.4
24915,268.2|276.85
24916,269.85|368.1
24917,561.1|366.25
24918,400.05|454.6
24919,474.8|248.4
24920,448.15|295.2
24921,286.7|477.2
24922,564.7|297.1
24923,350.2|564.8
24924,359.65|246.95
24925,381.45|502.85
24926,364.95|383.7
24927,544.65|386.05
24928,554.8|312.5
24929,544.4|267.65
24930,409.8|292.35
24931,440.95|382.7
24932,365.2|254.35
24933,405.85|356.25
24934,357.4|436.3
24935,353.4|494.55
24936,372.0|397.55
24937,276.7|256.9
24938,296.05|411.35
24939,470.85|379.1
24940,207.8|399.95
24941,463.8|278.75
24942,588.6|357.95
24943,514.9|364.85
24944,210.25|355.95
24945,479.6|512.3
24946,253.45|361.2
24947,474.25|515.9
24948,229.75|347.45
24949,232.7|311.15
24950,245.3|390.25
24951,270.95|238.15
24952,304.85|383.85
24953,363.45|492.3
24954,420.3|577.7
24955,286.7|587.5
24956,491.55|436.7
24957,372.55|439.6
24958,576.25|505.85
24959,370.05|476.15
24960,215.95|480.35
24961,588.45|234.0
24962,474.7|247.7
24963,589.25|370.2
24964,265.55|355.95
24965,269.2|321.7
24966,229.7|306.05
24967,388.3|279.7
24968,483.65|296.75
24969,383.3|478.35
24970,282.1|552.2
24971,587.95|565.35
24972,379.25|567.05
24973,558.6|475.7
24974,251.3|352.65
24975,389.85|463.75
24976,283.2|366.9
24977,434.35|590.0
24978,291.85|452.75
24979,586.25|265.8
24980,347.75|467.9
24981,550.35|585.95
24982,395.35|317.0
24983,585.15|476.0
24984,476.65|235.15
24985,501.6|457.95
24986,386.5|388.05
24987,210.75|466.8
24988,351.55|332.5
24989,509.2|472.45
24990,214.85|465.9
24991,389.4|302.75
24992,251.1|285.7
24993,435.55|474.3
24994,542.45|275.2
24995,374.15|229.95
24996,484.5|277.6
24997,547.65|568.55
24998,594.25|564.8
24999,591.45|267.2
25000,225.85|385.25
25001,448.9|367.25
25002,548.45|291.05
25003,210.85|249.35
25004,473.55|242.5
25005,411.1|267.35
25006,585.0|231.2
25007,485.05|490.85
25008,559.05|554.9
25009,244.5|219.0
25010,279.95|278.95
25011,240.65|456.7
25012,508.65|454.2
25013,263.9|328.15
25014,398.75|585.5
25015,591.15|552.25
25016,356.3|213.95
25017,422.9|478.25
25018,473.8|447.55
25019,419.85|589.5
25020,590.05|357.05
25021,397.2|365.85
25022,567.55|424.75
25023,401.85|553.15
25024,241.95|452.55
25025,357.3|466.45
25026,591.85|412.15
25027,464.3|236.35
25028,397.0|287.7
25029,213.35|571.25
25030,466.25|509.25
25031,336.1|591.8
25032,253.35|338.5
25033,348.15|429.4
25034,333.5|373.05
25035,287.8|565.8
25036,219.45|585.9
25037,463.2|220.15
25038,416.95|495.9
25039,453.6|463.75
25040,368.15|367.9
25041,306.55|209.25
25042,252.5|432.05
25043,222.3|371.3
25044,443.75|322.85
25045,321.35|588.6
25046,468.7|313.6
25047,355.85|584.55
25048,405.0|583.0
25049,206.15|319.35
25050,217.5|284.85
25051,228.45|399.9
25052,555.9|329.25
25053,459.9|440.9
25054,348.15|442.25
25055,418.9|411.65
25056,361.6|268.6
25057,434.9|501.3
25058,249.3|542.2
25059,294.25|403.15
25060,590.05|257.9
25061,445.4|591.45
25062,352.65|487.05
25063,205.3|586.65
25064,246.8|282.4
25065,532.8|541.4
25066,469.6|263.15
25067,471.65|270.2
25068,213.7|219.6
25069,242.35|212.9
25070,232.9|562.3
25071,262.4|421.55
25072,397.85|536.95
25073,344.85|539.85
25074,534.0|342.2
25075,545.25|429.15
25076,215.8|259.2
25077,360.05|475.0
25078,268.35|400.85
25079,558.9|439.65
25080,328.0|578.3
25081,377.7|584.95
25082,472.35|481.7
25083,399.8|500.85
25084,305.9|247.1
25085,241.85|402.0
25086,462.8|261.9
25087,480.3|496.2
25088,568.2|299.3
25089,355.8|336.35
25090,257.55|508.4
25091,589.75|262.25
25092,279.55|393.1
25093,534.9|540.45
25094,526.45|346.0
25095,384.65|589.45
25096,364.25|439.45
25097,341.35|412.8
25098,473.4|352.45
25099,572.7|480.4
25100,276.8|314.15
25101,578.35|463.2
25102,591.2|283.4
25103,228.4|216.6
25104,268.7|388.5
25105,427.25|450.2
25106,222.5|585.1
25107,439.35|271.55
25108,214.15|439.8
25109,226.3|226.25
25110,352.5|544.25
25111,449.15|378.5
25112,382.05|585.85
25113,289.4|382.25
25114,535.7|582.35
25115,461.0|549.3
25116,276.4|443.3
25117,432.15|361.15
25118,276.8|415.8
25119,400.5|367.8
25120,468.5|406.8
25121,355.45|230.2
25122,293.0|366.85
25123,553.25|413.3
25124,361.8|248.35
25125,530.85|347.1
25126,370.9|225.6
25127,292.05|412.85
25128,286.4|277.7
25129,426.8|453.15
25130,579.35|291.9
25131,533.65|506.05
25132,392.2|502.4
25133,409.75|247.35
25134,296.6|578.7
25135,227.95|585.7
25136,325.5|411.45
25137,450.1|268.15
25138,369.5|440.9
25139,558.3|576.95
25140,482.1|488.1
25141,221.25|309.0
25142,576.35|513.45
25143,426.5|454.25
25144,586.55|566.1
25145,284.3|580.4
25146,443.7|256.6
25147,237.15|577.35
25148,365.75|490.25
25149,265.45|418.25
25150,435.05|402.0
25151,295.65|414.2
25152,349.7|596.75
25153,429.8|314.8
25154,448.65|416.15
25155,299.7|330.75
25156,327.45|323.45
25157,270.95|581.45
25158,583.0|257.8
25159,339.5|589.55
25160,449.95|269.55
25161,535.0|284.95
25162,379.3|343.05
25163,232.85|232.55
25164,456.2|322.35
25165,403.8|575.6
25166,579.6|419.2
25167,529.75|419.7
25168,211.15|479.2
25169,417.85|475.75
25170,292.35|340.05
25171,387.4|353.35
25172,267.9|553.35
25173,412.35|468.5
25174,431.55|466.85
25175,572.15|232.1
25176,576.95|334.3
25177,420.6|279.7
25178,350.55|589.55
25179,286.2|527.8
25180,418.0|283.45
25181,209.7|583.6
25182,439.1|255.45
25183,419.95|426.6
25184,212.65|389.0
25185,273.0|420.15
25186,452.65|518.95
25187,278.35|568.75
25188,583.3|399.8
25189,592.5|326.75
25190,443.1|379.9
25191,542.45|338.6
25192,590.45|493.6
25193,325.55|306.25
25194,515.6|504.9
25195,273.35|222.85
25196,305.4|402.65
25197,349.65|426.45
25198,413.3|571.5
25199,459.95|376.95
25200,385.6|574.8
25201,398.1|414.05
25202,513.65|447.2
25203,423.65|582.15
25204,416.1|366.9
25205,422.7|306.45
25206,455.55|423.2
25207,255.95|552.55
25208,345.65|222.0
25209,466.65|220.25
25210,532.65|437.1
25211,297.45|377.35
25212,459.65|518.65
25213,214.9|241.2
25214,216.7|486.1
25215,538.2|350.9
25216,473.55|232.5
25217,288.65|275.15
25218,582.5|404.35
25219,238.8|384.65
25220,353.35|581.2
25221,583.95|276.3
25222,256.0|401.5
25223,391.25|283.75
25224,552.0|225.75
25225,527.85|339.85
25226,580.95|585.35
25227,447.9|453.05
25228,539.2|424.1
25229,460.6|344.1
25230,591.5|207.7
25231,371.0|271.1
25232,301.0|388.0
25233,476.75|560.1
25234,435.9|410.95
25235,539.7|350.85
25236,231.15|276.95
25237,250.75|490.0
25238,244.55|513.6
25239,240.6|365.5
25240,227.45|345.5
25241,447.85|533.3
25242,298.8|324.5
25243,534.55|420.0
25244,436.7|406.45
25245,284.5|431.95
25246,341.75|586.1
25247,358.4|224.95
25248,476.05|566.45
25249,214.5|302.85
25250,592.35|590.25
25251,437.05|444.6
25252,209.55|391.4
25253,346.35|216.45
25254,390.55|365.85
25255,250.4|405.7
25256,388.3|507.35
25257,519.25|476.35
25258,575.6|479.5
25259,472.75|481.55
25260,576.4|276.35
25261,389.8|261.4
25262,236.4|574.25
25263,534.65|333.6
25264,404.9|310.3
25265,465.45|311.8
25266,373.2|397.9
25267,568.5|315.8
25268,350.35|213.25
25269,462.45|429.7
25270,216.25|288.45
25271,267.5|535.05
25272,486.1|537.8
25273,389.25|581.55
25274,261.55|283.45
25275,367.05|215.3
25276,427.95|577.55
25277,582.35|371.3
25278,438.4|470.5
25279,480.15|507.8
25280,402.9|366.9
25281,472.7|568.1
25282,476.1|323.3
25283,473.6|502.65
25284,232.65|573.85
25285,212.7|487.45
25286,435.75|556.65
25287,518.25|392.8
25288,558.75|312.95
25289,408.4|453.45
25290,273.5|489.35
25291,390.4|499.3
25292,464.45|461.9
25293,427.4|495.25
25294,356.0|314.0
25295,286.0|329.2
25296,299.75|512.3
25297,370.6|227.45
25298,413.5|436.8
25299,225.35|421.6
25300,456.2|458.25
25301,350.35|540.3
25302,531.4|430.7
25303,346.95|382.75
25304,413.55|264.6
25305,298.2|427.75
25306,473.6|478.15
25307,235.25|506.8
25308,477.9|506.65
25309,269.95|404.25
25310,223.85|447.25
25311,253.75|285.2
25312,372.45|373.2
25313,303.4|335.6
25314,434.35|419.5
25315,399.75|338.2
25316,541.4|227.4
25317,290.25|502.35
25318,257.7|408.95
25319,254.55|250.55
25320,410.9|325.8
25321,386.2|500.05
25322,531.55|382.3
25323,586.35|552.7
25324,246.0|585.3
25325,217.25|302.15
25326,263.35|246.65
25327,347.7|232.6
25328,355.1|250.7
25329,246.25|212.55
25330,406.8|546.8
25331,301.85|493.7
25332,463.25|564.35
25333,230.5|383.05
25334,404.55|344.85
25335,491.25|494.6
25336,463.75|351.1
25337,514.8|353.0
25338,455.9|379.6
25339,399.15|253.95
25340,216.5|503.85
25341,460.0|290.2
25342,467.4|323.7
25343,577.55|245.1
25344,290.45|359.75
25345,593.95|271.3
25346,495.7|535.45
25347,546.5|233.35
25348,352.95|331.0
25349,578.25|484.95
25350,497.65|232.65
25351,349.85|432.85
25352,579.0|587.55
25353,485.5|294.0
25354,298.4|347.4
25355,544.75|535.9
25356,285.85|538.75
25357,392.85|592.75
25358,579.85|407.35
25359,462.0|218.9
25360,439.45|268.2
25361,229.25|212.45
25362,426.55|552.95
25363,588.2|304.9
25364,432.9|535.25
25365,244.35|498.35
25366,293.2|396.3
25367,578.95|456.6
25368,233.7|583.4
25369,261.35|243.1
25370,398.5|578.8
25371,299.1|362.9
25372,246.4|589.85
25373,454.05|489.4
25374,505.4|493.45
25375,574.95|321.2
25376,467.15|213.2
25377,281.0|525.35
25378,274.85|570.6
25379,524.35|411.6
25380,470.7|466.3
25381,495.15|233.4
25382,269.4|289.0
25383,576.75|345.75
25384,424.05|251.55
25385,464.0|592.95
25386,238.1|370.6
25387,375.55|513.45
25388,351.0|348.25
25389,341.05|521.4
25390,278.85|555.95
25391,517.1|469.7
25392,289.9|428.0
25393,478.6|283.3
25394,255.4|248.4
25395,275.05|336.8
25396,456.05|237.2
25397,485.55|500.25
25398,280.75|512.0
25399,215.0|235.45
25400,413.0|251.85
25401,451.75|428.85
25402,552.75|316.7
25403,540.45|516.3
25404,549.3|420.25
25405,249.0|515.8
25406,271.75|571.7
25407,588.2|221.75
25408,511.0|306.85
25409,208.4|590.35
25410,514.65|371.9
25411,369.65|236.6
25412,362.9|455.4
25413,414.5|582.75
25414,576.05|217.25
25415,230.45|212.65
25416,271.85|585.85
25417,507.25|508.4
25418,226.4|570.85
25419,473.7|282.95
25420,501.4|330.4
25421,264.65|249.35
25422,216.2|265.85
25423,227.55|492.35
25424,594.1|562.7
25425,377.95|520.35
25426,315.8|344.85
25427,534.45|424.0
25428,259.85|420.4
25429,400.85|529.55
25430,280.7|316.7
25431,424.5|590.6
25432,592.35|469.1
25433,532.65|434.65
25434,568.95|539.45
25435,280.0|340.4
25436,424.5|585.45
25437,473.0|477.85
25438,418.9|505.85
25439,529.8|537.6
25440,583.3|310.3
25441,230.85|274.05
25442,470.65|316.65
25443,534.25|329.0
25444,430.1|414.25
25445,473.5|334.7
25446,282.1|332.7
25447,565.45|510.75
25448,219.05|486.0
25449,336.3|290.3
25450,301.25|355.55
25451,447.6|503.8
25452,349.75|448.75
25453,395.4|475.25
25454,558.7|235.9
25455,233.5|210.3
25456,396.35|296.3
25457,356.7|376.95
25458,382.6|303.75
25459,289.7|392.1
25460,421.8|302.6
25461,587.85|271.5
25462,538.1|329.5
25463,425.4|212.0
25464,395.15|270.95
25465,586.05|318.05
25466,423.9|480.1
25467,400.7|538.2
25468,241.55|446.2
25469,486.95|516.15
25470,473.6|298.3
25471,259.4|217.55
25472,395.1|248.05
25473,489.9|439.7
25474,432.9|446.85
25475,448.5|505.75
25476,351.25|555.95
25477,569.95|263.65
25478,374.7|345.6
25479,456.1|246.65
25480,252.3|373.7
25481,553.7|229.0
25482,583.5|210.55
25483,473.6|325.8
25484,259.45|285.7
25485,350.65|514.5
25486,536.95|514.7
25487,215.45|384.15
25488,231.85|577.8
25489,568.3|579.25
25490,424.65|348.5
25491,419.75|397.05
25492,452.75|548.45
25493,323.7|409.2
25494,387.25|300.5
25495,428.1|471.5
25496,303.7|372.45
25497,282.7|346.2
25498,529.7|505.3
25499,524.9|545.05
25500,475.35|510.75
25501,386.45|464.5
25502,583.45|573.65
25503,584.0|455.8
25504,519.65|431.55
25505,456.25|560.9
25506,263.15|367.8
25507,483.95|417.5
25508,212.95|407.45
25509,220.95|527.85
25510,235.5|281.9
25511,530.7|549.55
25512,284.5|349.9
25513,531.85|527.05
25514,418.65|242.7
25515,269.85|528.25
25516,404.75|579.5
25517,290.4|376.6
25518,363.6|344.0
25519,213.8|562.5
25520,217.1|552.05
25521,527.05|367.25
25522,546.95|531.25
25523,551.4|293.35
25524,361.75|334.9
25525,246.6|564.85
25526,284.55|318.9
25527,208.4|473.15
25528,376.8|333.8
25529,287.05|560.25
25530,557.2|467.55
25531,587.9|471.1
25532,457.9|238.45
25533,407.45|372.05
25534,211.1|585.7
25535,554.0|306.35
25536,468.2|329.9
25537,278.9|402.7
25538,317.9|361.25
25539,443.8|291.05
25540,566.1|457.9
25541,430.7|281.25
25542,571.4|276.45
25543,549.05|492.2
25544,553.7|551.75
25545,211.6|474.6
25546,440.45|400.3
25547,484.2|501.6
25548,570.55|461.5
25549,437.4|237.95
25550,306.9|557.9
25551,392.75|367.75
25552,256.2|547.7
25553,536.4|262.35
25554,588.05|272.7
25555,286.1|358.7
25556,537.9|519.6
25557,401.65|306.85
25558,398.2|352.05
25559,419.75|332.95
25560,515.95|509.55
25561,289.1|312.3
25562,211.5|324.95
25563,237.95|350.85
25564,372.9|446.55
25565,549.85|511.05
25566,517.4|507.5
25567,350.85|536.2
25568,219.05|462.55
25569,347.15|406.9
25570,359.35|210.75
25571,555.4|451.1
25572,209.5|577.25
25573,367.75|259.05
25574,425.9|370.6
25575,245.5|403.6
25576,392.0|260.0
25577,265.6|277.45
25578,503.3|360.8
25579,412.85|332.45
25580,391.9|500.8
25581,291.7|280.8
25582,569.15|215.0
25583,378.05|326.0
25584,279.2|264.25
25585,342.45|507.6
25586,403.9|399.4
25587,410.5|327.15
25588,481.6|238.15
25589,287.75|424.1
25590,369.3|223.75
25591,350.95|244.3
25592,534.9|338.45
25593,439.5|285.8
25594,455.0|459.75
25595,460.75|452.6
25596,288.5|286.55
25597,566.55|519.8
25598,252.25|410.4
25599,562.35|346.3
25600,419.95|525.05
25601,460.05|233.85
25602,450.65|467.4
25603,309.65|286.75
25604,458.2|464.45
25605,468.3|551.1
25606,547.8|562.15
25607,204.65|465.8
25608,220.7|415.0
25609,416.9|587.7
25610,466.8|222.3
25611,398.3|508.05
25612,246.25|550.0
25613,220.5|461.2
25614,537.35|364.65
25615,538.0|559.8
25616,340.0|402.3
25617,492.95|231.25
25618,472.85|335.1
25619,286.75|399.8
25620,485.2|309.55
25621,333.35|419.35
25622,399.15|326.85
25623,213.5|330.15
25624,396.55|321.7
25625,352.35|337.35
25626,379.2|486.5
25627,367.2|565.8
25628,353.6|492.1
25629,538.05|511.65
25630,260.95|267.75
25631,217.35|355.0
25632,577.05|294.55
25633,308.1|414.2
25634,546.7|483.25
25635,387.05|554.15
25636,346.15|370.8
25637,345.75|546.2
25638,390.5|490.8
25639,386.5|578.85
25640,539.6|576.25
25641,483.45|449.85
25642,221.9|446.45
25643,362.45|447.95
25644,346.3|574.1
25645,237.45|401.2
25646,594.7|561.2
25647,489.8|246.75
25648,447.15|388.2
25649,589.6|418.35
25650,247.95|389.35
25651,262.5|527.3
25652,568.2|587.3
25653,349.4|562.5
25654,230.3|320.7
25655,358.25|578.15
25656,231.0|318.05
25657,332.25|348.25
25658,494.8|281.1
25659,541.15|236.5
25660,588.75|437.6
25661,260.35|347.6
25662,424.45|481.5
25663,365.7|342.3
25664,282.8|590.6
25665,242.2|337.55
25666,264.85|253.65
25667,571.85|297.4
25668,427.6|331.4
25669,294.35|345.15
25670,227.3|344.15
25671,587.5|471.3
25672,526.5|564.45
25673,520.25|420.55
25674,461.1|577.35
25675,210.95|561.8
25676,251.2|217.05
25677,581.1|465.25
25678,472.6|561.55
25679,322.4|410.15
25680,347.5|277.3
25681,519.1|448.4
25682,352.8|447.85
25683,422.3|578.25
25684,366.5|263.75
25685,440.7|426.8
25686,390.2|513.95
25687,384.35|250.15
25688,550.9|517.15
25689,475.4|281.55
25690,553.35|331.7
25691,590.5|350.95
25692,388.25|465.1
25693,410.6|257.0
25694,403.7|574.65
25695,553.25|302.85
25696,209.85|536.8
25697,389.1|489.75
25698,380.0|351.05
25699,413.85|528.3
25700,564.45|217.65
25701,592.35|262.95
25702,489.05|418.55
25703,347.3|457.45
25704,262.5|540.55
25705,424.8|558.85
25706,400.9|451.2
25707,589.85|271.65
25708,583.4|332.9
25709,289.85|530.35
25710,261.9|208.45
25711,465.2|220.15
25712,383.25|287.15
25713,489.25|513.8
25714,588.1|279.7
25715,537.75|576.75
25716,571.3|274.6
25717,254.0|343.1
25718,468.35|546.85
25719,452.35|555.15
25720,300.3|282.35
25721,537.75|286.65
25722,573.1|288.95
25723,485.05|345.55
25724,594.65|349.6
25725,299.3|350.75
25726,584.05|310.75
25727,241.5|263.05
25728,415.0|504.7
25729,215.95|465.05
25730,395.1|225.2
25731,278.8|541.7
25732,265.6|505.9
25733,365.5|514.0
25734,418.9|367.35
25735,405.7|575.1
25736,564.7|427.8
25737,580.8|505.45
25738,290.4|567.05
25739,270.0|248.95
25740,481.0|464.6
25741,527.85|454.7
25742,417.2|295.75
25743,397.4|576.45
25744,358.05|425.8
25745,366.65|212.85
25746,222.15|580.8
25747,210.75|313.6
25748,407.7|345.7
25749,588.85|490.45
25750,261.75|358.6
25751,415.7|539.6
25752,458.9|230.25
25753,479.0|270.9
25754,374.35|352.3
25755,259.55|354.1
25756,536.1|431.0
25757,429.5|337.1
25758,293.15|439.45
25759,408.5|270.0
25760,285.5|327.55
25761,464.05|506.7
25762,271.9|461.7
25763,452.2|506.9
25764,563.9|592.8
25765,543.4|558.95
25766,576.7|415.35
25767,554.15|384.85
25768,401.4|479.95
25769,514.6|518.95
25770,395.3|454.2
25771,440.95|322.4
25772,552.25|308.65
25773,242.0|593.7
25774,277.25|411.15
25775,269.6|360.25
25776,214.15|584.75
25777,579.25|286.3
25778,342.95|417.05
25779,285.9|416.2
25780,426.55|501.05
25781,289.6|416.2
25782,477.85|341.7
25783,589.35|385.35
25784,218.75|571.8
25785,350.65|428.75
25786,374.75|558.4
25787,466.85|555.6
25788,535.55|551.1
25789,416.75|498.8
25790,561.95|250.75
25791,532.5|553.15
25792,344.4|521.55
25793,415.95|357.15
25794,544.1|326.4
25795,404.6|565.9
25796,324.8|420.8
25797,358.7|221.0
25798,235.15|356.05
25799,223.7|206.15
25800,433.5|313.25
25801,354.4|250.55
25802,461.4|583.75
25803,371.1|388.3
25804,392.15|231.9
25805,460.45|290.45
25806,533.7|441.15
25807,362.0|465.25
25808,401.2|572.55
25809,246.7|499.6
25810,537.8|587.6
25811,500.8|291.25
25812,441.25|531.15
25813,426.55|409.9
25814,465.8|387.5
25815,521.9|219.85
25816,358.35|447.4
25817,462.1|466.9
25818,341.9|572.45
25819,431.45|250.65
25820,553.05|254.9
25821,211.85|228.5
25822,397.75|277.35
25823,462.05|463.35
25824,344.3|404.45
25825,435.45|526.05
25826,550.1|553.45
25827,344.75|338.7
25828,253.8|247.5
25829,590.2|532.25
25830,558.3|273.85
25831,472.55|357.25
25832,277.15|372.4
25833,400.0|572.85
25834,565.6|439.25
25835,570.15|448.05
25836,531.5|556.1
25837,433.7|424.05
25838,539.7|356.15
25839,354.0|542.25
25840,298.75|366.6
25841,403.6|258.2
25842,343.5|340.4
25843,364.95|220.05
25844,439.4|584.0
25845,392.9|496.6
25846,360.25|348.85
25847,457.55|440.55
25848,294.4|426.9
25849,447.75|385.65
25850,586.35|433.85
25851,537.65|417.55
25852,365.45|345.35
25853,543.75|239.7
25854,561.45|587.8
25855,429.8|372.3
25856,274.4|314.55
25857,262.0|292.1
25858,407.4|452.7
25859,227.35|305.7
25860,465.4|318.4
25861,583.9|446.05
25862,589.85|355.45
25863,474.35|475.2
25864,284.1|257.9
25865,215.35|219.5
25866,272.25|543.25
25867,437.35|339.05
25868,348.35|310.0
25869,583.65|300.15
25870,266.85|414.05
25871,553.8|583.9
25872,252.65|264.4
25873,382.9|278.3
25874,384.0|570.15
25875,295.05|558.25
25876,216.25|209.35
25877,224.7|583.85
25878,226.4|415.1
25879,581.75|586.4
25880,408.85|293.55
25881,273.65|587.85
25882,546.35|534.45
25883,298.1|391.0
25884,236.45|396.7
25885,363.1|253.45
25886,217.0|498.55
25887,392.9|274.2
25888,479.95|248.2
25889,276.5|250.15
25890,541.55|592.75
25891,513.0|518.7
25892,332.25|322.15
25893,211.6|463.65
25894,593.0|359.95
25895,284.25|447.95
25896,445.05|324.7
25897,447.75|435.75
25898,269.3|212.8
25899,352.55|441.9
25900,555.15|273.8
25901,572.85|523.95
25902,318.6|383.2
25903,226.35|587.1
25904,453.85|292.15
25905,374.75|595.35
25906,358.0|539.85
25907,255.2|364.2
25908,574.5|510.35
25909,546.75|519.95
25910,369.05|502.15
25911,451.3|515.25
25912,445.25|502.5
25913,208.45|519.05
25914,283.7|434.95
25915,468.75|534.4
25916,464.9|347.05
25917,348.35|207.8
25918,483.95|479.95
25919,401.4|377.35
25920,459.35|319.5
25921,443.65|361.3
25922,247.25|402.85
25923,423.65|227.35
25924,347.2|387.95
25925,401.45|294.8
25926,521.5|475.45
25927,241.15|580.1
25928,515.5|522.65
25929,205.2|531.8
25930,554.0|297.85
25931,491.85|258.95
25932,473.95|222.45
25933,397.85|310.7
25934,344.3|286.3
25935,403.2|336.35
25936,379.35|483.1
25937,220.9|362.45
25938,336.25|390.1
25939,277.8|458.9
25940,242.1|582.95
25941,344.15|549.75
25942,476.55|352.35
25943,565.1|412.25
25944,249.3|430.85
25945,372.3|352.25
25946,230.35|460.25
25947,374.5|328.2
25948,439.7|249.55
25949,401.65|327.5
25950,424.0|412.0
25951,582.35|290.85
25952,282.15|528.1
25953,470.3|353.65
25954,533.85|425.15
25955,206.35|501.75
25956,358.8|499.5
25957,367.4|270.9
25958,332.0|492.15
25959,469.15|318.95
25960,336.8|383.85
25961,260.1|271.25
25962,578.25|278.3
25963,589.4|562.55
25964,329.1|419.25
25965,550.65|537.3
25966,480.45|474.35
25967,432.65|312.6
25968,469.5|464.05
25969,297.75|529.55
25970,562.9|242.9
25971,225.65|388.05
25972,424.2|489.7
25973,539.7|522.05
25974,444.65|577.05
25975,362.15|348.55
25976,330.2|395.8
25977,431.7|389.85
25978,584.85|509.7
25979,592.7|403.35
25980,266.75|429.9
25981,227.5|226.9
25982,546.0|270.2
25983,540.25|449.45
25984,321.4|337.8
25985,207.05|565.45
25986,220.15|416.55
25987,209.65|276.05
25988,222.0|341.95
25989,546.05|582.55
25990,392.5|513.3
25991,469.35|287.8
25992,270.65|225.55
25993,323.8|414.75
25994,429.5|558.75
25995,213.7|464.75
25996,421.3|468.7
25997,565.0|233.0
25998,529.45|520.3
25999,359.3|219.2
26000,450.9|582.55
26001,472.6|363.25
26002,442.05|377.2
26003,394.55|452.2
26004,287.6|454.65
26005,550.95|228.5
26006,427.25|504.65
26007,297.05|318.25
26008,475.05|453.6
26009,308.75|405.0
26010,363.3|493.0
26011,543.4|589.1
26012,348.15|267.7
26013,490.55|505.55
26014,594.5|383.2
26015,325.2|409.15
26016,286.65|432.7
26017,557.15|447.7
26018,515.15|498.75
26019,368.6|338.95
26020,463.8|323.1
26021,278.45|512.25
26022,536.05|591.4
26023,372.7|470.8
26024,452.4|520.55
26025,334.25|422.9
26026,529.05|501.0
26027,591.25|293.65
26028,565.75|292.45
26029,529.7|446.7
26030,413.9|569.2
26031,374.15|527.25
26032,563.7|578.85
26033,249.15|363.95
26034,351.95|496.8
26035,209.5|581.7
26036,589.5|510.7
26037,412.2|205.4
26038,541.25|288.6
26039,263.2|577.85
26040,216.75|584.55
26041,427.85|357.35
26042,272.1|570.7
26043,457.05|461.0
26044,399.75|507.1
26045,335.5|595.3
26046,385.0|213.25
26047,265.45|232.4
26048,317.7|272.85
26049,397.45|395.1
26050,217.05|460.15
26051,550.2|257.8
26052,552.4|475.25
26053,347.55|376.5
26054,400.1|331.1
26055,473.0|351.75
26056,451.35|260.25
26057,256.05|511.75
26058,210.3|582.2
26059,464.95|451.1
26060,454.65|389.35
26061,277.85|273.35
26062,567.1|275.05
26063,531.95|497.1
26064,478.05|446.85
26065,416.75|581.45
26066,388.25|268.65
26067,254.75|518.85
26068,365.5|292.7
26069,542.25|539.25
26070,426.8|330.35
26071,504.0|441.7
26072,225.25|297.7
26073,527.65|509.8
26074,465.0|284.75
26075,251.05|496.5
26076,530.1|558.6
26077,550.5|272.4
26078,493.1|490.65
26079,344.45|590.65
26080,427.8|484.5
26081,457.05|425.35
26082,208.8|302.55
26083,419.05|314.1
26084,435.55|317.35
26085,328.65|417.6
26086,563.15|559.35
26087,377.75|357.35
26088,405.55|491.85
26089,312.55|485.45
26090,215.0|221.25
26091,337.75|571.95
26092,491.2|285.05
26093,266.7|267.55
26094,245.5|363.25
26095,282.4|318.95
26096,511.8|521.65
26097,455.7|269.8
26098,527.0|538.8
26099,226.5|586.3
26100,355.5|451.65
26101,345.75|318.55
26102,529.85|534.1
26103,401.5|403.65
26104,400.6|352.45
26105,232.4|456.25
26106,458.1|512.5
26107,439.9|243.9
26108,591.15|409.05
26109,586.45|373.75
26110,389.9|455.35
26111,564.7|449.95
26112,547.85|525.95
26113,556.55|557.9
26114,218.0|582.35
26115,291.7|525.4
26116,454.2|446.15
26117,268.9|345.45
26118,259.35|416.85
26119,235.2|245.95
26120,587.5|517.25
26121,219.9|230.55
26122,586.9|293.2
26123,377.1|297.7
26124,254.5|394.5
26125,427.1|358.9
26126,350.4|555.3
26127,546.3|235.8
26128,266.7|454.65
26129,233.45|299.7
26130,590.15|238.05
26131,447.05|451.35
26132,452.75|405.8
26133,265.35|226.1
26134,539.75|261.5
26135,237.3|228.95
26136,555.85|509.65
26137,437.35|338.55
26138,242.9|441.05
26139,320.3|370.15
26140,382.25|477.7
26141,441.0|327.9
26142,363.05|218.35
26143,344.75|517.6
26144,561.5|487.6
26145,415.0|204.95
26146,430.75|389.85
26147,524.25|432.55
26148,252.35|566.4
26149,351.7|273.1
26150,395.45|595.0
26151,538.25|518.3
26152,460.1|581.95
26153,376.35|490.95
26154,331.65|593.8
26155,354.2|215.55
26156,591.55|214.4
26157,410.2|297.75
26158,552.6|328.05
26159,582.95|511.25
26160,537.8|439.75
26161,445.15|576.3
26162,457.45|517.3
26163,403.65|362.25
26164,342.4|238.2
26165,523.55|432.8
26166,314.85|358.1
26167,422.2|563.8
26168,456.85|309.1
26169,505.15|374.2
26170,403.65|580.25
26171,263.2|366.15
26172,578.75|536.5
26173,349.3|522.25
26174,453.9|494.6
26175,208.2|522.8
26176,562.4|230.45
26177,468.0|296.6
26178,244.85|251.05
26179,547.8|539.8
26180,255.9|428.9
26181,233.65|276.95
26182,534.9|319.55
26183,404.1|375.7
26184,541.85|524.8
26185,327.1|370.0
26186,406.0|335.6
26187,535.55|590.6
26188,458.25|586.55
26189,396.2|401.6
26190,288.45|420.6
26191,539.5|294.5
26192,453.1|452.3
26193,272.2|307.6
26194,542.8|535.15
26195,543.65|473.9
26196,460.35|590.6
26197,348.7|422.05
26198,405.35|226.75
26199,533.4|498.1
26200,513.5|443.05
26201,563.65|263.1
26202,575.9|208.8
26203,296.35|531.5
26204,256.55|210.0
26205,576.55|338.65
26206,233.5|456.6
26207,339.0|548.85
26208,402.05|530.45
26209,557.45|452.9
26210,258.8|259.45
26211,293.15|390.6
26212,217.75|226.1
26213,256.9|382.75
26214,386.6|252.0
26215,299.7|406.3
26216,377.2|531.6
26217,371.2|239.4
26218,595.45|398.8
26219,400.35|446.2
26220,481.15|464.6
26221,383.35|426.6
26222,575.6|309.15
26223,218.55|280.95
26224,541.1|555.45
26225,474.65|366.85
26226,592.65|393.35
26227,357.65|525.15
26228,229.3|264.25
26229,205.65|534.8
26230,520.9|339.8
26231,239.25|266.15
26232,399.7|311.0
26233,342.2|335.55
26234,535.15|320.65
26235,397.7|490.2
26236,379.65|555.15
26237,224.05|350.6
26238,307.7|343.65
26239,410.45|405.3
26240,261.15|225.55
26241,573.3|326.6
26242,560.05|450.1
26243,392.3|292.2
26244,413.0|487.65
26245,410.15|339.5
26246,436.2|594.25
26247,591.05|385.15
26248,549.2|232.45
26249,579.25|524.85
26250,471.65|306.7
26251,468.15|348.45
26252,380.65|519.15
26253,233.0|586.5
26254,490.25|357.8
26255,402.75|579.9
26256,245.15|534.7
26257,262.9|224.25
26258,455.8|423.3
26259,464.75|564.65
26260,537.65|586.0
26261,274.45|585.5
26262,474.1|321.75
26263,317.55|351.35
26264,218.0|372.5
26265,389.2|466.7
26266,412.05|550.05
26267,221.75|491.95
26268,558.1|288.1
26269,213.4|352.35
26270,243.85|361.6
26271,316.15|345.8
26272,360.7|551.8
26273,241.65|214.7
26274,339.45|407.5
26275,248.35|497.6
26276,516.7|342.2
26277,576.75|490.05
26278,444.55|312.95
26279,580.7|463.25
26280,421.7|542.55
26281,462.6|261.05
26282,388.45|240.9
26283,461.45|479.65
26284,413.4|240.55
26285,536.45|225.0
26286,384.95|517.15
26287,549.0|288.25
26288,572.8|496.2
26289,359.35|384.85
26290,318.1|427.3
26291,490.0|303.85
26292,586.45|352.05
26293,436.8|567.4
26294,492.85|469.65
26295,591.65|431.85
26296,343.5|248.55
26297,586.45|284.6
26298,300.3|438.1
26299,219.2|548.9
26300,370.25|392.0
26301,342.55|286.0
26302,233.75|385.9
26303,586.9|351.05
26304,277.95|455.5
26305,331.6|436.05
26306,460.15|438.2
26307,546.95|347.1
26308,401.8|478.25
26309,277.45|285.4
26310,544.1|432.95
26311,313.4|414.2
26312,319.6|354.5
26313,212.2|412.9
26314,567.85|467.6
26315,441.2|494.6
26316,495.75|476.35
26317,526.5|549.25
26318,480.85|292.85
26319,344.3|329.85
26320,555.8|309.75
26321,293.7|369.25
26322,210.4|507.9
26323,226.5|451.2
26324,230.25|346.7
26325,278.7|449.9
26326,471.85|510.7
26327,266.6|408.4
26328,256.4|506.55
26329,464.75|317.35
26330,467.95|331.55
26331,472.1|283.35
26332,280.4|444.15
26333,564.65|249.6
26334,442.5|550.65
26335,440.65|488.1
26336,577.05|447.05
26337,304.7|402.8
26338,325.6|570.45
26339,520.25|380.8
26340,365.55|433.5
26341,279.15|577.25
26342,402.75|395.9
26343,402.05|502.55
26344,354.15|534.7
26345,525.35|538.35
26346,468.2|372.95
26347,441.15|583.65
26348,523.25|544.45
26349,212.0|290.9
26350,260.5|291.05
26351,272.15|381.95
26352,439.1|510.9
26353,211.4|474.95
26354,345.5|557.05
26355,258.0|593.65
26356,459.45|535.45
26357,222.15|332.35
26358,258.75|561.9
26359,548.8|263.0
26360,346.3|207.5
26361,572.45|221.9
26362,265.35|488.15
26363,529.25|461.5
26364,295.3|299.9
26365,256.9|488.35
26366,414.75|487.1
26367,506.3|303.65
26368,457.95|572.7
26369,542.75|219.8
26370,574.6|271.85
26371,459.45|588.45
26372,556.6|590.4
26373,523.65|328.9
26374,534.45|539.95
26375,264.05|436.8
26376,593.95|562.1
26377,381.05|414.8
26378,293.35|384.05
26379,265.95|421.65
26380,365.75|574.25
26381,452.7|449.1
26382,369.9|210.4
26383,447.55|357.8
26384,539.35|334.0
26385,469.0|312.5
26386,437.95|240.35
26387,548.0|353.5
26388,302.15|387.4
26389,559.5|510.85
26390,470.35|313.1
26391,302.35|355.2
26392,577.3|455.8
26393,399.5|328.0
26394,515.75|310.1
26395,408.5|335.3
26396,331.35|393.6
26397,562.65|411.9
26398,530.45|390.4
26399,257.55|228.85
26400,456.65|330.65
26401,583.55|303.75
26402,397.2|296.55
26403,522.75|435.9
26404,235.05|361.8
26405,365.6|372.15
26406,323.9|357.4
26407,401.25|355.5
26408,580.6|553.9
26409,461.65|542.05
26410,479.15|476.8
26411,581.25|536.6
26412,581.0|372.75
26413,356.8|225.0
26414,239.65|237.2
26415,583.35|566.65
26416,545.8|451.65
26417,290.0|306.45
26418,448.95|396.2
26419,493.3|363.75
26420,255.3|383.2
26421,425.15|278.45
26422,541.65|367.35
26423,363.55|581.5
26424,535.0|305.1
26425,564.7|459.45
26426,233.9|483.95
26427,326.75|568.1
26428,379.5|484.3
26429,412.15|590.1
26430,228.2|416.5
26431,219.4|519.3
26432,432.8|396.45
26433,302.65|385.7
26434,556.05|536.4
26435,437.0|252.05
26436,586.65|215.4
26437,459.45|436.95
26438,339.25|419.05
26439,467.6|252.6
26440,587.85|502.6
26441,241.5|285.55
26442,443.95|338.05
26443,415.2|231.75
26444,236.1|278.5
26445,345.4|330.7
26446,371.2|534.0
26447,357.35|504.55
26448,390.9|375.95
26449,474.75|350.4
26450,430.0|322.65
26451,571.05|573.25
26452,249.4|444.55
26453,466.7|317.2
26454,225.85|343.4
26455,565.25|463.3
26456,410.55|376.95
26457,474.7|359.3
26458,358.65|236.05
26459,348.7|552.55
26460,402.95|351.0
26461,466.35|350.45
26462,350.8|373.65
26463,465.55|374.9
26464,247.15|441.6
26465,223.35|498.5
26466,215.75|561.1
26467,511.65|503.2
26468,536.05|407.4
26469,416.05|335.45
26470,479.95|487.3
26471,506.1|524.4
26472,412.1|492.15
26473,511.9|464.6
26474,422.5|521.8
26475,420.7|541.35
26476,344.0|375.75
26477,482.45|491.0
26478,421.1|349.05
26479,353.35|451.85
26480,412.95|270.85
26481,378.7|427.9
26482,259.2|582.95
26483,426.95|380.8
26484,547.6|474.15
26485,546.6|452.85
26486,224.9|411.9
26487,453.75|571.35
26488,362.9|416.5
26489,592.25|513.75
26490,268.4|560.65
26491,540.5|439.35
26492,281.4|315.9
26493,461.8|387.2
26494,250.6|258.65
26495,390.35|330.05
26496,550.1|240.1
26497,343.05|562.4
26498,471.5|455.25
26499,229.2|422.25
26500,286.95|530.25
26501,535.25|505.4
26502,241.25|503.85
26503,378.85|301.25
26504,575.35|250.6
26505,488.4|427.8
26506,236.9|475.05
26507,410.85|360.0
26508,551.6|458.9
26509,261.55|355.15
26510,394.85|254.6
26511,461.6|289.65
26512,447.5|511.45
26513,513.05|536.1
26514,580.6|454.05
26515,375.5|575.05
26516,251.85|320.1
26517,497.15|494.7
26518,383.95|237.5
26519,341.15|330.05
26520,261.65|371.95
26521,525.65|478.65
26522,436.55|494.6
26523,397.75|464.1
26524,249.0|331.65
26525,358.95|274.45
26526,381.55|547.2
26527,213.1|545.25
26528,416.4|209.9
26529,528.2|386.15
26530,536.9|517.65
26531,434.75|531.45
26532,268.3|538.35
26533,262.45|224.05
26534,490.65|313.5
26535,359.75|270.25
26536,260.4|236.6
26537,450.95|389.65
26538,387.45|394.7
26539,446.05|418.0
26540,365.5|558.85
26541,404.65|558.5
26542,281.75|245.75
26543,341.25|534.65
26544,254.1|352.05
26545,278.3|590.25
26546,245.45|573.9
26547,483.45|339.5
26548,425.3|400.45
26549,589.55|538.8
26550,459.8|429.55
26551,551.15|590.9
26552,475.95|275.8
26553,256.55|283.8
26554,275.65|297.95
26555,263.85|372.3
26556,348.95|248.15
26557,317.3|378.75
26558,233.55|365.7
26559,357.45|561.6
26560,283.75|582.0
26561,367.95|487.35
26562,227.75|477.45
26563,585.75|415.95
26564,467.5|256.0
26565,414.0|367.1
26566,410.15|216.8
26567,293.0|259.05
26568,359.5|210.3
26569,428.75|526.05
26570,522.5|361.5
26571,222.35|275.45
26572,511.1|379.05
26573,222.75|410.7
26574,268.05|348.7
26575,226.4|479.35
26576,522.1|352.6
26577,395.35|324.65
26578,245.1|252.9
26579,531.5|569.8
26580,493.35|532.75
26581,378.6|406.6
26582,441.05|581.35
26583,584.9|445.35
26584,499.05|491.0
26585,407.8|384.95
26586,581.65|232.3
26587,536.6|554.0
26588,434.2|332.5
26589,257.9|591.55
26590,404.05|574.5
26591,479.55|481.25
26592,244.55|367.1
26593,404.0|431.35
26594,468.8|478.55
26595,210.0|461.2
26596,473.4|467.0
26597,237.9|504.85
26598,310.75|428.2
26599,333.25|494.2
26600,281.05|541.3
26601,241.5|556.2
26602,474.0|467.3
26603,284.0|330.55
26604,274.15|375.35
26605,372.4|373.3
26606,465.7|458.45
26607,404.9|309.0
26608,222.75|305.0
26609,249.35|478.2
26610,457.2|400.15
26611,469.65|381.65
26612,286.3|372.55
26613,259.95|331.05
26614,576.9|301.7
26615,590.0|368.8
26616,227.5|504.15
26617,548.55|363.0
26618,407.5|232.1
26619,229.9|330.05
26620,454.45|472.75
26621,213.7|481.95
26622,408.1|330.15
26623,315.25|406.2
26624,547.25|504.75
26625,284.0|401.45
26626,539.5|289.0
26627,206.85|466.15
26628,276.3|317.25
26629,425.4|560.0
26630,227.95|378.35
26631,228.1|579.75
26632,374.7|242.65
26633,461.85|552.45
26634,265.45|391.8
26635,291.1|313.4
26636,223.1|559.3
26637,437.55|506.2
26638,538.75|523.7
26639,421.0|249.4
26640,430.65|340.8
26641,577.4|393.25
26642,590.5|368.95
26643,374.9|431.45
26644,393.3|216.25
26645,244.9|568.35
26646,349.35|325.8
26647,360.15|385.2
26648,390.15|567.6
26649,462.65|533.2
26650,415.95|358.7
26651,524.0|445.0
26652,351.75|219.45
26653,322.15|398.85
26654,588.8|422.95
26655,410.95|272.5
26656,353.7|447.4
26657,407.0|588.95
26658,456.2|472.2
26659,293.6|412.1
26660,288.25|408.85
26661,255.9|387.1
26662,287.4|536.3
26663,289.9|415.35
26664,412.25|280.85
26665,209.45|235.35
26666,460.05|402.2
26667,254.55|245.95
26668,431.15|579.0
26669,233.5|519.35
26670,377.75|367.65
26671,223.85|455.65
26672,265.5|351.45
26673,467.65|266.6
26674,353.1|441.85
26675,570.3|281.85
26676,243.95|495.35
26677,486.1|502.8
26678,420.85|512.95
26679,555.45|540.05
26680,273.45|522.1
26681,462.95|510.95
26682,414.15|576.3
26683,292.45|367.75
26684,588.05|485.3
26685,270.05|432.15
26686,512.05|481.6
26687,240.45|573.95
26688,224.4|207.65
26689,356.2|493.8
26690,376.7|399.75
26691,226.75|512.35
26692,523.2|356.55
26693,446.7|542.35
26694,591.65|586.25
26695,208.25|492.65
26696,454.25|456.7
26697,491.1|472.0
26698,500.5|356.45
26699,211.65|262.8
26700,364.0|389.05
26701,365.65|384.25
26702,275.9|244.45
26703,401.35|479.75
26704,372.05|364.3
26705,436.7|436.1
26706,261.55|297.85
26707,353.1|443.7
26708,285.25|453.65
26709,592.9|414.3
26710,348.85|256.25
26711,229.6|330.55
26712,474.2|357.3
26713,463.9|479.35
26714,575.75|438.6
26715,581.95|534.2
26716,297.8|340.6
26717,372.85|388.3
26718,270.55|368.85
26719,479.25|471.15
26720,589.55|214.2
26721,462.9|517.65
26722,256.5|215.1
26723,556.15|378.2
26724,500.95|422.8
26725,284.55|407.35
26726,281.65|436.65
26727,375.7|344.65
26728,338.1|585.05
26729,477.1|241.2
26730,270.95|528.1
26731,377.45|589.0
26732,271.7|540.65
26733,552.3|547.0
26734,580.5|416.85
26735,386.65|590.95
26736,493.9|506.7
26737,370.05|309.25
26738,280.45|574.05
26739,451.45|254.9
26740,418.1|475.75
26741,568.3|420.05
26742,279.85|575.45
26743,480.25|400.15
26744,383.45|481.95
26745,293.5|496.85
26746,528.7|303.8
26747,586.25|286.5
26748,253.1|482.2
26749,315.8|405.3
26750,422.9|589.55
26751,344.45|559.75
26752,578.85|400.0
26753,217.5|470.45
26754,518.6|544.3
26755,470.8|328.8
26756,378.35|574.65
26757,306.0|386.15
26758,295.5|592.55
26759,268.75|332.2
26760,580.2|290.6
26761,571.0|218.45
26762,350.2|361.0
26763,540.45|591.15
26764,340.15|336.05
26765,444.75|359.4
26766,583.4|302.75
26767,471.95|259.9
26768,271.15|593.15
26769,579.8|335.15
26770,205.0|521.55
26771,362.95|371.2
26772,397.6|209.9
26773,282.5|363.2
26774,313.65|482.95
26775,364.35|455.5
26776,473.05|577.2
26777,345.45|372.2
26778,209.2|587.25
26779,555.7|267.3
26780,400.4|420.4
26781,373.1|338.8
26782,227.2|572.9
26783,581.95|233.0
26784,568.55|232.45
26785,210.35|328.9
26786,443.35|591.1
26787,566.25|245.5
26788,531.2|545.05
26789,559.0|409.45
26790,374.4|269.9
26791,346.4|299.75
26792,488.75|349.5
26793,463.55|444.05
26794,214.45|585.1
26795,578.2|462.6
26796,567.0|436.55
26797,248.8|291.75
26798,317.65|351.6
26799,293.8|320.8
26800,544.85|524.45
26801,547.9|299.45
26802,499.75|491.3
26803,374.1|347.0
26804,335.0|553.4
26805,571.0|317.6
26806,468.25|516.45
26807,418.2|277.0
26808,469.3|584.55
26809,583.7|348.15
26810,593.4|358.55
26811,388.85|468.35
26812,381.7|259.25
26813,286.1|448.15
26814,538.1|542.5
26815,474.4|494.2
26816,397.3|218.3
26817,276.05|381.75
26818,348.9|295.15
26819,424.85|443.85
26820,421.95|492.05
26821,423.8|541.45
26822,469.4|448.85
26823,208.0|300.9
26824,532.2|300.45
26825,326.9|351.35
26826,528.9|439.4
26827,411.0|594.2
26828,261.5|427.55
26829,443.35|262.35
26830,282.5|519.85
26831,261.15|573.25
26832,225.25|479.65
26833,349.15|348.1
26834,377.25|488.2
26835,349.05|457.3
26836,514.1|272.9
26837,569.65|308.25
26838,503.75|350.5
26839,242.6|230.95
26840,348.85|244.45
26841,586.5|361.35
26842,432.95|347.6
26843,556.8|251.95
26844,265.2|498.25
26845,342.25|417.7
26846,231.35|313.7
26847,576.2|542.75
26848,211.65|256.35
26849,536.35|453.75
26850,372.2|500.3
26851,262.2|368.15
26852,399.45|486.75
26853,406.3|398.85
26854,465.7|231.3
26855,578.35|220.7
26856,329.85|339.05
26857,510.55|429.9
26858,246.1|287.15
26859,395.75|370.05
26860,233.85|586.45
26861,297.1|494.05
26862,578.3|410.3
26863,211.9|411.75
26864,477.1|452.15
26865,255.4|306.85
26866,443.5|589.6
26867,227.95|466.65
26868,454.05|253.8
26869,219.15|549.35
26870,247.7|526.35
26871,508.4|307.65
26872,452.95|332.55
26873,589.55|475.75
26874,273.45|334.25
26875,341.25|343.65
26876,502.1|269.6
26877,212.6|274.85
26878,352.45|444.9
26879,250.4|217.15
26880,452.25|410.35
26881,591.15|214.25
26882,464.95|317.65
26883,431.4|438.7
26884,209.7|232.15
26885,235.1|233.0
26886,356.05|216.4
26887,578.6|446.2
26888,343.15|272.45
26889,589.9|210.85
26890,589.05|421.65
26891,356.1|326.1
26892,250.35|270.8
26893,218.45|592.35
26894,266.9|349.55
26895,383.7|405.2
26896,567.85|368.6
26897,374.45|214.4
26898,254.25|215.7
26899,258.55|260.25
26900,535.1|318.7
26901,425.95|376.65
26902,552.95|561.5
26903,462.35|337.6
26904,389.7|453.15
26905,548.9|525.75
26906,463.2|224.85
26907,576.35|265.9
26908,295.75|373.5
26909,591.2|400.25
26910,262.5|341.7
26911,423.35|538.45
26912,251.35|430.4
26913,452.2|523.9
26914,347.65|450.45
26915,227.3|257.15
26916,457.4|252.15
26917,363.95|258.55
26918,285.9|412.35
26919,255.85|545.65
26920,373.6|486.0
26921,410.5|336.6
26922,502.9|452.25
26923,535.15|565.2
26924,464.7|392.0
26925,221.75|496.0
26926,465.15|329.3
26927,291.6|374.6
26928,535.85|540.25
26929,335.8|327.8
26930,210.35|483.75
26931,208.2|452.25
26932,507.95|482.0
26933,298.15|313.0
26934,525.05|449.85
26935,467.75|320.35
26936,386.4|423.6
26937,214.85|272.15
26938,455.5|482.45
26939,529.05|343.95
26940,476.6|529.65
26941,276.35|354.45
26942,478.3|463.15
26943,519.2|510.4
26944,392.0|411.65
26945,556.85|501.25
26946,590.55|395.35
26947,264.4|565.35
26948,409.2|508.9
26949,459.25|328.2
26950,452.5|237.55
26951,251.7|554.6
26952,226.55|540.05
26953,271.55|377.45
26954,235.35|305.55
26955,561.35|279.55
26956,269.2|526.7
26957,329.1|421.6
26958,219.85|251.35
26959,472.25|281.0
26960,388.35|409.45
26961,561.05|364.75
26962,413.7|264.1
26963,283.05|433.1
26964,561.95|313.4
26965,574.35|402.1
26966,280.9|533.95
26967,337.45|427.0
26968,588.7|473.4
26969,258.85|453.6
26970,352.3|214.35
26971,309.15|531.65
26972,277.6|550.9
26973,375.95|488.5
26974,373.35|435.7
26975,390.75|470.4
26976,269.9|462.7
26977,399.05|591.4
26978,384.4|488.8
26979,283.2|450.85
26980,351.0|335.5
26981,279.8|579.4
26982,411.4|589.7
26983,540.4|588.25
26984,274.2|571.5
26985,567.15|261.25
26986,460.7|462.0
26987,524.6|509.45
26988,263.75|307.45
26989,243.25|307.85
26990,459.0|513.9
26991,429.5|331.8
26992,435.25|321.1
26993,427.75|472.7
26994,426.8|449.35
26995,574.6|213.8
26996,580.0|332.95
26997,569.8|587.05
26998,494.2|560.05
26999,350.3|541.6
27000,252.05|573.75
27001,451.3|397.0
27002,487.85|506.9
27003,279.15|574.7
27004,297.35|333.35
27005,448.6|504.9
27006,231.0|593.5
27007,402.95|341.4
27008,519.3|303.25
27009,528.8|577.6
27010,425.25|590.65
27011,230.35|420.25
27012,433.45|319.4
27013,581.55|319.95
27014,557.45|254.65
27015,273.6|323.85
27016,336.4|335.05
27017,428.55|584.0
27018,561.8|535.35
27019,515.5|445.45
27020,222.75|269.05
27021,575.95|299.5
27022,528.25|446.3
27023,358.25|284.95
27024,368.25|565.4
27025,215.7|483.1
27026,288.0|394.45
27027,218.8|481.5
27028,473.9|228.85
27029,459.25|299.1
27030,453.05|550.5
27031,536.15|324.8
27032,426.6|324.35
27033,419.6|271.65
27034,287.75|582.75
27035,450.8|496.55
27036,280.95|432.85
27037,260.95|482.45
27038,382.45|459.35
27039,469.3|277.3
27040,538.35|587.05
27041,561.35|443.85
27042,250.3|446.2
27043,238.7|452.0
27044,230.05|493.25
27045,594.6|290.55
27046,321.4|330.8
27047,264.25|215.05
27048,460.2|446.45
27049,261.25|593.1
27050,428.1|370.6
27051,538.7|305.95
27052,574.15|348.55
27053,370.95|471.7
27054,580.4|311.25
27055,296.35|422.65
27056,357.85|434.35
27057,519.45|489.5
27058,245.65|274.05
27059,446.8|217.15
27060,436.05|224.75
27061,259.5|362.9
27062,259.85|421.8
27063,250.65|428.6
27064,442.25|552.2
27065,483.6|210.15
27066,225.45|419.6
27067,463.15|521.7
27068,516.05|458.05
27069,374.55|418.9
27070,508.65|280.35
27071,526.0|534.1
27072,382.45|213.4
27073,427.45|362.3
27074,480.65|352.05
27075,558.55|392.95
27076,465.2|449.35
27077,574.9|588.5
27078,484.1|328.9
27079,443.7|484.85
27080,269.05|291.05
27081,387.6|485.5
27082,307.15|408.05
27083,356.05|268.65
27084,215.55|425.3
27085,372.2|404.8
27086,476.15|294.15
27087,555.15|588.45
27088,415.4|389.05
27089,232.95|577.2
27090,552.2|488.4
27091,233.8|261.8
27092,530.15|471.45
27093,371.95|278.8
27094,424.55|383.55
27095,553.55|241.35
27096,372.75|284.85
27097,224.95|590.5
27098,332.6|561.3
27099,224.75|311.75
27100,223.45|592.5
27101,303.2|269.55
27102,384.4|403.6
27103,583.85|222.35
27104,252.1|244.65
27105,208.0|469.5
27106,476.9|406.25
27107,562.75|235.8
27108,436.5|421.35
27109,273.2|580.5
27110,433.8|528.8
27111,348.75|370.3
27112,442.5|493.35
27113,205.35|321.3
27114,296.9|475.65
27115,553.8|290.15
27116,587.5|590.25
27117,389.8|215.55
27118,243.7|512.55
27119,535.5|261.85
27120,438.55|500.7
27121,518.2|543.8
27122,468.6|315.5
27123,281.9|392.45
27124,276.45|346.2
27125,272.3|548.85
27126,563.0|527.4
27127,217.5|225.45
27128,517.25|447.15
27129,283.4|342.15
27130,298.25|332.15
27131,375.7|566.9
27132,261.8|433.05
27133,289.2|511.55
27134,423.85|469.9
27135,592.3|554.65
27136,489.55|337.95
27137,261.1|570.3
27138,353.45|245.2
27139,503.25|503.05
27140,566.35|452.0
27141,416.1|222.1
27142,573.65|403.65
27143,388.95|303.4
27144,207.7|391.65
27145,550.2|439.6
27146,337.7|210.3
27147,411.45|322.5
27148,438.65|468.9
27149,331.0|428.95
27150,506.15|507.7
27151,475.1|351.2
27152,412.1|433.05
27153,218.35|256.55
27154,239.2|258.55
27155,581.55|227.8
27156,211.0|457.0
27157,472.3|275.1
27158,470.1|339.5
27159,258.5|539.5
27160,410.8|335.45
27161,213.0|583.8
27162,217.65|360.05
27163,576.45|446.6
27164,339.75|393.6
27165,379.8|272.05
27166,217.15|467.05
27167,296.15|321.55
27168,525.8|289.0
27169,590.95|264.7
27170,473.05|342.95
27171,227.05|277.65
27172,314.9|442.6
27173,247.7|372.45
27174,558.95|273.9
27175,345.75|254.85
27176,260.15|268.9
27177,398.8|590.85
27178,479.75|379.25
27179,287.45|551.95
27180,543.95|543.35
27181,550.0|291.25
27182,366.2|447.8
27183,474.95|243.1
27184,514.6|378.5
27185,556.9|506.25
27186,587.4|516.45
27187,460.25|590.05
27188,590.95|399.85
27189,591.35|292.85
27190,276.35|567.8
27191,426.75|400.7
27192,291.05|400.05
27193,385.6|510.9
27194,399.25|330.7
27195,480.2|495.9
27196,396.8|327.45
27197,423.0|438.2
27198,212.5|338.7
27199,493.1|361.15
27200,330.45|215.55
27201,435.35|346.5
27202,534.05|533.15
27203,536.15|513.85
27204,457.7|449.5
27205,233.45|389.95
27206,243.9|369.75
27207,418.35|535.5
27208,591.9|589.85
27209,249.85|272.85
27210,574.5|285.95
27211,460.1|330.45
27212,572.65|592.3
27213,348.05|506.7
27214,366.8|271.65
27215,229.3|528.3
27216,413.6|559.35
27217,254.5|251.85
27218,208.3|586.0
27219,571.65|592.0
27220,271.1|282.25
27221,472.35|346.85
27222,360.9|550.75
27223,397.6|334.75
27224,377.65|289.6
27225,378.7|289.75
27226,289.5|559.15
27227,341.1|332.9
27228,235.55|507.8
27229,214.1|329.45
27230,246.8|508.5
27231,380.5|485.9
27232,215.2|472.95
27233,276.8|496.75
27234,436.75|297.7
27235,564.6|458.8
27236,281.6|421.15
27237,415.55|565.9
27238,218.2|406.5
27239,372.1|440.7
27240,560.85|588.15
27241,493.75|245.5
27242,455.25|463.3
27243,422.55|560.55
27244,589.15|369.6
27245,263.7|567.2
27246,246.05|430.8
27247,207.5|571.75
27248,345.05|460.75
27249,533.2|342.1
27250,577.55|269.45
27251,592.95|411.35
27252,584.8|363.75
27253,488.15|500.45
27254,413.8|550.0
27255,423.75|212.55
27256,281.15|545.6
27257,212.4|226.45
27258,407.7|281.45
27259,541.4|427.85
27260,339.85|333.0
27261,474.65|324.7
27262,556.75|525.95
27263,488.0|522.85
27264,393.25|553.6
27265,403.3|383.05
27266,443.65|555.2
27267,240.55|369.15
27268,387.35|284.3
27269,415.55|377.25
27270,335.05|326.8
27271,263.6|315.55
27272,559.15|460.8
27273,583.25|236.65
27274,570.95|485.75
27275,445.3|591.75
27276,387.3|545.1
27277,253.75|438.05
27278,239.45|578.75
27279,554.9|481.8
27280,584.6|505.1
27281,398.55|366.65
27282,483.35|221.05
27283,530.25|393.5
27284,230.7|550.75
27285,231.6|508.05
27286,430.85|590.1
27287,418.05|579.2
27288,215.7|335.8
27289,205.55|464.25
27290,393.9|375.85
27291,462.4|521.7
27292,466.6|461.15
27293,354.0|268.55
27294,425.6|339.95
27295,531.15|290.05
27296,550.4|535.1
27297,444.25|266.0
27298,567.9|243.95
27299,347.95|427.8
27300,529.5|449.1
27301,418.7|376.65
27302,324.35|324.5
27303,223.35|579.15
27304,282.7|471.85
27305,211.35|308.35
27306,251.5|551.85
27307,553.7|428.0
27308,448.2|538.35
27309,358.3|350.2
27310,293.3|373.25
27311,338.1|511.35
27312,421.6|474.3
27313,383.15|490.6
27314,240.7|548.95
27315,473.05|432.25
27316,468.9|295.7
27317,480.65|237.65
27318,281.75|501.15
27319,232.0|391.9
27320,569.6|588.1
27321,368.85|214.5
27322,361.8|392.9
27323,334.95|230.0
27324,228.6|444.2
27325,591.75|272.8
27326,411.05|365.35
27327,429.0|450.6
27328,244.05|228.1
27329,234.0|216.4
27330,221.2|297.45
27331,239.4|561.65
27332,370.55|319.2
27333,533.45|439.55
27334,529.2|552.5
27335,553.15|225.75
27336,382.4|255.95
27337,351.65|233.25
27338,468.2|279.35
27339,424.7|369.85
27340,473.15|513.5
27341,592.45|229.15
27342,476.7|465.9
27343,576.2|509.9
27344,312.6|320.85
27345,447.65|309.1
27346,545.05|303.8
27347,376.85|267.55
27348,291.25|329.6
27349,386.4|460.75
27350,388.35|485.15
27351,397.5|473.9
27352,373.45|562.4
27353,266.8|425.45
27354,594.25|279.3
27355,564.75|281.05
27356,509.9|519.95
27357,252.45|550.25
27358,431.6|578.45
27359,415.95|562.4
27360,395.4|577.4
27361,341.8|366.75
27362,592.8|488.7
27363,247.75|472.25
27364,254.0|476.85
27365,215.55|253.05
27366,451.0|589.65
27367,422.65|353.35
27368,431.15|573.9
27369,395.15|353.8
27370,221.1|469.5
27371,455.6|502.35
27372,231.8|367.35
27373,209.8|301.2
27374,317.45|389.15
27375,235.5|216.8
27376,500.55|476.2
27377,443.9|336.9
27378,240.8|536.25
27379,238.15|262.15
27380,469.8|350.85
27381,480.45|326.6
27382,529.4|482.95
27383,340.6|226.9
27384,436.4|336.05
27385,334.95|335.6
27386,591.7|315.0
27387,277.5|292.85
27388,465.15|328.4
27389,588.5|356.65
27390,427.75|397.15
27391,263.8|474.95
27392,270.4|228.55
27393,369.35|436.4
27394,346.7|518.65
27395,451.4|343.25
27396,456.5|573.4
27397,349.8|207.2
27398,580.85|225.2
27399,275.1|253.15
27400,554.35|234.35
27401,479.1|245.85
27402,439.5|237.7
27403,590.75|363.65
27404,230.3|306.6
27405,535.95|261.65
27406,345.85|213.35
27407,454.15|581.9
27408,237.3|544.4
27409,428.5|427.95
27410,276.65|577.7
27411,281.05|358.75
27412,406.0|387.3
27413,441.55|310.8
27414,236.3|421.65
27415,273.3|403.2
27416,350.5|224.25
27417,414.05|479.5
27418,497.15|323.7
27419,277.45|591.8
27420,306.85|328.1
27421,251.95|526.95
27422,415.85|463.1
27423,528.7|413.05
27424,213.85|436.85
27425,479.4|503.1
27426,217.6|325.75
27427,455.0|565.95
27428,582.75|292.35
27429,292.45|519.6
27430,450.85|580.8
27431,395.7|445.4
27432,272.4|241.75
27433,441.4|424.45
27434,554.9|588.55
27435,236.7|425.4
27436,254.0|575.5
27437,457.35|453.65
27438,211.7|473.35
27439,532.85|547.25
27440,340.55|213.4
27441,220.95|296.7
27442,588.6|493.55
27443,323.1|412.85
27444,351.05|339.15
27445,363.35|323.15
27446,480.15|434.0
27447,461.55|577.8
27448,427.95|548.25
27449,585.25|271.1
27450,463.45|298.9
27451,237.9|574.4
27452,397.35|333.05
27453,407.65|301.6
27454,588.55|358.6
27455,465.55|519.65
27456,344.65|574.55
27457,574.9|487.4
27458,428.65|347.9
27459,469.5|456.1
27460,473.4|235.1
27461,413.2|372.85
27462,470.95|470.35
27463,259.95|262.6
27464,362.7|252.3
27465,425.45|245.5
27466,347.85|271.55
27467,234.15|329.7
27468,455.15|469.95
27469,402.6|562.15
27470,458.25|345.55
27471,591.05|383.95
27472,250.5|373.35
27473,255.35|458.55
27474,428.1|383.55
27475,555.15|313.25
27476,450.2|461.6
27477,233.75|393.15
27478,463.4|345.75
27479,235.4|565.9
27480,551.55|577.05
27481,286.05|525.4
27482,389.5|281.6
27483,489.65|482.15
27484,511.95|347.9
27485,280.85|431.15
27486,472.7|558.3
27487,265.4|583.95
27488,245.45|574.6
27489,373.4|425.0
27490,256.15|244.95
27491,550.1|447.05
27492,340.55|294.8
27493,463.7|537.65
27494,306.45|365.5
27495,487.55|365.05
27496,388.0|280.95
27497,364.35|589.6
27498,433.45|534.25
27499,341.8|251.25
27500,412.9|520.2
27501,393.75|449.85
27502,555.15|303.9
27503,581.15|423.7
27504,424.25|360.4
27505,242.7|591.1
27506,257.9|336.15
27507,215.4|255.6
27508,478.4|456.1
27509,373.65|286.85
27510,347.0|297.8
27511,354.55|222.65
27512,549.5|583.95
27513,264.0|274.8
27514,458.65|386.95
27515,590.05|471.5
27516,420.75|269.25
27517,557.8|242.95
27518,247.65|284.1
27519,495.75|499.7
27520,550.0|586.05
27521,473.05|512.9
27522,421.2|498.3
27523,566.05|287.35
27524,413.4|569.7
27525,366.05|249.25
27526,343.15|539.7
27527,294.2|336.6
27528,434.4|217.95
27529,468.15|250.2
27530,226.05|244.0
27531,273.85|566.4
27532,471.6|502.2
27533,281.6|388.05
27534,283.45|444.45
27535,213.75|475.55
27536,288.65|520.3
27537,587.1|563.0
27538,405.3|525.8
27539,425.8|588.95
27540,392.7|537.05
27541,335.9|357.6
27542,295.3|363.45
27543,469.4|248.0
27544,586.6|375.3
27545,281.9|372.85
27546,447.8|375.0
27547,576.45|507.05
27548,334.75|422.1
27549,344.25|577.6
27550,324.2|542.25
27551,495.4|457.35
27552,461.35|345.25
27553,463.35|372.75
27554,258.45|264.65
27555,209.45|566.6
27556,207.3|320.55
27557,208.05|589.5
27558,216.75|296.05
27559,295.25|284.7
27560,507.15|454.6
27561,595.55|416.0
27562,262.4|566.25
27563,397.2|452.7
27564,347.75|437.1
27565,395.7|352.3
27566,285.3|478.75
27567,441.95|451.8
27568,231.25|588.4
27569,216.55|301.75
27570,233.95|401.15
27571,341.65|400.3
27572,409.2|248.75
27573,243.6|293.95
27574,268.8|304.2
27575,317.55|376.7
27576,373.0|366.55
27577,430.75|583.2
27578,206.95|582.4
27579,342.0|429.8
27580,485.1|289.0
27581,474.55|251.05
27582,384.75|392.65
27583,546.05|515.85
27584,403.4|446.05
27585,583.0|421.9
27586,583.95|492.15
27587,378.4|278.85
27588,445.45|450.05
27589,371.15|282.15
27590,480.95|349.65
27591,296.85|379.1
27592,401.75|590.65
27593,537.85|342.3
27594,211.25|239.8
27595,207.85|587.5
27596,460.65|491.85
27597,291.5|349.7
27598,546.3|302.8
27599,439.9|589.4
27600,295.3|342.5
27601,374.5|385.75
27602,427.6|392.5
27603,400.25|332.2
27604,475.8|337.2
27605,412.5|368.25
27606,424.7|332.6
27607,580.5|404.05
27608,423.05|307.65
27609,337.8|347.1
27610,266.8|217.2
27611,525.7|428.65
27612,467.5|218.85
27613,245.45|316.15
27614,474.85|340.3
27615,284.45|370.3
27616,490.8|505.35
27617,232.75|475.8
27618,235.85|440.5
27619,395.9|474.85
27620,207.5|329.3
27621,263.05|551.2
27622,221.65|579.3
27623,236.05|517.45
27624,319.55|286.45
27625,380.95|382.85
27626,211.95|333.4
27627,361.25|371.05
27628,210.85|320.65
27629,210.75|457.7
27630,378.8|569.3
27631,519.45|435.7
27632,463.7|391.1
27633,493.85|500.3
27634,241.3|555.65
27635,238.1|267.5
27636,396.8|567.9
27637,449.1|498.55
27638,550.2|261.3
27639,593.15|277.2
27640,480.65|230.1
27641,387.4|471.7
27642,545.3|467.55
27643,451.6|345.75
27644,219.95|557.85
27645,318.45|416.35
27646,211.6|292.35
27647,414.5|567.25
27648,583.8|511.7
27649,488.25|384.45
27650,537.2|459.4
27651,484.7|524.95
27652,393.9|334.4
27653,273.65|354.7
27654,400.6|238.65
27655,256.3|547.6
27656,242.4|339.5
27657,575.7|499.75
27658,446.9|395.0
27659,448.65|538.7
27660,528.15|488.5
27661,226.45|237.95
27662,425.35|398.85
27663,351.1|386.35
27664,453.05|268.3
27665,246.5|217.65
27666,274.75|428.0
27667,216.55|578.6
27668,413.35|264.4
27669,258.5|298.4
27670,219.8|418.9
27671,280.95|332.95
27672,429.2|581.2
27673,590.55|292.35
27674,432.9|379.0
27675,570.35|259.1
27676,413.75|380.3
27677,230.3|511.1
27678,419.45|346.75
27679,402.75|388.1
27680,223.75|428.95
27681,527.9|363.7
27682,541.15|314.15
27683,459.3|567.9
27684,436.5|557.0
27685,225.55|287.75
27686,467.05|255.05
27687,434.95|381.8
27688,352.0|593.6
27689,231.45|427.45
27690,500.4|446.25
27691,263.2|277.0
27692,594.15|576.85
27693,264.05|378.15
27694,489.45|420.0
27695,543.75|564.85
27696,288.75|342.85
27697,252.25|337.6
27698,250.15|220.85
27699,431.85|409.85
27700,467.1|331.8
27701,579.55|294.35
27702,411.9|474.15
27703,347.15|462.25
27704,524.7|219.65
27705,449.4|501.9
27706,562.25|227.15
27707,223.85|373.4
27708,477.8|511.2
27709,332.2|532.6
27710,225.95|484.25
27711,215.6|383.1
27712,209.35|330.45
27713,490.55|367.3
27714,545.6|530.05
27715,261.65|434.8
27716,571.35|456.1
27717,269.1|511.75
27718,594.1|581.8
27719,392.3|411.8
27720,538.0|540.0
27721,491.3|401.75
27722,517.85|446.55
27723,366.0|211.55
27724,572.6|460.9
27725,212.05|503.65
27726,542.15|470.95
27727,519.8|523.7
27728,381.4|277.1
27729,449.2|258.0
27730,219.55|301.4
27731,587.1|481.45
27732,536.15|561.5
27733,273.95|371.25
27734,258.15|458.2
27735,588.05|421.35
27736,455.2|574.9
27737,536.9|327.3
27738,475.95|415.65
27739,381.45|381.35
27740,451.85|582.9
27741,524.85|530.45
27742,433.45|405.0
27743,474.8|542.05
27744,353.0|255.65
27745,344.6|337.3
27746,247.2|538.9
27747,283.95|357.95
27748,404.25|463.0
27749,531.25|398.7
27750,364.3|432.4
27751,358.15|327.45
27752,569.2|268.9
27753,338.8|517.55
27754,220.05|588.05
27755,377.15|489.35
27756,533.35|405.05
27757,530.05|228.8
27758,205.35|581.55
27759,373.85|569.4
27760,559.2|452.3
27761,401.5|575.55
27762,444.55|294.85
27763,232.55|353.5
27764,333.8|520.2
27765,492.8|515.95
27766,582.8|522.85
27767,390.25|325.95
27768,238.35|445.05
27769,584.2|507.6
27770,365.05|217.15
27771,352.5|218.25
27772,247.1|254.2
27773,587.65|482.35
27774,270.35|366.35
27775,567.5|322.1
27776,340.15|562.9
27777,266.4|451.15
27778,340.9|318.05
27779,570.25|414.6
27780,366.95|363.65
27781,345.55|422.25
27782,230.25|256.45
27783,394.35|300.7
27784,532.15|505.9
27785,581.25|556.0
27786,442.05|583.1
27787,289.75|294.25
27788,578.65|413.4
27789,348.1|444.75
27790,562.4|363.1
27791,338.0|420.85
27792,542.85|554.3
27793,355.35|418.2
27794,268.1|247.35
27795,413.7|475.3
27796,396.9|594.3
27797,211.35|584.1
27798,440.55|559.75
27799,397.85|324.15
27800,220.55|590.05
27801,533.35|424.85
27802,466.5|307.6
27803,568.6|465.45
27804,589.85|587.75
27805,347.15|263.25
27806,469.9|246.05
27807,557.0|518.7
27808,438.1|471.45
27809,463.1|316.8
27810,457.4|331.9
27811,571.55|518.75
27812,581.25|489.55
27813,585.65|218.9
27814,285.2|317.9
27815,585.9|210.45
27816,387.55|568.25
27817,258.15|259.0
27818,280.9|292.75
27819,382.05|533.45
27820,505.35|391.15
27821,580.85|408.5
27822,276.2|246.75
27823,586.65|590.6
27824,583.1|256.05
27825,516.9|481.3
27826,404.7|399.15
27827,574.15|473.35
27828,585.2|308.45
27829,518.55|352.1
27830,230.05|403.6
27831,382.3|251.15
27832,354.35|568.3
27833,221.2|251.5
27834,255.05|498.05
27835,464.1|549.7
27836,350.05|441.4
27837,455.95|484.15
27838,501.0|489.7
27839,458.8|356.0
27840,579.2|466.1
27841,394.75|470.7
27842,343.35|229.75
27843,544.3|340.6
27844,400.55|578.35
27845,562.75|552.35
27846,392.15|452.7
27847,513.85|439.6
27848,433.3|417.35
27849,383.1|523.25
27850,307.5|449.2
27851,312.9|543.1
27852,214.05|252.45
27853,377.7|410.75
27854,533.0|365.1
27855,499.3|357.05
27856,535.1|442.25
27857,474.25|334.95
27858,261.0|221.25
27859,437.6|406.05
27860,533.2|588.55
27861,451.45|303.55
27862,468.0|366.85
27863,433.65|243.6
27864,583.15|562.85
27865,392.8|582.8
27866,276.6|459.95
27867,429.85|584.7
27868,591.4|258.3
27869,347.65|405.75
27870,305.3|355.4
27871,440.3|340.9
27872,522.7|536.65
27873,474.25|415.9
27874,347.6|580.1
27875,577.9|267.05
27876,217.75|263.8
27877,245.0|356.2
27878,267.05|354.45
27879,479.35|222.85
27880,427.6|448.75
27881,326.2|534.85
27882,281.4|583.9
27883,223.0|239.2
27884,407.6|545.4
27885,376.9|514.35
27886,580.15|471.4
27887,552.25|579.6
27888,234.15|485.7
27889,452.25|363.3
27890,254.55|258.95
27891,369.0|399.3
27892,431.95|511.3
27893,515.45|416.05
27894,339.5|253.2
27895,212.05|530.0
27896,514.6|539.2
27897,476.6|244.3
27898,593.15|589.6
27899,350.5|438.8
27900,560.4|583.0
27901,239.6|355.0
27902,369.95|317.15
27903,412.1|468.4
27904,393.1|408.65
27905,433.35|479.35
27906,519.55|437.6
27907,304.15|420.95
27908,387.1|236.75
27909,386.95|589.2
27910,238.95|332.8
27911,430.45|335.75
27912,390.25|349.2
27913,432.3|476.75
27914,580.7|411.65
27915,418.4|234.75
27916,229.15|229.5
27917,458.85|441.4
27918,288.3|470.05
27919,437.75|588.75
27920,272.95|413.95
27921,211.1|450.1
27922,528.6|335.4
27923,531.5|568.5
27924,374.45|473.7
27925,590.5|473.2
27926,363.55|444.9
27927,371.35|254.7
27928,518.8|558.55
27929,350.95|451.9
27930,395.4|233.1
27931,347.7|332.85
27932,289.0|339.05
27933,281.75|378.85
27934,551.35|237.95
27935,412.2|426.6
27936,337.3|228.5
27937,289.9|433.8
27938,542.3|345.1
27939,461.6|558.65
27940,553.95|246.8
27941,463.7|556.05
27942,218.7|490.1
27943,227.55|581.1
27944,563.4|531.25
27945,263.95|281.45
27946,589.6|277.1
27947,475.0|514.2
27948,428.15|493.6
27949,585.9|562.2
27950,522.45|504.85
27951,241.05|535.2
27952,365.15|214.1
27953,227.15|245.55
27954,218.3|240.85
27955,359.3|404.95
27956,289.65|317.6
27957,553.65|258.75
27958,448.6|284.7
27959,418.15|587.75
27960,410.2|358.15
27961,537.35|336.85
27962,318.5|329.1
27963,432.85|354.7
27964,283.3|499.55
27965,482.65|337.05
27966,208.55|278.7
27967,376.65|282.7
27968,560.3|542.25
27969,575.55|379.85
27970,249.65|579.45
27971,315.8|511.7
27972,379.6|241.8
27973,452.4|328.35
27974,396.15|333.45
27975,358.15|208.95
27976,578.95|314.95
27977,527.9|406.3
27978,355.8|587.8
27979,303.85|402.3
27980,456.7|389.6
27981,410.2|346.8
27982,456.5|472.4
27983,566.5|498.75
27984,561.15|569.65
27985,371.05|526.9
27986,276.2|537.35
27987,549.0|252.75
27988,331.95|259.0
27989,582.85|539.75
27990,288.75|334.45
27991,455.3|573.2
27992,589.85|363.1
27993,385.25|505.65
27994,253.85|536.95
27995,338.65|295.9
27996,335.75|325.35
27997,358.0|596.1
27998,267.85|281.0
27999,349.35|333.35
28000,287.4|410.8
28001,541.25|584.4
28002,409.15|458.3
28003,406.6|229.85
28004,219.15|307.55
28005,323.65|416.85
28006,483.8|242.15
28007,526.1|527.3
28008,384.4|408.65
28009,453.0|235.25
28010,412.05|437.35
28011,458.65|578.2
28012,280.7|585.45
28013,460.6|234.6
28014,473.25|339.6
28015,259.35|420.9
28016,386.65|567.3
28017,250.6|527.6
28018,445.15|458.3
28019,587.05|255.35
28020,425.1|313.15
28021,590.8|212.85
28022,397.75|363.95
28023,220.45|421.05
28024,544.4|488.45
28025,208.45|244.9
28026,267.1|316.7
28027,345.45|522.5
28028,421.4|329.5
28029,348.35|275.75
28030,418.5|246.35
28031,435.7|346.7
28032,228.0|592.3
28033,370.15|397.25
28034,284.65|439.1
28035,392.3|206.75
28036,436.85|381.4
28037,386.05|308.6
28038,468.25|240.4
28039,399.5|268.3
28040,506.2|304.8
28041,427.35|229.3
28042,215.85|475.7
28043,282.0|513.8
28044,462.55|384.45
28045,355.05|381.65
28046,397.45|443.7
28047,272.1|378.7
28048,553.6|287.65
28049,354.2|482.0
28050,556.8|307.4
28051,383.8|293.05
28052,546.65|245.25
28053,583.55|579.35
28054,264.85|555.45
28055,212.45|584.3
28056,402.6|398.2
28057,417.9|535.5
28058,431.5|250.15
28059,383.95|225.0
28060,486.65|375.05
28061,405.6|592.9
28062,212.65|242.6
28063,287.15|556.3
28064,570.15|341.2
28065,590.35|471.7
28066,475.7|468.25
28067,301.5|369.9
28068,388.45|254.6
28069,249.2|397.1
28070,416.8|263.55
28071,385.85|518.5
28072,245.95|410.7
28073,557.4|560.3
28074,425.75|587.95
28075,308.95|590.95
28076,520.2|444.45
28077,317.75|328.4
28078,281.7|496.05
28079,583.45|554.1
28080,409.4|226.6
28081,250.5|218.0
28082,367.3|237.25
28083,590.6|488.6
28084,221.5|465.75
28085,581.15|376.65
28086,230.4|392.85
28087,486.1|355.3
28088,274.15|299.4
28089,558.15|434.65
28090,424.4|249.7
28091,579.9|353.3
28092,405.25|573.65
28093,502.3|437.75
28094,465.75|232.65
28095,460.25|403.15
28096,288.95|539.35
28097,266.5|504.2
28098,474.6|278.55
28099,478.45|365.1
28100,545.15|506.95
28101,485.25|218.9
28102,392.95|504.2
28103,467.1|272.2
28104,394.05|440.55
28105,439.85|582.3
28106,260.3|507.9
28107,283.25|268.1
28108,487.45|332.25
28109,583.95|364.05
28110,266.45|213.75
28111,591.9|282.5
28112,287.2|573.55
28113,406.6|463.3
28114,438.95|326.1
28115,409.75|586.7
28116,530.05|541.2
28117,230.25|577.35
28118,574.1|513.75
28119,373.6|278.6
28120,340.15|541.45
28121,396.75|389.75
28122,421.5|389.55
28123,284.0|502.65
28124,355.1|385.55
28125,232.1|543.9
28126,549.95|542.0
28127,330.15|388.5
28128,394.5|396.4
28129,531.05|564.35
28130,379.0|484.8
28131,568.55|528.35
28132,431.55|474.95
28133,352.8|347.7
28134,414.6|322.35
28135,272.6|461.2
28136,212.65|586.8
28137,303.5|543.5
28138,322.15|570.8
28139,227.5|243.55
28140,343.7|261.7
28141,426.0|561.7
28142,323.95|404.4
28143,363.4|263.5
28144,414.65|472.9
28145,465.45|354.55
28146,429.65|400.75
28147,539.5|587.75
28148,311.85|320.85
28149,381.05|485.65
28150,529.35|542.1
28151,361.35|524.65
28152,425.1|592.45
28153,381.5|396.7
28154,472.25|461.7
28155,476.25|273.7
28156,399.65|583.25
28157,372.9|563.2
28158,560.15|540.55
28159,218.3|486.15
28160,206.55|584.95
28161,362.7|440.6
28162,283.95|256.15
28163,479.1|365.75
28164,461.0|307.9
28165,352.4|326.9
28166,461.0|434.6
28167,592.9|481.25
28168,588.4|509.15
28169,231.6|394.2
28170,394.05|389.65
28171,534.65|323.7
28172,575.9|562.2
28173,285.9|351.3
28174,282.05|569.6
28175,560.7|301.2
28176,372.05|476.45
28177,555.95|325.95
28178,209.25|235.75
28179,289.15|275.7
28180,357.15|518.4
28181,432.25|363.65
28182,442.5|242.75
28183,555.1|274.9
28184,250.55|367.45
28185,207.1|582.0
28186,428.4|400.1
28187,356.65|552.6
28188,562.15|454.2
28189,430.3|468.55
28190,369.45|209.25
28191,398.65|527.25
28192,533.7|444.7
28193,465.0|407.25
28194,341.85|592.8
28195,256.4|223.85
28196,369.7|285.45
28197,400.85|310.15
28198,516.8|381.8
28199,281.75|544.45
28200,379.75|375.9
28201,340.35|532.2
28202,379.35|285.3
28203,580.35|408.7
28204,344.4|552.05
28205,459.45|223.85
28206,458.1|415.55
28207,541.25|276.55
28208,544.15|276.4
28209,553.05|227.05
28210,315.75|360.45
28211,457.65|484.7
28212,211.0|379.75
28213,334.5|383.7
28214,525.85|420.5
28215,352.25|587.0
28216,343.25|252.65
28217,249.5|438.15
28218,260.05|279.45
28219,420.4|556.15
28220,396.95|505.25
28221,520.8|537.1
28222,494.65|388.4
28223,402.3|575.7
28224,249.9|371.35
28225,390.05|473.6
28226,389.45|426.5
28227,350.9|288.3
28228,281.25|320.5
28229,484.6|272.15
28230,318.75|309.6
28231,383.15|467.45
28232,276.0|377.6
28233,312.55|349.15
28234,478.8|231.1
28235,448.25|575.1
28236,309.8|462.2
28237,209.45|494.35
28238,342.65|522.9
28239,491.2|222.8
28240,202.8|487.2
28241,419.4|581.05
28242,566.55|299.3
28243,472.75|350.0
28244,259.25|360.85
28245,266.4|478.05
28246,276.6|367.6
28247,464.4|379.45
28248,565.5|371.1
28249,242.3|491.45
28250,402.3|553.55
28251,246.55|247.5
28252,418.2|280.6
28253,449.05|230.05
28254,580.75|243.3
28255,235.85|426.6
28256,393.9|317.3
28257,545.7|551.05
28258,376.95|498.05
28259,592.0|571.8
28260,394.9|478.8
28261,564.3|402.3
28262,342.0|277.35
28263,354.95|455.95
28264,275.75|452.75
28265,251.15|267.9
28266,236.45|440.2
28267,465.6|574.2
28268,566.3|434.15
28269,587.9|318.9
28270,464.6|551.5
28271,466.85|239.2
28272,373.95|510.6
28273,368.25|382.25
28274,224.55|493.8
28275,424.15|387.55
28276,251.95|486.45
28277,366.7|351.1
28278,241.25|291.05
28279,258.3|210.55
28280,445.55|394.65
28281,461.1|445.2
28282,402.95|361.0
28283,541.2|292.05
28284,567.85|526.25
28285,586.25|493.65
28286,577.0|327.2
28287,229.65|517.05
28288,346.9|209.0
28289,216.4|239.35
28290,572.2|219.95
28291,565.05|520.4
28292,250.15|235.2
28293,280.95|549.8
28294,520.1|465.25
28295,581.8|282.75
28296,546.25|583.3
28297,404.6|471.8
28298,592.35|423.55
28299,207.85|460.35
28300,317.45|419.9
28301,364.45|574.05
28302,241.95|506.0
28303,474.4|500.8
28304,253.6|361.15
28305,570.35|401.1
28306,449.55|229.5
28307,546.45|423.05
28308,242.75|474.15
28309,449.45|225.25
28310,412.8|229.45
28311,457.0|267.0
28312,379.25|465.4
28313,466.55|526.7
28314,531.75|556.95
28315,450.5|291.85
28316,231.6|493.0
28317,432.1|591.4
28318,407.55|380.4
28319,253.2|237.25
28320,513.8|487.7
28321,432.2|589.25
28322,548.85|483.0
28323,240.85|360.9
28324,421.55|225.05
28325,351.45|248.7
28326,490.65|492.15
28327,274.65|391.7
28328,436.05|395.5
28329,524.6|453.8
28330,332.15|250.9
28331,403.3|329.15
28332,286.95|326.65
28333,394.1|567.55
28334,290.15|325.3
28335,466.15|558.6
28336,335.75|386.0
28337,226.15|422.75
28338,464.65|314.55
28339,565.75|332.6
28340,545.05|457.8
28341,404.1|509.7
28342,553.7|490.45
28343,292.95|237.65
28344,254.8|371.3
28345,342.6|591.1
28346,259.7|297.95
28347,411.45|444.45
28348,586.7|274.65
28349,393.7|320.15
28350,589.7|568.45
28351,385.9|342.6
28352,545.55|231.4
28353,548.15|538.3
28354,592.25|520.8
28355,467.3|299.95
28356,222.0|581.85
28357,580.0|453.15
28358,257.3|353.95
28359,332.8|542.75
28360,385.65|393.2
28361,275.15|442.35
28362,348.45|579.2
28363,269.55|575.15
28364,400.05|210.55
28365,569.4|465.25
28366,529.7|468.7
28367,337.1|427.05
28368,213.25|236.9
28369,210.05|327.95
28370,356.15|488.6
28371,209.85|383.55
28372,588.95|581.15
28373,282.15|554.85
28374,443.5|438.95
28375,438.55|249.15
28376,519.1|487.05
28377,554.35|320.6
28378,284.4|480.65
28379,344.65|329.85
28380,401.9|456.95
28381,349.85|415.35
28382,563.15|476.65
28383,417.85|349.05
28384,589.3|263.85
28385,561.9|436.05
28386,541.0|430.45
28387,563.75|222.75
28388,561.3|496.5
28389,558.9|234.0
28390,401.95|524.05
28391,521.95|368.8
28392,562.45|221.75
28393,352.7|439.2
28394,431.45|229.4
28395,534.25|452.6
28396,467.55|544.9
28397,207.45|238.8
28398,445.55|574.3
28399,453.65|444.4
28400,367.25|397.95
28401,406.25|343.6
28402,337.5|340.95
28403,234.35|484.4
28404,278.3|568.2
28405,356.9|275.1
28406,282.0|451.4
28407,470.0|564.85
28408,419.35|537.4
28409,231.65|501.3
28410,449.4|588.65
28411,214.0|335.75
28412,497.5|318.2
28413,545.9|582.45
28414,207.35|588.35
28415,204.8|468.4
28416,382.65|446.7
28417,257.8|427.0
28418,263.35|426.7
28419,437.3|549.05
28420,433.65|215.95
28421,579.75|440.65
28422,415.7|253.15
28423,475.35|220.7
28424,406.1|254.1
28425,481.8|309.0
28426,274.3|493.6
28427,271.8|543.35
28428,264.0|404.5
28429,250.85|239.85
28430,531.8|358.05
28431,249.4|581.75
28432,404.55|330.7
28433,454.5|373.0
28434,356.95|581.3
28435,399.75|387.75
28436,579.9|260.15
28437,214.2|303.4
28438,558.7|533.0
28439,400.65|388.05
28440,445.2|443.15
28441,532.35|318.25
28442,395.5|465.8
28443,542.8|244.05
28444,261.3|212.2
28445,549.25|549.25
28446,560.35|403.7
28447,552.5|295.85
28448,421.7|320.5
28449,222.25|590.05
28450,547.65|496.55
28451,448.85|236.8
28452,361.55|390.15
28453,354.95|213.45
28454,342.35|549.55
28455,249.2|496.1
28456,423.05|394.75
28457,421.95|573.6
28458,268.95|228.8
28459,335.45|407.3
28460,568.1|463.5
28461,458.8|383.15
28462,348.95|502.95
28463,225.9|477.95
28464,542.45|525.05
28465,270.75|430.7
28466,443.25|540.05
28467,219.15|321.85
28468,408.6|551.1
28469,209.6|329.4
28470,233.35|285.7
28471,270.45|277.1
28472,362.0|371.0
28473,271.4|230.4
28474,532.5|548.65
28475,395.9|582.1
28476,466.15|343.4
28477,361.75|496.3
28478,345.4|441.75
28479,593.3|466.4
28480,390.95|379.35
28481,575.75|251.85
28482,528.0|462.2
28483,392.75|503.8
28484,424.75|260.6
28485,461.2|567.05
28486,515.75|457.3
28487,447.75|350.45
28488,482.45|323.75
28489,584.4|421.8
28490,332.35|392.4
28491,530.35|259.6
28492,577.8|368.6
28493,513.5|294.85
28494,272.8|242.45
28495,406.7|589.0
28496,223.55|576.4
28497,565.9|437.65
28498,265.35|328.95
28499,472.75|511.3
28500,558.9|587.35
28501,409.6|386.25
28502,453.3|427.35
28503,259.05|308.1
28504,227.15|470.45
28505,355.3|362.7
28506,450.0|394.0
28507,519.25|364.95
28508,404.9|485.55
28509,438.15|509.0
28510,480.6|482.9
28511,571.8|589.05
28512,405.7|295.0
28513,539.35|295.65
28514,417.3|435.0
28515,425.0|411.7
28516,526.7|405.4
28517,413.5|234.15
28518,341.8|416.8
28519,277.1|337.8
28520,563.4|584.0
28521,557.45|437.45
28522,478.45|351.3
28523,240.05|572.5
28524,221.5|410.6
28525,456.0|434.1
28526,472.25|548.25
28527,429.65|487.35
28528,269.4|337.8
28529,519.6|342.45
28530,436.35|549.3
28531,452.65|556.95
28532,255.05|573.95
28533,281.0|340.0
28534,416.75|343.75
28535,458.6|393.4
28536,425.7|480.65
28537,207.3|504.0
28538,284.45|368.25
28539,288.35|447.45
28540,231.05|296.75
28541,423.1|280.0
28542,316.8|355.95
28543,595.1|422.25
28544,363.3|491.05
28545,272.3|586.7
28546,403.2|217.75
28547,302.65|530.95
28548,566.65|229.05
28549,215.65|317.2
28550,342.65|393.05
28551,544.7|317.25
28552,297.3|382.0
28553,476.55|370.0
28554,413.15|330.15
28555,395.4|375.7
28556,426.5|358.35
28557,570.55|333.4
28558,475.4|307.1
28559,205.35|581.65
28560,233.7|417.5
28561,562.7|408.75
28562,357.3|495.7
28563,220.2|237.25
28564,357.9|343.8
28565,288.25|523.85
28566,402.05|435.4
28567,340.65|342.75
28568,574.75|324.8
28569,281.05|502.1
28570,284.15|462.25
28571,240.3|336.3
28572,439.9|444.75
28573,216.9|319.9
28574,401.3|352.6
28575,526.75|463.35
28576,225.55|474.3
28577,365.1|592.95
28578,572.1|582.15
28579,220.0|248.25
28580,447.9|391.35
28581,475.85|498.35
28582,459.25|440.55
28583,338.7|579.9
28584,292.05|340.15
28585,349.6|441.55
28586,256.05|374.15
28587,485.05|364.35
28588,398.05|318.6
28589,220.65|280.45
28590,238.05|487.9
28591,265.7|271.8
28592,249.1|451.65
28593,446.0|531.1
28594,439.9|227.8
28595,545.95|563.65
28596,537.2|422.55
28597,399.2|234.0
28598,437.5|506.65
28599,503.9|462.35
28600,344.4|510.8
28601,377.55|445.8
28602,589.6|590.75
28603,294.7|300.25
28604,379.15|584.75
28605,481.5|313.95
28606,240.05|398.85
28607,514.85|326.3
28608,555.65|442.55
28609,390.65|530.05
28610,481.6|566.45
28611,241.1|474.6
28612,249.1|555.4
28613,559.65|310.7
28614,277.75|337.8
28615,273.6|258.45
28616,437.2|324.25
28617,524.55|434.1
28618,552.0|230.45
28619,421.0|440.65
28620,332.05|299.4
28621,317.55|359.55
28622,239.9|285.1
28623,410.7|335.3
28624,248.1|233.6
28625,568.05|469.6
28626,299.55|424.05
28627,313.65|404.7
28628,443.45|457.35
28629,422.75|209.9
28630,535.0|433.95
28631,571.0|437.1
28632,357.45|265.1
28633,436.4|395.95
28634,400.8|523.0
28635,565.0|428.5
28636,358.05|269.5
28637,415.7|588.6
28638,267.8|467.25
28639,317.05|394.1
28640,385.85|560.7
28641,578.5|415.45
28642,367.2|216.85
28643,230.6|516.25
28644,485.5|451.2
28645,434.0|434.85
28646,218.1|238.35
28647,347.5|209.0
28648,291.0|362.65
28649,349.9|342.85
28650,365.7|454.25
28651,574.65|286.1
28652,489.35|384.05
28653,404.75|495.45
28654,389.95|477.5
28655,244.1|570.4
28656,570.6|569.85
28657,389.95|457.95
28658,470.05|322.2
28659,376.65|490.7
28660,526.8|504.25
28661,589.2|431.3
28662,298.9|320.45
28663,400.7|331.4
28664,536.5|541.55
28665,263.6|271.8
28666,389.45|329.35
28667,221.75|374.75
28668,586.25|551.3
28669,229.4|484.95
28670,381.5|395.45
28671,476.35|349.35
28672,413.45|307.15
28673,395.3|465.1
28674,262.8|224.35
28675,261.05|300.3
28676,408.35|521.5
28677,592.6|564.55
28678,257.65|433.85
28679,424.6|590.8
28680,386.7|497.85
28681,496.6|341.2
28682,375.4|338.5
28683,431.9|365.75
28684,564.45|289.2
28685,583.8|384.9
28686,350.75|321.4
28687,554.0|271.75
28688,423.5|221.7
28689,438.6|250.7
28690,264.9|310.3
28691,418.9|334.2
28692,423.6|375.95
28693,463.05|384.55
28694,276.6|267.9
28695,572.2|523.85
28696,456.4|316.15
28697,361.8|442.4
28698,346.8|277.8
28699,400.0|351.0
28700,579.25|576.8
28701,237.3|479.1
28702,207.25|453.6
28703,537.45|438.15
28704,346.5|346.9
28705,428.05|304.85
28706,388.4|262.95
28707,234.5|571.45
28708,435.25|583.9
28709,464.45|233.25
28710,406.4|241.9
28711,346.9|256.35
28712,287.75|436.8
28713,558.65|261.75
28714,400.7|535.85
28715,299.85|384.55
28716,222.9|536.8
28717,355.4|283.0
28718,571.35|234.25
28719,283.9|290.7
28720,506.05|487.1
28721,225.15|589.0
28722,423.25|572.75
28723,391.95|228.6
28724,266.05|519.95
28725,438.95|376.15
28726,224.2|325.6
28727,365.6|596.0
28728,504.3|324.05
28729,559.95|532.3
28730,464.45|473.6
28731,217.1|415.4
28732,507.6|532.95
28733,592.2|429.05
28734,465.85|511.35
28735,233.95|372.75
28736,331.05|429.7
28737,545.2|398.75
28738,387.9|390.15
28739,510.1|487.9
28740,242.8|266.6
28741,419.5|296.95
28742,252.95|301.95
28743,452.4|380.4
28744,400.35|504.7
28745,269.25|556.1
28746,567.85|439.1
28747,344.65|331.3
28748,288.0|329.3
28749,545.55|435.35
28750,382.05|284.65
28751,589.1|363.45
28752,553.6|340.5
28753,292.55|571.95
28754,307.05|359.25
28755,245.35|464.7
28756,489.6|489.3
28757,459.9|422.7
28758,232.4|364.55
28759,587.15|403.7
28760,368.15|433.05
28761,565.6|333.35
28762,352.15|255.9
28763,478.25|522.9
28764,264.65|226.0
28765,376.9|267.85
28766,451.8|303.5
28767,525.0|557.2
28768,410.55|491.9
28769,243.05|270.6
28770,273.2|278.5
28771,208.25|513.3
28772,574.2|410.6
28773,435.75|539.05
28774,235.85|487.05
28775,375.75|565.35
28776,342.85|429.6
28777,258.7|587.65
28778,523.9|237.15
28779,373.75|377.1
28780,302.1|348.65
28781,433.45|550.5
28782,209.4|593.3
28783,544.45|543.75
28784,349.7|215.05
28785,438.6|543.15
28786,558.85|489.0
28787,256.75|431.75
28788,237.25|236.5
28789,462.9|545.55
28790,460.5|391.05
28791,333.05|347.4
28792,533.4|559.8
28793,278.7|467.95
28794,586.3|507.65
28795,456.8|221.8
28796,587.9|220.8
28797,212.6|251.9
28798,346.95|269.4
28799,279.35|370.3
28800,449.45|552.85
28801,563.45|543.5
28802,430.6|348.2
28803,341.8|324.25
28804,263.1|369.25
28805,575.95|330.5
28806,222.4|573.4
28807,370.9|495.65
28808,494.15|487.05
28809,574.6|287.35
28810,405.25|558.2
28811,272.0|361.15
28812,467.85|282.45
28813,345.55|503.7
28814,418.0|459.15
28815,534.4|446.45
28816,252.2|236.05
28817,493.35|488.05
28818,377.2|268.6
28819,467.25|462.95
28820,465.5|366.25
28821,480.25|214.3
28822,262.25|567.25
28823,451.85|458.8
28824,368.1|207.2
28825,588.35|409.85
28826,292.1|306.55
28827,380.4|265.6
28828,212.6|532.75
28829,342.8|218.85
28830,395.85|572.75
28831,215.8|267.35
28832,543.25|389.25
28833,437.6|516.2
28834,346.75|243.95
28835,589.55|263.6
28836,456.35|587.3
28837,517.45|504.25
28838,563.75|358.45
28839,466.95|320.6
28840,466.1|496.6
28841,472.35|357.7
28842,590.6|373.9
28843,406.65|403.9
28844,466.2|341.0
28845,305.1|522.5
28846,362.3|453.05
28847,366.15|265.95
28848,532.35|419.55
28849,272.2|334.75
28850,393.55|492.3
28851,293.4|334.05
28852,466.2|252.75
28853,260.45|543.25
28854,218.7|479.95
28855,213.1|314.95
28856,404.3|511.4
28857,342.0|277.1
28858,438.0|453.95
28859,394.5|228.1
28860,430.35|532.1
28861,287.5|460.7
28862,250.2|361.35
28863,560.35|252.8
28864,206.85|336.2
28865,385.4|477.25
28866,449.65|572.85
28867,366.35|216.15
28868,545.8|465.85
28869,475.65|323.05
28870,298.45|577.35
28871,377.45|560.45
28872,553.25|479.55
28873,348.2|350.35
28874,303.55|402.1
28875,411.9|537.0
28876,364.85|408.25
28877,573.05|265.7
28878,566.0|218.3
28879,426.4|467.4
28880,212.05|516.75
28881,457.3|445.5
28882,241.2|271.2
28883,241.9|591.65
28884,380.1|592.35
28885,394.7|326.4
28886,208.2|252.65
28887,389.1|362.05
28888,566.95|409.9
28889,592.8|588.3
28890,495.3|322.1
28891,557.85|589.45
28892,363.95|413.05
28893,460.95|278.4
28894,418.5|458.2
28895,464.15|335.75
28896,401.75|575.05
28897,278.35|404.8
28898,555.05|335.6
28899,459.95|453.1
28900,234.8|426.2
28901,285.95|391.95
28902,429.1|586.95
28903,578.0|281.15
28904,393.35|568.1
28905,575.55|286.4
28906,231.0|399.3
28907,375.15|335.8
28908,223.95|477.95
28909,250.95|534.25
28910,356.75|441.05
28911,203.75|487.35
28912,472.45|294.8
28913,261.1|423.3
28914,344.5|417.15
28915,223.05|392.15
28916,306.8|432.8
28917,217.95|320.4
28918,530.9|338.55
28919,331.1|591.65
28920,376.25|592.05
28921,395.2|581.45
28922,380.55|494.7
28923,252.45|237.9
28924,250.65|347.25
28925,352.8|241.85
28926,448.75|505.65
28927,335.5|368.05
28928,571.95|428.65
28929,536.15|550.7
28930,294.55|310.2
28931,271.95|406.3
28932,220.25|422.15
28933,560.3|254.8
28934,545.8|338.1
28935,378.0|575.35
28936,388.9|291.55
28937,231.9|407.1
28938,484.35|447.7
28939,442.15|440.0
28940,473.4|323.95
28941,465.2|529.4
28942,547.6|423.05
28943,262.05|422.15
28944,396.95|331.6
28945,466.05|311.25
28946,440.7|306.1
28947,229.95|508.4
28948,558.65|272.55
28949,476.4|355.8
28950,443.05|392.4
28951,247.55|487.3
28952,218.4|466.65
28953,450.35|300.2
28954,259.0|419.2
28955,343.95|210.55
28956,231.7|411.5
28957,460.2|564.45
28958,353.1|590.3
28959,445.3|415.25
28960,415.25|496.3
28961,392.65|592.6
28962,536.45|507.65
28963,418.05|549.5
28964,231.0|423.4
28965,267.95|574.95
28966,444.85|306.9
28967,408.1|232.75
28968,342.55|342.25
28969,280.65|340.95
28970,496.2|506.8
28971,590.6|253.35
28972,580.35|221.65
28973,293.7|366.6
28974,387.15|301.95
28975,399.5|587.65
28976,297.8|320.55
28977,420.15|429.35
28978,592.6|428.8
28979,325.6|513.2
28980,428.7|473.7
28981,555.9|529.6
28982,259.55|591.05
28983,362.55|204.35
28984,370.05|341.9
28985,582.8|266.2
28986,456.95|383.8
28987,248.05|399.35
28988,220.5|393.65
28989,221.55|488.15
28990,315.8|365.5
28991,230.65|237.0
28992,545.5|460.4
28993,373.8|493.75
28994,375.95|236.15
28995,404.9|244.25
28996,251.95|276.7
28997,579.85|407.3
28998,568.75|443.75
28999,215.3|508.95
29000,582.75|593.0
29001,449.55|389.35
29002,332.6|442.75
29003,454.4|267.4
29004,486.5|541.9
29005,228.05|516.7
29006,439.55|322.15
29007,577.3|567.6
29008,476.05|290.1
29009,427.7|505.1
29010,403.65|364.8
29011,400.85|431.9
29012,470.8|338.7
29013,580.75|518.6
29014,242.1|447.6
29015,463.45|381.95
29016,272.55|388.1
29017,252.2|505.05
29018,280.95|562.05
29019,223.15|569.6
29020,467.9|476.45
29021,543.35|540.95
29022,292.05|462.8
29023,552.15|433.5
29024,478.6|359.45
29025,513.4|289.5
29026,369.65|229.9
29027,319.55|414.55
29028,266.65|557.1
29029,461.85|469.6
29030,344.65|439.75
29031,256.7|230.1
29032,450.65|416.95
29033,260.35|571.5
29034,529.85|265.3
29035,552.1|445.95
29036,292.45|379.3
29037,569.95|573.6
29038,577.55|243.6
29039,218.0|478.2
29040,250.15|266.2
29041,472.45|348.6
29042,437.35|508.05
29043,583.5|213.5
29044,579.35|456.35
29045,568.1|334.15
29046,484.9|499.65
29047,412.55|587.95
29048,448.4|573.35
29049,567.0|289.1
29050,561.95|260.45
29051,579.8|287.95
29052,479.45|368.6
29053,363.25|366.65
29054,283.6|366.55
29055,247.45|270.35
29056,364.95|595.45
29057,559.0|466.8
29058,564.1|584.55
29059,434.5|221.45
29060,254.75|222.15
29061,279.5|350.95
29062,302.6|573.1
29063,537.2|289.9
29064,470.75|293.5
29065,405.5|392.7
29066,260.8|417.6
29067,234.1|524.05
29068,243.55|553.45
29069,282.75|360.65
29070,218.15|259.3
29071,414.35|258.85
29072,264.15|219.2
29073,287.5|392.2
29074,237.55|268.15
29075,488.05|210.9
29076,231.1|550.45
29077,548.9|445.05
29078,275.65|490.85
29079,526.5|327.9
29080,411.65|288.15
29081,585.45|336.3
29082,367.15|285.6
29083,545.1|530.2
29084,279.8|422.5
29085,296.7|312.9
29086,454.75|508.15
29087,447.9|233.85
29088,409.9|471.8
29089,397.8|500.4
29090,360.45|377.6
29091,204.85|583.1
29092,238.95|447.05
29093,461.2|392.35
29094,211.7|368.55
29095,321.25|355.2
29096,566.45|536.95
29097,324.05|397.35
29098,471.3|395.1
29099,284.3|559.15
29100,413.85|493.8
29101,568.9|577.9
29102,415.05|260.5
29103,435.45|528.55
29104,413.7|510.0
29105,345.0|591.75
29106,239.05|579.15
29107,410.9|558.6
29108,440.05|256.45
29109,279.0|407.35
29110,453.25|272.95
29111,216.3|520.15
29112,348.6|341.75
29113,575.85|333.5
29114,412.2|550.95
29115,558.8|234.3
29116,223.0|554.4
29117,228.35|422.35
29118,270.7|561.9
29119,464.25|444.8
29120,248.45|299.05
29121,291.05|400.7
29122,451.65|222.5
29123,213.0|304.85
29124,552.15|296.25
29125,442.2|446.45
29126,465.3|256.95
29127,437.5|488.85
29128,460.9|505.2
29129,351.35|512.55
29130,275.75|277.1
29131,545.4|529.0
29132,440.4|263.65
29133,578.5|258.6
29134,419.75|500.95
29135,564.1|411.45
29136,276.5|366.75
29137,249.6|232.2
29138,414.0|463.5
29139,366.55|470.7
29140,209.75|259.3
29141,251.75|447.8
29142,211.15|297.4
29143,553.45|354.7
29144,233.5|574.4
29145,562.7|220.35
29146,221.95|219.35
29147,541.0|432.85
29148,444.5|327.55
29149,236.9|274.35
29150,425.3|458.95
29151,367.15|271.65
29152,413.4|564.4
29153,215.5|586.65
29154,396.3|538.75
29155,465.1|418.95
29156,591.25|567.25
29157,257.2|398.85
29158,319.4|522.55
29159,215.5|240.8
29160,551.35|491.0
29161,318.7|385.4
29162,439.3|425.6
29163,457.3|429.5
29164,375.0|453.1
29165,593.8|262.15
29166,551.4|312.6
29167,299.3|340.0
29168,515.55|452.7
29169,427.0|592.85
29170,529.0|436.4
29171,442.15|576.5
29172,422.1|459.2
29173,288.5|465.15
29174,324.45|509.45
29175,535.2|350.6
29176,534.0|465.6
29177,586.9|377.5
29178,242.1|463.3
29179,326.3|493.2
29180,380.05|494.25
29181,227.9|351.5
29182,233.1|232.3
29183,372.25|574.75
29184,579.15|492.85
29185,215.55|521.9
29186,430.4|224.75
29187,255.75|570.45
29188,592.95|414.3
29189,360.65|336.1
29190,448.1|516.95
29191,398.05|531.75
29192,412.1|582.45
29193,447.3|514.95
29194,338.65|347.6
29195,216.75|408.55
29196,290.85|299.55
29197,538.05|238.95
29198,561.2|329.7
29199,403.75|520.2
29200,376.4|515.6
29201,471.5|342.25
29202,215.85|476.1
29203,327.7|524.65
29204,294.55|409.05
29205,568.65|461.2
29206,318.75|368.7
29207,281.2|410.9
29208,550.35|217.3
29209,522.05|548.15
29210,392.9|342.2
29211,549.25|467.5
29212,583.35|220.1
29213,230.4|589.7
29214,312.85|352.6
29215,287.7|544.25
29216,306.7|579.65
29217,440.0|436.45
29218,446.15|230.8
29219,234.85|213.2
29220,271.1|224.95
29221,296.75|423.0
29222,275.85|493.3
29223,223.6|575.55
29224,223.75|488.25
29225,531.4|420.75
29226,361.75|222.15
29227,318.7|318.45
29228,212.05|585.8
29229,421.0|217.45
29230,450.85|380.8
29231,566.6|383.15
29232,215.4|293.65
29233,438.35|342.0
29234,480.6|249.5
29235,249.7|265.25
29236,591.05|563.25
29237,238.35|230.4
29238,518.15|513.35
29239,490.65|432.15
29240,362.05|378.05
29241,580.95|515.4
29242,522.95|449.6
29243,409.25|517.8
29244,226.3|226.55
29245,271.75|516.7
29246,282.0|502.1
29247,213.45|468.9
29248,209.8|222.65
29249,498.9|241.25
29250,376.45|572.85
29251,236.0|531.5
29252,340.0|263.95
29253,348.15|518.15
29254,468.6|555.55
29255,478.6|520.1
29256,387.0|459.1
29257,523.2|419.75
29258,416.35|583.75
29259,275.1|357.85
29260,435.35|588.05
29261,286.65|525.5
29262,583.6|325.15
29263,449.85|380.85
29264,227.35|336.9
29265,537.15|528.2
29266,583.75|253.6
29267,404.3|578.75
29268,365.8|570.9
29269,381.5|293.85
29270,578.15|505.35
29271,215.0|268.9
29272,347.95|218.75
29273,556.3|269.3
29274,227.25|557.05
29275,477.0|230.0
29276,289.9|451.4
29277,463.35|575.3
29278,293.15|363.55
29279,590.15|329.4
29280,579.1|522.35
29281,287.0|381.95
29282,238.6|570.8
29283,207.85|584.8
29284,536.45|362.85
29285,531.15|379.35
29286,439.9|579.75
29287,588.8|297.2
29288,204.4|487.8
29289,216.15|586.45
29290,439.0|331.4
29291,450.65|542.5
29292,361.3|436.35
29293,287.65|431.2
29294,554.15|476.0
29295,280.05|424.65
29296,573.65|309.85
29297,529.5|466.6
29298,582.9|384.5
29299,273.9|377.55
29300,473.15|243.4
29301,242.0|388.25
29302,484.35|333.85
29303,364.25|227.5
29304,424.0|213.15
29305,553.65|581.95
29306,459.9|347.05
29307,414.75|222.6
29308,289.95|480.15
29309,447.7|336.45
29310,465.0|570.2
29311,263.9|333.05
29312,418.3|511.9
29313,484.05|561.5
29314,581.0|357.0
29315,275.95|572.05
29316,294.65|562.3
29317,503.35|226.15
29318,463.55|443.45
29319,579.5|520.45
29320,217.65|266.1
29321,589.05|507.8
29322,536.25|449.5
29323,436.65|306.2
29324,536.95|522.95
29325,444.2|588.55
29326,374.3|510.9
29327,376.05|208.8
29328,268.3|449.6
29329,590.9|310.35
29330,430.1|241.55
29331,535.9|298.9
29332,591.4|393.45
29333,338.85|529.7
29334,229.0|418.85
29335,433.6|479.25
29336,235.95|419.3
29337,269.45|232.55
29338,405.0|573.05
29339,322.45|522.55
29340,259.05|419.45
29341,219.75|560.45
29342,239.7|416.65
29343,358.85|328.45
29344,377.7|378.65
29345,550.9|364.0
29346,374.1|452.75
29347,214.8|579.4
29348,262.95|411.75
29349,385.3|457.55
29350,343.15|322.15
29351,456.75|243.15
29352,437.15|348.3
29353,242.8|495.0
29354,336.45|234.05
29355,331.0|395.6
29356,519.0|265.55
29357,474.35|340.4
29358,364.05|433.35
29359,294.85|276.5
29360,535.85|561.2
29361,412.2|287.8
29362,378.15|500.7
29363,205.4|310.35
29364,584.45|295.25
29365,567.0|226.5
29366,403.55|363.65
29367,434.95|512.6
29368,358.55|383.8
29369,226.15|533.25
29370,272.25|344.3
29371,337.8|336.05
29372,451.15|237.25
29373,480.8|240.7
29374,214.0|461.0
29375,434.1|439.85
29376,422.6|323.05
29377,349.35|450.25
29378,208.7|243.65
29379,399.4|456.3
29380,319.65|384.7
29381,451.05|453.65
29382,392.55|579.0
29383,471.45|248.1
29384,276.05|569.4
29385,465.6|288.0
29386,336.8|240.15
29387,249.15|407.25
29388,483.25|246.45
29389,387.2|239.7
29390,495.15|458.4
29391,277.35|379.45
29392,375.25|456.05
29393,388.7|593.35
29394,239.0|414.0
29395,293.9|348.2
29396,568.6|239.45
29397,408.85|461.7
29398,251.45|305.55
29399,425.55|478.65
29400,259.25|274.5
29401,424.35|542.6
29402,340.1|565.4
29403,414.1|256.9
29404,351.2|434.35
29405,483.9|478.5
29406,573.2|404.1
29407,381.3|413.95
29408,400.4|589.45
29409,451.75|525.55
29410,222.65|445.7
29411,427.1|363.25
29412,533.85|502.3
29413,335.4|500.4
29414,401.45|402.45
29415,573.0|516.15
29416,406.25|540.05
29417,477.2|254.55
29418,289.15|456.45
29419,211.15|578.65
29420,247.7|535.95
29421,283.85|415.15
29422,450.75|311.75
29423,232.3|304.85
29424,446.5|560.6
29425,531.0|540.8
29426,264.95|298.05
29427,590.55|577.3
29428,286.45|571.2
29429,413.75|213.8
29430,223.45|371.75
29431,468.35|328.0
29432,379.3|364.35
29433,247.15|304.0
29434,567.5|406.3
29435,344.05|500.05
29436,460.6|562.2
29437,207.35|335.4
29438,278.3|337.1
29439,205.3|477.35
29440,365.45|439.1
29441,425.35|524.15
29442,506.2|511.35
29443,380.1|286.6
29444,534.45|438.75
29445,492.65|338.35
29446,588.35|365.8
29447,563.05|296.75
29448,374.2|270.9
29449,246.4|539.45
29450,422.25|358.8
29451,275.15|575.65
29452,234.25|362.65
29453,528.9|514.45
29454,263.9|277.2
29455,206.3|478.7
29456,251.5|272.85
29457,393.4|277.7
29458,537.4|591.85
29459,327.7|310.15
29460,212.15|382.9
29461,594.95|272.4
29462,280.1|576.8
29463,529.1|287.7
29464,348.9|571.25
29465,593.8|287.3
29466,316.5|334.75
29467,275.95|572.15
29468,575.95|502.25
29469,385.75|592.55
29470,559.45|582.1
29471,401.15|537.95
29472,444.2|582.2
29473,269.65|514.1
29474,590.1|546.0
29475,269.8|318.15
29476,550.15|241.75
29477,490.85|351.05
29478,444.9|241.1
29479,221.8|571.25
29480,245.1|231.15
29481,336.0|228.3
29482,415.45|208.8
29483,402.65|454.25
29484,480.55|289.45
29485,250.7|560.5
29486,281.0|480.85
29487,242.3|402.8
29488,253.0|537.5
29489,268.9|489.25
29490,585.95|587.6
29491,393.65|377.1
29492,344.65|211.15
29493,302.95|374.6
29494,549.15|317.15
29495,452.05|448.3
29496,452.3|520.6
29497,344.1|539.65
29498,547.25|384.75
29499,359.65|212.25
29500,328.55|420.35
29501,268.85|590.15
29502,266.05|312.45
29503,469.4|306.65
29504,477.35|214.15
29505,430.4|219.55
29506,572.55|304.8
29507,585.05|487.9
29508,559.55|297.5
29509,430.5|338.65
29510,230.25|237.05
29511,242.25|462.35
29512,574.55|327.85
29513,231.35|493.8
29514,391.65|253.45
29515,219.15|248.3
29516,338.1|332.15
29517,523.05|466.35
29518,344.05|412.2
29519,581.55|230.3
29520,208.45|552.35
29521,531.2|542.25
29522,407.4|391.25
29523,233.9|367.65
29524,386.25|354.7
29525,436.05|376.85
29526,558.45|556.4
29527,240.0|413.35
29528,392.8|586.2
29529,253.85|245.4
29530,555.55|224.95
29531,255.65|461.15
29532,238.55|548.85
29533,478.95|385.25
29534,588.65|421.35
29535,544.35|527.85
29536,212.85|574.35
29537,465.9|287.5
29538,317.65|340.15
29539,520.45|531.1
29540,382.15|299.0
29541,499.95|328.15
29542,298.7|347.4
29543,379.35|379.65
29544,303.65|532.4
29545,253.35|221.5
29546,247.55|237.9
29547,212.6|508.3
29548,571.2|438.65
29549,217.65|463.4
29550,556.25|533.1
29551,580.7|326.6
29552,476.7|232.65
29553,400.25|459.45
29554,550.1|586.95
29555,555.85|307.3
29556,569.5|242.1
29557,410.7|571.65
29558,396.6|562.25
29559,290.4|348.25
29560,337.6|423.35
29561,223.4|504.9
29562,547.0|241.45
29563,352.5|356.3
29564,535.35|319.05
29565,239.55|372.9
29566,373.5|435.4
29567,354.1|446.7
29568,309.9|312.6
29569,462.9|509.1
29570,423.1|500.35
29571,528.0|571.85
29572,580.1|392.65
29573,544.5|491.7
29574,217.55|215.8
29575,260.85|489.3
29576,464.05|369.6
29577,408.25|506.45
29578,309.6|447.45
29579,210.0|472.5
29580,546.2|545.05
29581,457.15|466.25
29582,560.05|544.45
29583,299.45|417.5
29584,361.55|425.65
29585,273.4|362.45
29586,282.7|433.4
29587,461.25|330.8
29588,419.2|300.4
29589,473.9|426.05
29590,364.9|473.65
29591,546.35|315.55
29592,346.25|326.3
29593,233.5|210.6
29594,573.55|298.45
29595,453.15|432.85
29596,393.65|350.1
29597,350.4|565.15
29598,542.05|423.7
29599,398.65|502.4
29600,334.5|221.95
29601,417.45|586.7
29602,295.5|327.4
29603,473.55|416.9
29604,581.8|265.95
29605,314.55|415.25
29606,347.45|228.8
29607,392.9|589.85
29608,436.0|376.35
29609,278.25|375.75
29610,204.8|329.05
29611,443.1|214.05
29612,575.25|318.05
29613,540.0|583.65
29614,541.6|569.7
29615,471.0|285.1
29616,438.4|243.2
29617,242.95|386.1
29618,350.95|238.5
29619,436.2|585.55
29620,426.4|370.25
29621,542.25|493.65
29622,287.15|343.8
29623,297.2|391.1
29624,535.3|535.45
29625,472.55|448.4
29626,212.7|353.7
29627,338.95|478.1
29628,287.95|430.55
29629,363.25|207.4
29630,371.3|272.25
29631,388.85|277.5
29632,532.5|575.8
29633,488.35|229.2
29634,529.75|410.65
29635,462.85|381.4
29636,566.55|315.25
29637,473.75|341.5
29638,225.2|580.35
29639,266.0|282.1
29640,242.55|550.5
29641,427.05|572.95
29642,387.05|270.65
29643,452.5|259.1
29644,540.05|338.15
29645,565.25|571.95
29646,449.05|344.8
29647,454.35|407.1
29648,573.2|513.1
29649,347.2|322.25
29650,237.5|482.95
29651,533.7|456.35
29652,325.05|293.5
29653,452.45|218.7
29654,596.35|383.3
29655,400.2|471.4
29656,250.0|562.15
29657,310.45|307.15
29658,345.9|593.8
29659,451.0|304.65
29660,245.9|511.0
29661,581.7|256.25
29662,471.0|355.1
29663,575.95|446.2
29664,479.35|271.85
29665,412.95|330.75
29666,578.9|211.55
29667,362.75|595.55
29668,548.5|273.55
29669,354.85|525.1
29670,470.35|460.9
29671,432.9|278.95
29672,213.2|496.15
29673,476.6|243.85
29674,324.6|362.7
29675,419.5|234.3
29676,237.15|493.05
29677,442.7|387.0
29678,214.45|437.75
29679,528.3|517.55
29680,215.15|521.9
29681,464.9|285.15
29682,358.7|356.15
29683,277.7|591.3
29684,440.95|273.25
29685,275.35|437.8
29686,284.95|441.15
29687,281.75|591.8
29688,573.4|251.05
29689,213.2|561.25
29690,299.0|331.0
29691,341.25|260.65
29692,315.9|376.4
29693,475.85|342.35
29694,386.3|447.65
29695,424.05|282.8
29696,391.05|204.9
29697,389.45|269.4
29698,589.7|349.0
29699,360.45|236.1
29700,215.35|266.95
29701,594.6|580.1
29702,353.95|207.95
29703,334.85|363.5
29704,431.45|335.25
29705,209.95|311.85
29706,218.05|495.45
29707,377.25|355.45
29708,233.9|216.2
29709,319.1|389.05
29710,587.7|485.2
29711,219.1|476.0
29712,357.6|584.35
29713,467.25|240.95
29714,388.3|519.3
29715,388.0|514.9
29716,546.5|315.25
29717,369.7|217.6
29718,583.2|293.3
29719,210.1|397.55
29720,399.7|433.15
29721,370.55|502.65
29722,280.75|448.95
29723,217.25|345.85
29724,442.3|558.8
29725,584.2|422.95
29726,347.05|551.15
29727,298.85|554.85
29728,438.2|479.55
29729,227.15|370.5
29730,235.15|578.1
29731,371.7|506.25
29732,498.35|388.25
29733,246.2|265.0
29734,264.45|489.65
29735,250.9|400.1
29736,230.95|487.6
29737,251.2|351.0
29738,262.15|240.05
29739,451.4|434.95
29740,543.8|242.4
29741,295.3|377.2
29742,251.95|502.5
29743,316.9|344.75
29744,459.8|385.5
29745,354.95|453.2
29746,481.6|518.95
29747,216.4|405.85
29748,297.5|381.15
29749,288.3|586.6
29750,587.9|367.05
29751,236.75|400.7
29752,478.3|249.4
29753,268.25|232.0
29754,350.1|347.55
29755,286.95|537.25
29756,466.6|238.7
29757,449.6|393.6
29758,546.0|543.25
29759,440.3|573.45
29760,445.45|267.55
29761,496.6|489.45
29762,592.75|359.7
29763,380.05|430.75
29764,293.45|231.55
29765,476.35|329.45
29766,400.05|471.7
29767,376.0|582.7
29768,371.8|571.2
29769,392.65|382.1
29770,475.8|462.95
29771,567.2|228.1
29772,251.8|504.0
29773,332.2|401.5
29774,362.2|212.95
29775,244.7|459.55
29776,539.2|467.65
29777,586.25|409.45
29778,402.55|251.1
29779,374.35|399.7
29780,393.65|399.3
29781,529.8|443.95
29782,464.65|410.2
29783,449.05|424.3
29784,585.15|375.35
29785,208.6|339.3
29786,345.25|229.8
29787,296.55|408.1
29788,538.3|403.1
29789,396.4|592.85
29790,318.75|321.9
29791,467.4|248.65
29792,493.3|486.45
29793,357.55|215.7
29794,393.4|500.85
29795,511.2|353.95
29796,411.55|568.2
29797,276.15|380.7
29798,303.45|395.3
29799,586.9|450.15
29800,482.8|311.05
29801,227.9|371.8
29802,558.15|584.15
29803,481.5|436.35
29804,537.4|521.65
29805,345.05|340.9
29806,579.35|499.85
29807,276.55|277.9
29808,537.7|267.85
29809,537.15|408.15
29810,491.95|455.5
29811,585.7|227.75
29812,406.45|236.5
29813,538.75|495.15
29814,464.65|532.35
29815,217.35|220.8
29816,225.5|488.8
29817,237.4|342.15
29818,451.6|372.2
29819,566.3|464.55
29820,471.35|293.7
29821,211.3|268.2
29822,402.85|242.3
29823,254.0|488.5
29824,504.4|464.55
29825,387.1|400.35
29826,582.2|446.25
29827,413.4|233.35
29828,553.35|591.15
29829,583.05|501.0
29830,269.35|430.8
29831,594.5|392.7
29832,554.55|321.75
29833,352.5|266.4
29834,510.05|517.5
29835,383.9|505.55
29836,382.8|251.45
29837,421.35|586.5
29838,221.9|394.25
29839,530.45|500.95
29840,444.65|365.35
29841,587.75|341.3
29842,467.55|517.2
29843,417.1|229.5
29844,404.15|337.0
29845,373.1|238.95
29846,401.7|591.8
29847,207.9|328.35
29848,482.25|331.9
29849,489.15|356.95
29850,252.35|572.8
29851,386.25|259.8
29852,517.65|490.05
29853,573.2|213.05
29854,462.3|417.8
29855,343.7|551.45
29856,454.5|452.65
29857,302.35|331.7
29858,293.35|459.05
29859,346.4|383.9
29860,358.3|594.9
29861,225.2|276.1
29862,424.8|283.25
29863,538.2|452.45
29864,545.55|237.55
29865,351.95|465.4
29866,529.1|428.45
29867,335.3|529.9
29868,407.0|593.05
29869,362.0|432.75
29870,594.95|534.4
29871,241.0|229.9
29872,467.0|297.1
29873,213.55|393.95
29874,342.6|518.45
29875,228.55|424.6
29876,229.2|275.55
29877,484.55|440.05
29878,571.65|486.85
29879,464.15|516.05
29880,531.2|584.55
29881,589.8|219.2
29882,570.9|460.35
29883,258.45|367.15
29884,233.4|477.8
29885,561.2|586.95
29886,228.6|524.25
29887,473.25|332.3
29888,424.5|441.65
29889,524.25|543.05
29890,401.75|305.05
29891,385.9|244.85
29892,475.75|242.8
29893,586.05|214.65
29894,389.75|516.75
29895,265.6|326.75
29896,373.5|220.8
29897,412.3|498.85
29898,338.8|234.95
29899,587.3|419.85
29900,336.15|554.35
29901,583.1|530.0
29902,417.85|480.75
29903,469.05|525.35
29904,211.25|249.45
29905,258.5|438.4
29906,540.9|565.45
29907,470.2|281.0
29908,426.0|372.25
29909,550.3|485.4
29910,442.85|361.35
29911,228.85|286.2
29912,253.05|378.45
29913,292.9|310.5
29914,439.5|243.7
29915,307.5|575.15
29916,463.9|229.85
29917,536.0|564.25
29918,416.5|381.8
29919,223.2|404.4
29920,336.4|415.35
29921,577.5|452.55
29922,549.9|235.9
29923,581.9|461.3
29924,576.85|379.85
29925,454.2|405.8
29926,219.4|490.4
29927,359.8|226.65
29928,542.7|581.1
29929,232.15|401.35
29930,335.05|380.7
29931,503.55|272.0
29932,434.0|502.25
29933,556.15|466.7
29934,412.5|479.75
29935,375.35|209.8
29936,460.2|385.5
29937,402.25|417.5
29938,332.85|533.2
29939,312.6|414.25
29940,380.6|474.3
29941,227.3|516.2
29942,480.3|511.15
29943,382.3|397.4
29944,482.35|580.4
29945,238.85|544.9
29946,318.85|416.45
29947,205.8|576.2
29948,435.2|235.5
29949,342.7|509.7
29950,449.9|250.75
29951,482.95|454.15
29952,219.8|264.65
29953,472.25|287.0
29954,262.8|588.4
29955,595.25|286.45
29956,587.75|547.6
29957,414.05|224.85
29958,291.4|449.85
29959,364.3|206.7
29960,447.45|390.95
29961,460.3|487.25
29962,473.9|482.95
29963,345.65|379.8
29964,222.7|216.6
29965,570.65|541.25
29966,401.1|444.05
29967,355.2|379.85
29968,371.0|273.95
29969,577.45|509.6
29970,274.3|278.4
29971,355.05|212.95
29972,356.8|352.5
29973,557.9|238.15
29974,467.65|416.05
29975,252.95|525.1
29976,289.55|321.25
29977,543.25|277.95
29978,439.15|267.2
29979,589.2|381.6
29980,234.7|436.1
29981,519.15|413.5
29982,429.3|254.0
29983,343.5|270.75
29984,416.1|537.2
29985,293.4|396.6
29986,537.3|437.35
29987,413.75|575.5
29988,563.2|555.35
29989,473.05|429.7
29990,255.3|486.3
29991,282.45|584.85
29992,552.1|506.6
29993,258.35|544.55
29994,329.15|435.05
29995,273.2|409.55
29996,462.45|587.1
29997,423.15|490.2
29998,554.4|246.75
29999,220.45|251.85
30000,340.65|324.75
30001,473.1|387.6
30002,413.4|265.5
30003,307.6|409.2
30004,478.45|478.35
30005,422.0|322.35
30006,388.2|318.75
30007,464.85|215.3
30008,232.7|275.05
30009,338.3|569.65
30010,402.25|210.65
30011,520.45|241.7
30012,270.5|519.65
30013,230.6|428.45
30014,465.0|302.9
30015,539.1|314.1
30016,277.8|589.9
30017,454.8|267.5
30018,407.95|287.55
30019,580.9|588.45
30020,575.6|542.4
30021,584.65|331.9
30022,413.6|434.8
30023,399.05|364.15
30024,441.5|395.45
30025,479.6|479.95
30026,327.7|456.1
30027,252.45|275.45
30028,534.4|327.9
30029,579.75|371.15
30030,253.15|580.95
30031,447.15|585.85
30032,235.3|486.25
30033,589.0|510.55
30034,219.5|549.1
30035,574.35|566.95
30036,554.2|394.75
30037,408.9|336.35
30038,530.8|580.7
30039,565.0|462.75
30040,326.75|240.5
30041,226.05|518.7
30042,469.3|280.65
30043,285.45|558.25
30044,358.55|565.3
30045,447.3|328.3
30046,495.4|351.7
30047,341.9|225.5
30048,226.05|274.4
30049,467.65|268.6
30050,514.0|398.0
30051,564.45|215.05
30052,465.45|470.8
30053,494.35|212.35
30054,369.55|490.9
30055,534.35|546.95
30056,370.4|366.15
30057,356.15|382.75
30058,420.15|295.95
30059,390.75|492.55
30060,493.65|499.25
30061,427.75|436.4
30062,496.95|494.5
30063,557.15|307.85
30064,290.4|367.95
30065,451.65|279.9
30066,528.1|415.2
30067,218.9|238.35
30068,453.0|557.95
30069,366.0|260.4
30070,343.05|388.75
30071,236.95|592.8
30072,453.95|427.15
30073,283.85|371.85
30074,403.35|521.1
30075,517.7|505.65
30076,574.05|469.1
30077,211.8|586.85
30078,376.0|225.95
30079,546.4|569.3
30080,272.95|243.75
30081,250.15|235.15
30082,296.05|398.6
30083,340.8|243.8
30084,444.1|476.8
30085,496.2|395.8
30086,282.0|508.45
30087,305.5|384.45
30088,279.95|422.6
30089,226.4|209.1
30090,400.2|459.15
30091,257.1|498.5
30092,246.75|492.6
30093,354.95|292.15
30094,237.15|579.45
30095,290.6|576.8
30096,342.15|576.7
30097,512.95|456.2
30098,222.3|400.45
30099,485.15|455.05
30100,239.0|560.9
30101,216.55|359.4
30102,457.35|266.3
30103,399.5|551.4
30104,479.8|557.1
30105,561.3|233.65
30106,340.65|326.75
30107,291.65|531.15
30108,552.7|533.7
30109,482.6|240.4
30110,562.9|459.9
30111,256.8|584.55
30112,227.9|316.4
30113,322.25|386.7
30114,372.0|394.7
30115,431.05|229.9
30116,534.15|576.85
30117,578.15|260.7
30118,203.7|501.3
30119,245.8|236.85
30120,552.55|549.85
30121,211.85|555.15
30122,539.7|271.1
30123,259.4|267.2
30124,397.25|383.65
30125,449.35|323.95
30126,375.45|352.7
30127,224.35|302.5
30128,480.1|533.8
30129,587.85|460.3
30130,362.9|226.65
30131,316.2|374.3
30132,382.15|234.15
30133,588.1|261.75
30134,208.9|451.6
30135,209.5|487.85
30136,379.8|284.35
30137,463.35|554.05
30138,246.7|231.7
30139,416.45|490.6
30140,512.05|457.6
30141,395.1|306.1
30142,392.05|232.35
30143,558.1|268.85
30144,240.25|568.5
30145,590.0|507.4
30146,387.95|583.85
30147,289.35|460.35
30148,474.35|315.95
30149,264.45|289.8
30150,446.55|572.3
30151,240.25|574.15
30152,589.95|350.35
30153,431.95|528.05
30154,444.2|460.4
30155,241.3|558.2
30156,442.25|579.6
30157,523.2|476.8
30158,420.3|474.65
30159,543.6|431.25
30160,368.85|577.05
30161,593.0|358.35
30162,298.3|329.95
30163,242.0|565.6
30164,479.15|257.4
30165,403.85|291.0
30166,444.8|339.5
30167,423.95|458.3
30168,252.45|477.7
30169,407.3|278.15
30170,577.05|471.35
30171,567.25|264.4
30172,264.6|292.65
30173,271.15|550.6
30174,594.1|396.95
30175,449.65|236.0
30176,556.15|236.55
30177,520.3|262.65
30178,280.15|318.55
30179,560.75|588.65
30180,441.5|588.1
30181,552.1|500.45
30182,544.65|575.1
30183,381.7|505.05
30184,512.3|520.7
30185,291.75|369.9
30186,556.7|524.7
30187,580.3|232.0
30188,585.1|551.3
30189,368.6|222.0
30190,210.55|244.15
30191,400.2|316.65
30192,301.95|518.25
30193,593.9|554.8
30194,454.15|568.8
30195,529.15|489.9
30196,215.3|565.1
30197,467.7|516.3
30198,437.4|346.85
30199,248.55|483.35
30200,473.1|493.3
30201,353.9|593.55
30202,222.35|547.3
30203,472.6|339.65
30204,326.5|542.2
30205,413.1|441.7
30206,586.4|486.75
30207,466.7|217.25
30208,389.0|509.15
30209,386.1|445.7
30210,206.25|487.2
30211,452.9|562.25
30212,377.2|571.5
30213,441.3|587.8
30214,427.0|495.0
30215,418.6|578.15
30216,357.9|393.6
30217,577.0|459.65
30218,223.1|216.35
30219,456.7|453.35
30220,423.15|277.55
30221,433.7|267.2
30222,584.25|335.6
30223,415.55|318.55
30224,298.3|413.05
30225,210.35|258.0
30226,581.5|296.4
30227,561.15|276.5
30228,580.65|509.25
30229,349.2|465.25
30230,533.95|552.5
30231,413.75|443.2
30232,231.55|317.95
30233,397.2|555.5
30234,340.45|336.75
30235,316.2|422.3
30236,229.8|528.75
30237,274.55|344.35
30238,396.15|554.85
30239,398.65|593.55
30240,586.95|360.35
30241,555.5|406.4
30242,565.85|249.6
30243,474.2|242.6
30244,240.2|423.6
30245,560.0|289.25
30246,581.5|520.05
30247,250.65|296.3
30248,469.8|531.0
30249,406.25|514.85
30250,395.95|334.65
30251,365.0|496.4
30252,404.05|229.65
30253,405.4|360.65
30254,283.9|541.35
30255,459.75|279.8
30256,223.9|237.35
30257,397.2|362.95
30258,248.55|486.2
30259,573.9|395.3
30260,534.05|516.0
30261,412.7|434.7
30262,284.0|462.25
30263,594.0|567.2
30264,356.65|513.7
30265,346.5|449.05
30266,339.0|301.1
30267,555.55|362.95
30268,235.2|225.75
30269,367.25|273.6
30270,427.05|373.05
30271,342.0|371.8
30272,446.75|349.5
30273,576.95|399.85
30274,325.1|331.2
30275,284.9|590.25
30276,449.05|235.1
30277,229.8|568.7
30278,432.3|438.95
30279,561.25|522.2
30280,426.2|387.45
30281,577.55|214.65
30282,261.6|212.9
30283,278.75|358.95
30284,353.3|348.0
30285,494.45|492.1
30286,220.6|341.4
30287,569.2|551.95
30288,373.15|214.5
30289,581.2|299.45
30290,259.65|407.0
30291,372.3|240.7
30292,229.7|394.35
30293,229.25|288.3
30294,512.35|526.4
30295,502.05|458.15
30296,435.2|230.4
30297,471.15|522.25
30298,222.65|363.85
30299,453.55|573.65
30300,391.05|413.7
30301,480.0|524.6
30302,268.25|525.3
30303,389.6|469.0
30304,243.6|557.35
30305,428.25|429.85
30306,412.9|574.9
30307,242.45|206.0
30308,214.15|321.5
30309,540.45|291.25
30310,341.1|209.4
30311,288.55|460.9
30312,492.4|488.45
30313,460.35|241.95
30314,578.0|495.5
30315,233.1|510.85
30316,552.85|388.4
30317,295.9|300.5
30318,206.05|579.75
30319,351.45|546.4
30320,501.65|449.2
30321,366.05|370.7
30322,290.0|589.15
30323,398.2|231.25
30324,304.9|406.85
30325,482.1|358.75
30326,338.5|420.55
30327,209.6|246.85
30328,537.85|226.35
30329,224.75|529.6
30330,461.8|273.05
30331,408.15|231.8
30332,373.75|494.15
30333,268.9|334.7
30334,416.4|522.1
30335,537.6|481.6
30336,527.85|555.05
30337,411.7|592.35
30338,204.5|461.2
30339,406.7|279.0
30340,213.55|236.45
30341,259.55|209.75
30342,210.15|288.15
30343,583.2|512.35
30344,577.9|210.75
30345,350.55|226.45
30346,234.35|402.8
30347,254.5|479.55
30348,493.5|357.25
30349,571.55|559.4
30350,595.55|491.05
30351,343.55|552.4
30352,387.0|343.1
30353,215.85|486.35
30354,440.7|344.45
30355,363.85|218.45
30356,446.5|537.1
30357,464.45|209.3
30358,564.35|283.65
30359,421.3|383.55
30360,473.5|246.45
30361,215.15|211.35
30362,332.4|564.85
30363,234.15|556.05
30364,415.6|482.4
30365,576.3|434.55
30366,437.4|487.2
30367,590.85|408.7
30368,414.9|246.2
30369,327.7|424.75
30370,448.8|468.85
30371,471.75|482.5
30372,438.0|276.3
30373,348.45|333.75
30374,583.2|347.15
30375,509.3|529.3
30376,580.0|471.1
30377,519.35|227.3
30378,472.55|357.15
30379,266.45|419.45
30380,344.7|261.45
30381,355.35|561.55
30382,581.35|553.55
30383,334.45|499.0
30384,573.9|453.6
30385,455.05|233.1
30386,429.15|395.9
30387,239.1|437.65
30388,532.7|554.65
30389,410.25|415.5
30390,395.2|254.2
30391,438.9|356.45
30392,584.4|303.55
30393,375.45|216.45
30394,298.1|327.4
30395,252.55|379.85
30396,235.2|314.15
30397,588.65|359.2
30398,382.75|375.5
30399,356.05|209.2
30400,344.95|334.65
30401,591.7|592.65
30402,219.75|268.1
30403,467.85|379.4
30404,346.35|307.5
30405,487.1|212.65
30406,458.7|288.7
30407,529.5|521.05
30408,226.8|443.95
30409,388.15|468.45
30410,274.35|247.1
30411,582.35|307.4
30412,268.15|561.45
30413,381.1|564.35
30414,564.85|394.3
30415,462.3|449.0
30416,476.85|281.0
30417,413.3|224.6
30418,546.1|431.6
30419,345.15|336.1
30420,446.9|498.9
30421,543.1|254.85
30422,274.55|365.9
30423,525.4|539.55
30424,479.45|535.6
30425,592.7|366.3
30426,248.7|565.5
30427,265.25|268.75
30428,285.15|539.3
30429,341.05|410.05
30430,211.35|588.25
30431,568.95|352.95
30432,548.7|590.95
30433,467.4|497.95
30434,578.1|535.25
30435,344.2|364.45
30436,256.6|447.95
30437,212.45|589.05
30438,478.7|351.75
30439,416.85|492.1
30440,420.7|384.5
30441,421.95|416.0
30442,545.4|469.8
30443,277.5|246.0
30444,571.75|428.3
30445,265.1|555.85
30446,593.05|382.05
30447,315.6|384.2
30448,207.5|393.2
30449,296.85|413.25
30450,343.2|218.6
30451,293.7|278.8
30452,404.6|334.05
30453,475.75|336.9
30454,435.6|454.7
30455,494.75|232.0
30456,253.5|221.05
30457,408.3|260.4
30458,447.05|587.15
30459,387.0|528.1
30460,560.45|370.1
30461,522.2|352.55
30462,586.65|562.4
30463,339.45|527.15
30464,545.3|293.15
30465,221.45|579.9
30466,581.65|482.55
30467,495.75|222.45
30468,592.85|474.6
30469,362.85|504.35
30470,291.2|526.75
30471,210.5|475.55
30472,348.9|587.95
30473,289.85|455.0
30474,363.7|278.55
30475,386.5|566.6
30476,382.15|420.55
30477,561.15|564.95
30478,274.35|578.7
30479,521.45|478.15
30480,588.1|573.15
30481,547.8|397.1
30482,545.2|336.25
30483,424.3|368.1
30484,304.1|377.9
30485,381.35|297.25
30486,522.2|220.65
30487,532.2|460.5
30488,426.3|400.25
30489,425.15|214.75
30490,580.75|497.25
30491,589.85|274.15
30492,438.55|510.5
30493,456.3|551.2
30494,590.25|570.35
30495,214.65|484.8
30496,547.95|482.85
30497,552.2|304.8
30498,524.35|397.0
30499,397.35|349.35
30500,365.75|357.9
30501,264.9|278.55
30502,424.1|413.85
30503,212.6|266.1
30504,374.9|341.85
30505,415.25|225.4
30506,468.9|243.2
30507,305.45|537.1
30508,251.35|287.55
30509,275.0|264.55
30510,325.5|341.75
30511,460.4|570.35
30512,224.75|321.0
30513,265.0|353.95
30514,278.0|327.35
30515,565.1|500.7
30516,573.9|460.85
30517,256.35|395.75
30518,456.65|545.1
30519,446.65|405.25
30520,256.9|251.75
30521,358.65|592.15
30522,461.85|263.3
30523,226.3|221.4
30524,586.9|381.05
30525,490.2|333.6
30526,544.8|582.7
30527,241.1|441.5
30528,592.85|556.65
30529,208.75|284.55
30530,321.15|387.0
30531,374.15|575.7
30532,594.65|546.7
30533,267.35|399.05
30534,221.35|334.35
30535,310.85|315.8
30536,450.05|388.45
30537,419.0|416.55
30538,375.35|213.45
30539,575.85|541.05
30540,209.6|365.4
30541,219.4|297.85
30542,276.45|262.95
30543,360.25|386.85
30544,424.0|290.1
30545,217.2|279.55
30546,464.1|250.95
30547,283.35|386.1
30548,452.2|588.1
30549,342.6|366.55
30550,323.8|337.85
30551,443.05|547.7
30552,585.55|429.8
30553,210.65|289.0
30554,411.8|452.95
30555,526.2|426.2
30556,408.65|215.75
30557,255.45|398.85
30558,580.2|499.6
30559,247.25|537.4
30560,494.6|476.35
30561,231.3|362.95
30562,284.85|366.55
30563,274.75|571.3
30564,581.35|389.5
30565,382.3|435.2
30566,523.55|426.25
30567,220.0|372.6
30568,418.6|427.8
30569,288.55|339.95
30570,452.1|469.15
30571,356.4|218.2
30572,420.7|374.75
30573,578.65|561.7
30574,208.95|313.35
30575,425.55|309.2
30576,410.5|335.6
30577,340.7|353.2
30578,276.65|419.25
30579,473.15|469.95
30580,318.45|381.3
30581,375.35|553.95
30582,229.55|215.25
30583,222.5|582.2
30584,256.95|593.7
30585,403.3|566.9
30586,264.95|405.4
30587,357.6|588.0
30588,424.5|313.85
30589,564.45|416.8
30590,455.95|504.35
30591,554.75|468.4
30592,543.0|591.55
30593,380.1|265.1
30594,243.6|471.45
30595,569.05|316.85
30596,365.15|369.85
30597,248.05|407.45
30598,406.25|548.85
30599,585.7|342.4
30600,398.3|312.45
30601,357.7|232.6
30602,578.5|416.75
30603,582.9|439.6
30604,564.75|246.8
30605,403.3|309.5
30606,355.9|360.6
30607,291.25|573.8
30608,339.5|260.05
30609,277.05|355.3
30610,280.35|303.7
30611,555.2|275.85
30612,488.05|222.35
30613,205.6|503.8
30614,222.0|454.15
30615,520.05|394.45
30616,287.7|482.7
30617,427.7|213.6
30618,350.25|374.95
30619,547.45|349.35
30620,480.5|408.35
30621,552.5|286.2
30622,236.6|587.9
30623,585.55|358.4
30624,209.4|584.75
30625,462.5|224.15
30626,387.95|214.45
30627,218.75|336.9
30628,577.5|301.8
30629,555.65|526.15
30630,473.05|248.9
30631,460.2|543.15
30632,354.6|404.6
30633,581.8|340.95
30634,536.5|422.4
30635,210.75|531.2
30636,550.3|414.25
30637,296.45|425.95
30638,576.75|240.85
30639,577.35|226.3
30640,431.3|416.1
30641,281.0|558.3
30642,551.25|235.0
30643,490.15|353.55
30644,286.45|430.85
30645,211.0|318.55
30646,336.4|335.45
30647,240.8|226.35
30648,458.55|439.6
30649,230.4|244.35
30650,394.15|287.5
30651,561.7|321.4
30652,354.95|540.3
30653,386.05|259.0
30654,468.45|398.05
30655,341.2|517.05
30656,246.6|229.6
30657,471.3|358.3
30658,292.55|327.4
30659,226.4|482.7
30660,288.8|435.65
30661,544.9|240.3
30662,513.2|455.8
30663,221.45|487.55
30664,509.05|473.0
30665,208.75|581.0
30666,225.55|339.55
30667,573.95|447.95
30668,416.35|412.65
30669,351.4|376.35
30670,463.85|381.7
30671,423.7|475.95
30672,259.2|351.4
30673,254.9|549.55
30674,286.6|452.6
30675,301.4|382.75
30676,318.05|356.6
30677,444.95|558.4
30678,451.7|285.0
30679,540.7|503.65
30680,293.0|269.6
30681,545.45|250.1
30682,575.6|254.5
30683,272.6|257.85
30684,476.95|314.7
30685,560.2|469.2
30686,560.9|432.8
30687,422.05|250.85
30688,255.0|558.5
30689,532.25|579.55
30690,337.85|342.3
30691,394.6|328.55
30692,571.7|584.25
30693,351.4|556.1
30694,357.75|369.1
30695,447.7|316.65
30696,385.0|240.3
30697,247.75|283.1
30698,578.3|220.85
30699,577.15|267.05
30700,267.8|561.5
30701,406.75|559.45
30702,392.6|221.75
30703,459.9|356.95
30704,292.05|251.0
30705,480.05|358.1
30706,233.75|539.45
30707,543.85|297.4
30708,581.75|477.35
30709,446.25|489.15
30710,363.85|380.2
30711,584.7|398.3
30712,467.7|361.3
30713,588.0|544.6
30714,539.75|453.2
30715,231.9|290.3
30716,395.95|278.45
30717,452.0|394.05
30718,470.2|560.45
30719,581.7|468.3
30720,490.3|482.45
30721,434.9|456.95
30722,335.65|326.8
30723,550.25|250.5
30724,366.9|289.15
30725,384.9|559.05
30726,330.2|357.55
30727,537.2|443.75
30728,222.55|469.75
30729,569.05|447.85
30730,401.9|324.2
30731,289.75|309.65
30732,354.7|208.4
30733,366.0|376.8
30734,571.05|243.7
30735,589.8|275.8
30736,241.75|542.4
30737,268.45|428.75
30738,287.55|455.35
30739,408.15|219.6
30740,413.2|281.35
30741,436.85|538.85
30742,430.05|578.55
30743,424.8|585.05
30744,385.0|517.2
30745,554.35|428.7
30746,391.9|475.15
30747,417.95|353.6
30748,354.75|576.9
30749,553.35|432.55
30750,280.55|432.7
30751,219.3|528.35
30752,568.45|552.5
30753,508.9|452.45
30754,469.1|432.85
30755,575.8|209.65
30756,544.15|589.75
30757,561.65|478.05
30758,381.55|594.45
30759,410.3|529.65
30760,381.95|594.65
30761,466.25|260.45
30762,340.45|333.05
30763,342.9|324.35
30764,312.2|421.1
30765,222.25|574.7
30766,382.75|572.2
30767,556.9|559.85
30768,261.25|276.75
30769,464.9|371.5
30770,252.55|214.25
30771,224.65|464.05
30772,552.3|225.35
30773,578.35|271.65
30774,291.7|437.4
30775,335.8|456.1
30776,458.7|507.75
30777,485.15|328.15
30778,341.95|575.45
30779,287.75|555.45
30780,521.35|335.85
30781,527.8|420.65
30782,440.75|264.35
30783,540.85|293.5
30784,279.05|512.6
30785,281.15|414.3
30786,457.55|322.9
30787,304.9|582.3
30788,593.3|506.7
30789,340.7|522.9
30790,455.5|441.65
30791,556.65|474.4
30792,400.9|511.55
30793,521.8|507.2
30794,358.75|579.15
30795,374.25|493.25
30796,351.75|457.65
30797,422.5|316.2
30798,444.4|390.8
30799,415.35|528.1
30800,580.05|240.1
30801,397.65|418.4
30802,418.2|450.7
30803,415.9|275.05
30804,342.0|253.55
30805,580.95|515.55
30806,382.8|238.7
30807,231.5|399.8
30808,447.05|269.4
30809,440.3|487.1
30810,250.7|250.2
30811,521.0|433.15
30812,539.1|535.05
30813,354.25|584.95
30814,275.75|458.8
30815,542.05|546.05
30816,391.9|573.2
30817,368.8|281.15
30818,546.4|392.4
30819,301.25|373.15
30820,319.75|307.2
30821,462.3|378.95
30822,310.75|578.7
30823,317.55|382.45
30824,437.7|325.65
30825,233.45|410.65
30826,396.0|206.6
30827,547.2|578.55
30828,482.9|427.85
30829,411.95|327.3
30830,570.85|334.45
30831,240.0|495.35
30832,238.35|432.75
30833,555.15|242.75
30834,401.7|535.25
30835,588.75|258.3
30836,594.6|414.1
30837,579.85|389.05
30838,261.55|490.45
30839,277.4|544.8
30840,564.15|403.15
30841,285.85|588.2
30842,344.65|507.6
30843,409.3|431.65
30844,453.1|365.4
30845,273.6|288.7
30846,591.35|492.3
30847,414.7|443.0
30848,350.9|448.55
30849,586.85|570.1
30850,565.25|465.0
30851,524.2|235.05
30852,393.45|576.4
30853,291.05|529.9
30854,326.75|343.75
30855,276.05|447.5
30856,286.9|391.4
30857,472.95|336.95
30858,473.1|238.35
30859,399.45|577.1
30860,483.25|500.45
30861,474.45|336.8
30862,472.35|379.35
30863,222.1|270.55
30864,526.25|516.6
30865,462.5|387.05
30866,402.5|278.55
30867,537.35|252.65
30868,430.85|468.95
30869,575.55|389.0
30870,473.1|207.95
30871,441.5|383.95
30872,217.45|402.4
30873,284.55|336.15
30874,204.1|499.7
30875,422.05|526.6
30876,424.9|428.65
30877,212.65|341.15
30878,357.05|574.25
30879,260.65|566.8
30880,355.5|375.35
30881,415.45|380.45
30882,539.3|508.9
30883,495.0|231.25
30884,566.9|515.65
30885,262.6|547.3
30886,406.6|493.15
30887,236.7|243.95
30888,422.25|238.6
30889,274.9|250.95
30890,394.65|359.35
30891,541.3|330.4
30892,289.25|498.35
30893,428.5|213.15
30894,431.45|564.25
30895,274.8|585.8
30896,268.1|298.7
30897,378.95|481.55
30898,219.85|252.0
30899,584.0|403.7
30900,279.25|374.15
30901,224.05|304.35
30902,276.6|235.1
30903,482.15|545.6
30904,287.1|343.3
30905,492.8|269.05
30906,356.95|595.9
30907,282.25|341.25
30908,385.4|242.7
30909,431.45|384.6
30910,265.95|281.15
30911,307.25|438.45
30912,317.2|560.5
30913,413.35|541.3
30914,582.75|520.3
30915,394.25|498.65
30916,403.0|378.8
30917,421.6|310.45
30918,507.15|352.4
30919,498.45|236.9
30920,308.6|212.5
30921,470.1|250.65
30922,349.55|591.85
30923,406.9|320.2
30924,461.45|222.35
30925,502.5|307.85
30926,296.15|420.85
30927,592.0|559.7
30928,218.65|216.95
30929,521.6|541.5
30930,233.6|556.3
30931,223.35|472.15
30932,356.25|259.05
30933,244.45|503.15
30934,439.7|302.6
30935,574.0|395.1
30936,359.25|496.45
30937,474.35|261.3
30938,208.75|507.4
30939,446.75|231.65
30940,233.5|270.1
30941,486.65|477.4
30942,562.8|415.9
30943,407.85|354.4
30944,284.5|294.2
30945,547.75|250.3
30946,213.9|582.8
30947,268.4|320.6
30948,404.0|372.2
30949,520.05|433.9
30950,244.25|271.2
30951,383.85|454.55
30952,401.0|304.35
30953,580.5|323.3
30954,467.1|468.3
30955,589.75|248.3
30956,416.0|485.8
30957,517.0|528.45
30958,247.4|208.5
30959,475.9|466.0
30960,394.9|358.95
30961,521.15|506.9
30962,276.9|416.75
30963,528.75|397.85
30964,421.2|480.8
30965,489.35|475.45
30966,534.7|231.0
30967,414.95|268.45
30968,233.95|206.95
30969,465.3|543.45
30970,564.5|239.15
30971,440.7|577.55
30972,419.2|467.85
30973,415.05|292.9
30974,579.45|334.85
30975,255.1|548.25
30976,410.5|297.05
30977,484.55|330.7
30978,550.4|569.2
30979,563.85|422.35
30980,529.15|383.2
30981,475.55|541.85
30982,566.65|431.85
30983,418.8|244.6
30984,567.9|218.65
30985,346.1|264.6
30986,246.75|474.05
30987,560.85|249.5
30988,589.05|265.5
30989,507.75|517.95
30990,581.55|324.15
30991,375.85|595.3
30992,569.05|421.4
30993,562.35|312.6
30994,217.8|251.7
30995,470.45|485.55
30996,456.0|430.65
30997,333.0|331.7
30998,559.95|387.3
30999,442.9|451.35
31000,271.85|558.95
31001,411.75|269.1
31002,562.25|465.65
31003,543.0|522.45
31004,342.2|326.9
31005,218.65|224.6
31006,269.25|572.85
31007,529.55|281.7
31008,406.85|490.85
31009,345.45|472.55
31010,546.55|298.9
31011,248.2|571.9
31012,538.15|227.8
31013,572.75|589.65
31014,372.15|595.0
31015,546.9|593.45
31016,540.9|342.2
31017,474.3|224.85
31018,539.9|269.45
31019,270.45|444.95
31020,241.9|320.7
31021,589.1|341.75
31022,332.65|407.35
31023,585.55|344.35
31024,403.9|436.4
31025,251.8|262.7
31026,391.2|483.3
31027,547.75|282.5
31028,351.9|334.85
31029,416.05|325.05
31030,417.55|411.75
31031,558.4|303.4
31032,276.8|282.5
31033,416.15|389.9
31034,264.35|540.2
31035,465.3|290.6
31036,558.05|325.85
31037,586.1|525.85
31038,533.1|454.5
31039,262.1|246.95
31040,468.3|290.15
31041,286.4|383.75
31042,510.35|534.3
31043,347.6|539.85
31044,338.2|589.05
31045,363.5|523.2
31046,244.5|430.05
31047,279.0|501.2
31048,241.75|391.2
31049,533.45|444.5
31050,556.65|456.5
31051,559.15|302.5
31052,541.45|485.75
31053,407.1|399.3
31054,267.95|585.8
31055,360.25|419.4
31056,290.75|367.55
31057,381.4|279.55
31058,566.55|411.3
31059,550.35|552.5
31060,441.65|551.35
31061,286.45|425.4
31062,211.15|304.5
31063,401.5|267.1
31064,353.9|237.8
31065,467.2|291.9
31066,231.7|580.95
31067,403.85|511.65
31068,221.85|370.2
31069,579.1|466.1
31070,442.5|520.1
31071,403.4|343.8
31072,452.7|580.7
31073,433.6|593.95
31074,270.0|483.8
31075,354.2|489.65
31076,417.05|312.45
31077,392.75|391.9
31078,222.05|222.6
31079,224.95|550.0
31080,401.85|591.75
31081,390.6|294.55
31082,232.75|576.1
31083,334.4|423.45
31084,387.15|582.45
31085,382.2|350.25
31086,390.65|465.9
31087,239.25|471.75
31088,387.95|410.55
31089,441.45|384.3
31090,468.1|459.4
31091,567.25|457.0
31092,258.5|560.0
31093,378.4|379.0
31094,213.1|403.6
31095,226.25|250.9
31096,220.4|415.2
31097,566.9|304.5
31098,407.35|225.45
31099,260.55|560.95
31100,389.8|579.85
31101,424.95|310.0
31102,457.55|561.8
31103,378.0|203.65
31104,276.8|256.95
31105,487.05|524.3
31106,437.0|581.5
31107,341.55|420.35
31108,284.5|357.95
31109,291.0|425.2
31110,412.15|241.95
31111,517.8|476.15
31112,306.45|295.1
31113,425.7|385.2
31114,389.9|494.55
31115,264.65|416.15
31116,430.45|497.6
31117,407.9|315.05
31118,413.65|532.3
31119,565.5|243.35
31120,587.25|220.2
31121,470.9|323.05
31122,557.45|525.5
31123,541.45|406.1
31124,483.8|236.55
31125,431.3|244.15
31126,356.95|441.7
31127,384.4|491.0
31128,485.1|549.2
31129,237.95|436.6
31130,374.35|498.9
31131,247.65|226.25
31132,295.8|582.85
31133,311.55|412.5
31134,357.95|320.75
31135,293.75|510.55
31136,304.05|538.75
31137,386.3|473.1
31138,373.45|351.55
31139,470.05|237.1
31140,476.35|481.6
31141,518.8|467.05
31142,277.35|587.75
31143,260.0|573.2
31144,417.1|459.35
31145,437.35|548.15
31146,466.1|533.1
31147,445.6|273.65
31148,457.8|351.3
31149,433.85|566.65
31150,465.2|241.3
31151,411.35|556.35
31152,241.4|285.95
31153,484.9|382.75
31154,567.8|341.55
31155,235.9|429.2
31156,210.75|385.8
31157,580.7|559.55
31158,271.45|383.95
31159,547.35|464.4
31160,294.3|549.65
31161,523.85|309.5
31162,540.5|334.85
31163,472.85|301.25
31164,349.95|591.3
31165,412.55|547.95
31166,461.1|449.7
31167,215.35|524.7
31168,354.8|521.15
31169,248.05|377.85
31170,463.4|342.65
31171,233.5|397.1
31172,525.7|456.55
31173,279.9|368.5
31174,586.3|559.05
31175,569.9|443.85
31176,261.9|342.15
31177,329.85|287.55
31178,206.3|484.85
31179,449.8|559.85
31180,388.9|504.85
31181,279.75|495.45
31182,271.55|367.2
31183,476.45|342.3
31184,386.9|309.5
31185,282.4|399.65
31186,204.55|525.35
31187,363.8|590.95
31188,402.3|579.4
31189,410.25|579.45
31190,528.2|537.25
31191,399.3|262.4
31192,436.2|396.8
31193,530.25|339.5
31194,442.7|452.8
31195,564.15|228.15
31196,390.45|299.25
31197,279.55|444.55
31198,374.65|591.5
31199,208.6|514.9
31200,361.85|571.75
31201,270.55|586.7
31202,287.95|388.45
31203,217.3|485.75
31204,449.8|316.25
31205,463.0|428.05
31206,401.65|367.75
31207,226.8|351.0
31208,331.65|439.0
31209,466.05|266.2
31210,355.5|468.3
31211,526.55|469.4
31212,239.8|378.4
31213,399.15|382.6
31214,220.35|384.25
31215,466.25|443.15
31216,275.15|227.95
31217,322.75|525.95
31218,552.4|239.5
31219,479.05|523.85
31220,508.4|441.15
31221,384.15|243.25
31222,402.55|552.05
31223,298.1|382.0
31224,246.55|522.35
31225,381.65|324.85
31226,565.7|472.15
31227,529.85|494.15
31228,352.45|221.7
31229,579.35|238.6
31230,411.25|543.55
31231,286.2|347.75
31232,460.3|222.15
31233,396.25|320.8
31234,426.1|304.15
31235,302.5|528.2
31236,575.55|514.7
31237,544.5|264.9
31238,471.95|213.4
31239,213.1|283.05
31240,435.05|381.35
31241,284.35|360.05
31242,529.75|433.7
31243,449.15|444.3
31244,560.75|463.25
31245,574.55|475.45
31246,586.25|297.3
31247,573.65|592.05
31248,557.15|571.85
31249,578.05|216.35
31250,479.6|518.65
31251,217.85|494.2
31252,546.3|299.3
31253,362.95|359.5
31254,395.3|533.25
31255,267.85|442.7
31256,465.8|234.65
31257,587.2|363.5
31258,261.15|259.55
31259,322.0|402.6
31260,237.2|580.15
31261,465.5|375.85
31262,524.9|294.4
31263,294.1|308.9
31264,257.6|310.5
31265,448.15|220.05
31266,278.15|487.85
31267,258.5|334.7
31268,369.65|505.4
31269,424.55|238.0
31270,427.9|397.5
31271,406.45|365.95
31272,374.45|496.65
31273,247.7|470.95
31274,456.65|531.3
31275,594.2|270.25
31276,514.85|531.7
31277,244.1|212.8
31278,398.85|467.9
31279,228.55|300.35
31280,447.75|447.6
31281,340.95|332.65
31282,250.05|426.6
31283,548.0|230.5
31284,245.05|419.8
31285,266.05|314.3
31286,415.55|532.8
31287,475.0|305.4
31288,270.75|341.4
31289,353.05|334.95
31290,228.75|348.8
31291,220.8|284.95
31292,365.35|212.95
31293,529.95|444.05
31294,550.4|577.0
31295,267.3|579.85
31296,278.15|550.55
31297,456.5|429.55
31298,411.55|247.3
31299,356.95|359.35
31300,558.65|501.85
31301,281.1|332.2
31302,253.4|284.8
31303,593.6|585.3
31304,347.25|360.0
31305,482.8|478.65
31306,242.9|270.35
31307,212.35|582.85
31308,335.25|370.25
31309,249.95|365.4
31310,585.55|372.75
31311,551.5|361.9
31312,443.9|589.45
31313,277.25|289.4
31314,511.9|414.05
31315,413.9|492.25
31316,389.9|567.4
31317,554.0|585.7
31318,337.55|336.45
31319,365.3|556.65
31320,212.3|568.1
31321,252.9|273.3
31322,357.1|212.55
31323,535.95|341.35
31324,261.5|409.35
31325,354.9|509.7
31326,580.5|458.25
31327,570.65|378.0
31328,289.15|552.35
31329,586.05|372.7
31330,230.7|398.0
31331,576.25|458.3
31332,565.5|552.5
31333,380.8|421.9
31334,239.85|534.1
31335,594.7|381.6
31336,562.1|288.55
31337,372.25|273.1
31338,429.5|354.7
31339,536.9|535.95
31340,333.55|316.55
31341,456.1|517.95
31342,357.55|461.05
31343,348.45|207.35
31344,568.5|543.75
31345,520.55|524.65
31346,542.2|435.45
31347,561.85|397.25
31348,255.75|295.6
31349,212.6|566.65
31350,376.4|263.95
31351,428.3|274.0
31352,293.85|496.65
31353,353.95|318.6
31354,420.9|259.4
31355,472.0|313.45
31356,498.75|504.4
31357,447.3|586.0
31358,536.6|516.3
31359,493.0|330.0
31360,576.95|455.1
31361,439.45|585.4
31362,526.4|441.75
31363,419.45|399.45
31364,430.25|446.9
31365,300.75|327.65
31366,268.25|435.95
31367,530.6|367.2
31368,241.6|392.25
31369,448.05|334.5
31370,224.0|466.2
31371,546.95|236.95
31372,259.55|575.05
31373,480.45|310.3
31374,350.45|309.8
31375,445.45|451.95
31376,363.35|483.55
31377,461.85|584.15
31378,396.35|299.0
31379,248.65|399.65
31380,246.5|573.3
31381,253.95|349.45
31382,334.9|552.7
31383,267.7|341.85
31384,346.55|565.1
31385,346.3|256.8
31386,562.8|238.25
31387,556.25|285.0
31388,222.8|517.15
31389,283.1|360.3
31390,282.2|424.65
31391,315.0|336.6
31392,392.3|553.4
31393,306.4|499.15
31394,554.5|331.1
31395,238.6|406.85
31396,213.05|473.35
31397,285.05|450.85
31398,583.15|365.5
31399,209.95|467.65
31400,215.65|459.7
31401,578.5|413.4
31402,528.1|441.0
31403,225.45|230.75
31404,471.1|261.6
31405,551.8|493.7
31406,581.25|231.7
31407,357.95|222.0
31408,458.1|512.1
31409,290.25|341.2
31410,386.75|213.05
31411,536.2|521.55
31412,426.65|392.75
31413,379.0|505.1
31414,415.4|542.35
31415,479.85|510.7
31416,221.6|321.35
31417,272.5|459.3
31418,561.95|306.25
31419,271.45|589.3
31420,496.65|341.35
31421,364.65|223.25
31422,229.15|522.2
31423,353.45|280.45
31424,297.55|322.3
31425,464.75|385.9
31426,454.6|531.4
31427,454.8|571.1
31428,262.4|353.85
31429,249.65|508.7
31430,382.4|272.15
31431,368.6|444.65
31432,393.0|263.6
31433,410.75|293.45
31434,532.1|525.15
31435,459.05|462.95
31436,299.3|389.35
31437,532.95|540.8
31438,395.45|345.6
31439,334.3|419.5
31440,379.75|284.9
31441,233.2|329.55
31442,229.1|558.85
31443,362.0|446.5
31444,396.5|591.95
31445,352.1|517.45
31446,549.6|229.0
31447,342.75|511.75
31448,342.05|426.15
31449,249.75|431.7
31450,541.25|545.1
31451,320.45|341.3
31452,516.75|517.05
31453,337.55|348.1
31454,578.55|285.85
31455,449.5|387.05
31456,403.15|560.3
31457,288.55|473.45
31458,512.5|442.3
31459,282.8|331.05
31460,406.3|260.05
31461,392.25|513.45
31462,591.9|457.5
31463,437.75|394.35
31464,344.25|556.45
31465,349.0|585.65
31466,262.75|534.8
31467,286.75|562.85
31468,351.25|589.2
31469,437.0|306.55
31470,228.0|449.8
31471,341.95|495.6
31472,409.4|357.1
31473,281.0|529.0
31474,452.15|479.35
31475,245.9|580.0
31476,242.85|387.3
31477,261.5|393.45
31478,286.25|406.65
31479,247.75|446.2
31480,477.75|381.9
31481,284.2|539.3
31482,334.0|212.85
31483,216.3|468.15
31484,213.3|301.55
31485,339.55|583.6
31486,413.55|206.85
31487,523.1|504.75
31488,438.55|522.65
31489,519.0|531.55
31490,584.0|578.4
31491,216.15|510.5
31492,476.3|259.3
31493,209.3|211.45
31494,266.35|579.75
31495,464.1|273.7
31496,589.05|554.2
31497,518.35|499.05
31498,443.25|582.75
31499,416.65|375.8
31500,542.45|446.3
31501,470.0|524.55
31502,249.75|399.85
31503,571.6|397.6
31504,559.45|248.75
31505,328.0|331.8
31506,269.8|245.15
31507,275.35|453.7
31508,566.3|408.9
31509,351.5|305.05
31510,207.6|506.9
31511,340.4|242.2
31512,559.0|582.1
31513,550.3|509.2
31514,555.75|373.05
31515,435.45|288.1
31516,234.1|490.55
31517,587.95|479.75
31518,348.0|512.9
31519,431.6|467.85
31520,577.4|293.95
31521,406.6|532.0
31522,401.7|286.2
31523,215.0|510.6
31524,520.4|470.2
31525,564.55|477.75
31526,373.65|580.25
31527,355.45|496.45
31528,268.7|504.4
31529,347.1|541.2
31530,448.55|392.25
31531,470.55|292.75
31532,354.85|378.1
31533,412.65|493.7
31534,214.85|216.7
31535,321.85|522.7
31536,342.0|412.8
31537,578.05|384.3
31538,272.5|457.0
31539,539.55|514.2
31540,234.7|347.95
31541,357.0|387.7
31542,458.1|438.45
31543,577.8|448.05
31544,583.5|469.75
31545,218.85|498.75
31546,522.0|463.6
31547,427.5|436.75
31548,493.95|368.85
31549,291.85|354.65
31550,245.95|500.45
31551,446.35|275.55
31552,440.5|213.9
31553,483.6|352.1
31554,234.1|231.65
31555,581.2|228.4
31556,258.95|564.15
31557,294.9|363.75
31558,246.75|581.1
31559,481.3|437.1
31560,503.85|340.15
31561,237.35|579.6
31562,517.75|351.5
31563,560.45|287.5
31564,295.1|396.5
31565,541.55|575.5
31566,226.05|225.85
31567,589.05|510.25
31568,220.7|264.05
31569,364.5|339.7
31570,376.75|263.75
31571,468.7|365.2
31572,217.25|461.7
31573,526.4|438.55
31574,546.15|550.35
31575,317.35|544.5
31576,443.8|572.95
31577,582.35|359.75
31578,554.4|279.3
31579,462.1|237.95
31580,244.45|445.05
31581,293.85|326.15
31582,270.9|358.7
31583,376.4|359.2
31584,217.3|305.05
31585,214.85|494.45
31586,222.7|424.35
31587,548.85|559.35
31588,230.7|275.35
31589,239.45|270.9
31590,279.35|525.05
31591,545.3|564.6
31592,437.95|225.45
31593,421.7|412.6
31594,498.75|259.8
31595,474.2|501.0
31596,311.8|429.05
31597,283.85|532.35
31598,345.6|587.95
31599,577.95|331.8
31600,384.85|345.4
31601,516.4|226.15
31602,381.9|332.45
31603,367.3|466.25
31604,545.4|303.75
31605,476.55|349.2
31606,478.25|242.45
31607,440.8|591.8
31608,300.6|415.9
31609,570.1|371.0
31610,525.15|260.9
31611,340.75|331.8
31612,382.25|448.3
31613,534.6|408.95
31614,572.7|336.0
31615,540.05|535.45
31616,356.1|323.85
31617,436.35|571.85
31618,567.5|232.4
31619,594.25|488.0
31620,487.65|278.35
31621,355.25|425.1
31622,546.95|592.55
31623,245.5|220.8
31624,433.25|519.25
31625,379.65|484.65
31626,236.05|554.8
31627,259.35|563.85
31628,572.9|586.35
31629,557.95|250.9
31630,530.5|424.95
31631,589.65|295.0
31632,590.95|344.4
31633,466.05|263.85
31634,584.3|511.9
31635,486.4|335.95
31636,577.95|565.25
31637,567.6|559.45
31638,583.25|341.05
31639,302.7|350.5
31640,449.7|237.25
31641,403.35|364.3
31642,415.95|529.4
31643,457.3|262.95
31644,473.25|223.0
31645,342.8|374.4
31646,261.45|400.85
31647,433.0|223.9
31648,424.7|575.95
31649,353.8|542.95
31650,354.1|299.55
31651,347.25|334.3
31652,344.95|567.8
31653,215.35|466.15
31654,442.4|463.75
31655,516.05|456.0
31656,274.65|370.3
31657,265.95|589.45
31658,576.55|585.05
31659,262.5|273.95
31660,594.2|389.2
31661,366.4|502.85
31662,405.35|363.7
31663,582.2|575.35
31664,273.45|314.0
31665,413.65|414.65
31666,273.0|582.45
31667,450.35|590.5
31668,272.85|287.75
31669,486.35|273.6
31670,457.5|264.6
31671,358.7|392.05
31672,539.5|568.75
31673,511.45|289.05
31674,569.3|507.2
31675,338.4|486.65
31676,586.1|498.5
31677,332.55|555.1
31678,215.3|479.2
31679,544.3|528.15
31680,573.3|492.85
31681,384.8|574.1
31682,397.1|288.0
31683,584.4|435.2
31684,391.15|351.65
31685,539.05|569.55
31686,388.7|484.25
31687,207.7|489.05
31688,544.95|566.7
31689,261.95|211.5
31690,277.35|547.6
31691,234.95|217.7
31692,577.1|387.75
31693,497.15|485.55
31694,421.05|396.15
31695,350.6|529.9
31696,268.0|207.25
31697,422.05|221.2
31698,575.65|543.25
31699,434.55|277.4
31700,532.85|426.0
31701,576.4|516.3
31702,260.45|219.5
31703,589.95|380.25
31704,419.85|567.9
31705,364.4|565.5
31706,319.75|372.35
31707,384.95|386.5
31708,382.4|402.0
31709,530.7|461.0
31710,523.15|509.5
31711,410.0|360.1
31712,377.5|259.7
31713,348.45|249.35
31714,474.25|287.95
31715,393.5|457.45
31716,535.8|284.25
31717,405.25|353.35
31718,228.8|356.05
31719,404.9|230.75
31720,483.15|216.3
31721,390.75|275.05
31722,377.25|590.55
31723,262.7|336.5
31724,287.65|383.0
31725,429.9|270.7
31726,282.9|450.1
31727,500.2|284.15
31728,349.8|423.0
31729,334.85|377.15
31730,257.15|213.05
31731,249.35|549.35
31732,447.55|332.95
31733,233.5|403.2
31734,347.75|522.9
31735,421.45|406.0
31736,352.25|493.0
31737,587.4|368.0
31738,288.15|447.9
31739,545.25|292.85
31740,262.3|462.75
31741,458.75|457.65
31742,434.6|381.45
31743,466.65|353.3
31744,398.85|353.7
31745,423.75|482.5
31746,567.55|496.5
31747,558.0|311.4
31748,252.75|230.2
31749,431.85|254.3
31750,383.5|356.3
31751,395.7|362.35
31752,515.55|564.85
31753,556.2|395.6
31754,580.95|461.95
31755,575.95|417.85
31756,454.4|579.65
31757,252.55|471.6
31758,220.25|527.7
31759,250.45|577.75
31760,485.9|223.8
31761,346.8|545.75
31762,461.5|220.0
31763,402.55|301.8
31764,428.1|248.9
31765,578.75|543.55
31766,228.25|378.95
31767,214.15|466.35
31768,569.4|248.75
31769,412.6|556.5
31770,375.45|279.8
31771,226.4|380.05
31772,264.55|589.9
31773,485.7|347.6
31774,286.05|411.45
31775,480.75|503.9
31776,410.25|318.0
31777,338.3|508.3
31778,274.9|366.75
31779,392.0|451.75
31780,378.4|400.2
31781,575.6|591.7
31782,298.55|332.15
31783,227.8|583.6
31784,594.7|383.3
31785,238.75|515.25
31786,257.15|282.1
31787,550.6|222.6
31788,573.8|217.3
31789,271.1|455.3
31790,366.4|209.9
31791,298.15|455.8
31792,462.3|449.65
31793,377.35|270.3
31794,420.25|318.7
31795,452.8|308.55
31796,562.1|375.9
31797,297.5|510.2
31798,398.55|586.9
31799,411.35|288.65
31800,407.95|386.25
31801,313.75|593.5
31802,342.9|567.15
31803,355.25|225.9
31804,384.5|372.3
31805,452.55|463.85
31806,395.65|566.85
31807,566.65|528.85
31808,499.5|446.85
31809,286.2|445.7
31810,246.8|241.4
31811,213.05|399.3
31812,373.25|231.0
31813,260.15|305.45
31814,567.3|244.95
31815,470.05|320.65
31816,332.9|480.7
31817,373.2|590.75
31818,462.85|386.85
31819,545.75|487.45
31820,205.4|581.0
31821,344.3|527.85
31822,571.8|278.35
31823,417.85|362.3
31824,205.65|398.45
31825,567.4|503.8
31826,527.7|529.2
31827,421.75|588.1
31828,283.15|452.95
31829,582.15|476.15
31830,354.15|329.5
31831,348.05|277.45
31832,345.85|445.65
31833,270.8|215.5
31834,268.05|252.9
31835,425.3|589.45
31836,381.9|324.7
31837,336.3|405.05
31838,538.15|273.15
31839,512.8|486.65
31840,502.3|461.25
31841,418.8|473.85
31842,286.6|433.05
31843,295.15|315.4
31844,357.55|583.5
31845,265.85|287.75
31846,462.2|298.85
31847,462.2|388.6
31848,207.0|484.7
31849,291.7|384.35
31850,460.65|261.3
31851,240.2|429.7
31852,414.8|545.9
31853,465.15|471.05
31854,347.45|220.3
31855,559.6|279.8
31856,254.7|242.95
31857,585.4|219.6
31858,231.55|577.3
31859,389.65|353.1
31860,380.45|379.45
31861,228.6|592.75
31862,374.75|569.1
31863,434.8|399.75
31864,221.75|571.6
31865,553.0|320.55
31866,388.15|254.0
31867,494.0|507.5
31868,423.8|589.7
31869,288.15|425.45
31870,540.0|492.05
31871,491.4|476.7
31872,217.55|491.55
31873,377.15|371.25
31874,246.15|538.6
31875,473.9|310.45
31876,210.35|572.2
31877,216.25|325.9
31878,368.75|212.35
31879,584.75|505.35
31880,221.75|590.65
31881,276.45|360.4
31882,511.3|532.9
31883,466.0|429.5
31884,239.55|394.95
31885,484.85|498.6
31886,459.7|418.0
31887,319.1|386.1
31888,444.3|356.25
31889,575.15|377.35
31890,388.55|368.4
31891,575.5|481.55
31892,573.0|538.05
31893,221.7|430.9
31894,371.95|275.85
31895,436.4|543.5
31896,221.7|433.0
31897,251.2|374.9
31898,353.7|286.35
31899,588.9|361.75
31900,267.95|363.6
31901,418.4|484.45
31902,261.95|455.35
31903,348.85|517.55
31904,572.8|242.1
31905,396.0|589.8
31906,270.15|568.3
31907,516.45|436.15
31908,246.6|497.1
31909,285.6|513.45
31910,478.1|360.3
31911,361.0|438.05
31912,533.75|494.0
31913,348.5|238.0
31914,429.05|328.85
31915,357.7|578.1
31916,535.4|577.9
31917,453.1|509.9
31918,261.6|411.4
31919,234.0|386.95
31920,579.0|366.55
31921,583.6|554.2
31922,475.2|215.7
31923,452.35|306.15
31924,284.25|435.25
31925,277.8|491.45
31926,279.3|550.3
31927,472.4|475.75
31928,291.35|386.9
31929,528.75|381.45
31930,436.05|566.75
31931,295.4|342.95
31932,445.85|554.65
31933,581.9|462.4
31934,398.35|378.0
31935,358.9|225.0
31936,259.4|240.35
31937,260.1|548.15
31938,420.25|473.0
31939,562.1|261.2
31940,470.65|251.95
31941,532.25|547.4
31942,343.35|275.3
31943,266.35|373.9
31944,272.4|233.3
31945,590.75|552.5
31946,259.25|344.55
31947,216.95|360.5
31948,441.25|223.55
31949,222.7|552.8
31950,421.55|463.95
31951,219.95|314.0
31952,365.4|505.5
31953,375.8|329.75
31954,462.5|399.4
31955,319.85|383.3
31956,373.3|272.15
31957,570.2|542.1
31958,244.25|441.9
31959,215.4|480.3
31960,220.8|485.0
31961,320.75|385.5
31962,281.5|525.3
31963,570.4|246.45
31964,207.65|584.65
31965,581.7|370.45
31966,211.65|330.65
31967,402.55|333.2
31968,217.65|256.3
31969,326.05|336.2
31970,542.9|583.4
31971,296.05|516.4
31972,385.15|346.9
31973,500.55|530.2
31974,477.65|351.95
31975,355.6|263.75
31976,275.9|508.75
31977,232.2|424.65
31978,511.3|490.2
31979,396.5|491.05
31980,434.35|218.0
31981,566.15|485.2
31982,387.2|485.4
31983,285.5|233.9
31984,457.3|243.6
31985,274.15|253.45
31986,427.9|478.95
31987,226.7|273.75
31988,250.6|496.0
31989,364.5|454.35
31990,372.95|535.45
31991,240.8|224.55
31992,472.0|285.45
31993,568.9|383.75
31994,286.9|529.35
31995,537.65|481.95
31996,424.25|486.2
31997,209.75|227.05
31998,392.9|356.7
31999,431.45|400.55
32000,589.7|475.5
32001,582.9|553.4
32002,421.2|543.2
32003,341.45|336.7
32004,462.1|427.4
32005,279.1|550.2
32006,529.75|419.8
32007,464.65|220.9
32008,547.25|266.3
32009,440.8|436.35
32010,434.25|301.85
32011,405.9|230.3
32012,433.75|551.85
32013,209.3|220.05
32014,429.45|365.8
32015,248.0|237.35
32016,458.15|515.7
32017,508.25|495.8
32018,260.3|375.95
32019,281.15|393.3
32020,452.55|510.75
32021,392.85|296.3
32022,592.0|375.15
32023,403.4|581.4
32024,265.85|318.05
32025,357.75|323.2
32026,426.35|296.7
32027,208.65|583.65
32028,416.3|575.95
32029,282.95|585.95
32030,551.8|216.4
32031,217.0|455.3
32032,343.3|269.0
32033,578.2|592.0
32034,237.9|289.05
32035,344.2|536.6
32036,326.45|347.4
32037,380.4|498.6
32038,343.35|328.2
32039,277.5|324.25
32040,339.2|222.55
32041,291.6|338.8
32042,316.65|482.75
32043,468.6|453.75
32044,576.45|217.6
32045,408.85|207.7
32046,558.35|223.75
32047,450.5|232.55
32048,387.85|352.05
32049,426.75|494.75
32050,255.3|370.65
32051,270.0|401.0
32052,214.05|227.85
32053,207.6|520.5
32054,325.35|389.2
32055,333.95|409.95
32056,221.75|284.75
32057,405.6|578.1
32058,269.05|285.45
32059,264.35|542.8
32060,575.85|413.4
32061,581.2|426.5
32062,594.8|397.1
32063,237.45|436.5
32064,558.05|470.0
32065,479.2|365.2
32066,376.35|291.25
32067,427.15|231.95
32068,379.8|480.95
32069,404.8|475.4
32070,362.05|524.7
32071,481.2|350.35
32072,355.85|451.6
32073,266.35|281.7
32074,417.2|432.65
32075,295.25|354.75
32076,334.9|245.65
32077,439.55|339.85
32078,565.15|239.0
32079,449.2|356.0
32080,213.05|262.8
32081,346.85|218.7
32082,225.65|257.4
32083,211.75|499.5
32084,516.2|452.35
32085,260.65|394.2
32086,474.1|477.4
32087,572.05|506.4
32088,369.0|258.4
32089,260.05|227.15
32090,482.95|258.1
32091,214.1|365.7
32092,371.9|357.7
32093,288.6|518.4
32094,367.15|243.0
32095,439.4|370.9
32096,403.75|348.8
32097,209.6|579.95
32098,550.25|397.3
32099,417.7|386.0
32100,322.1|310.7
32101,445.1|290.65
32102,473.9|521.3
32103,395.8|450.75
32104,560.1|262.65
32105,422.05|582.55
32106,301.05|363.2
32107,583.3|586.55
32108,445.25|389.3
32109,398.75|486.25
32110,348.9|444.0
32111,277.7|530.65
32112,568.25|463.55
32113,436.5|238.55
32114,285.7|252.05
32115,518.6|403.4
32116,459.95|281.75
32117,339.9|405.25
32118,550.7|451.65
32119,371.85|278.0
32120,587.1|334.5
32121,298.55|422.2
32122,573.2|497.4
32123,208.15|581.1
32124,268.1|558.85
32125,530.8|494.35
32126,593.4|428.0
32127,591.2|359.45
32128,270.15|589.2
32129,586.75|478.95
32130,530.2|343.6
32131,237.8|580.95
32132,473.75|383.5
32133,353.5|320.25
32134,426.75|510.6
32135,466.55|337.05
32136,556.45|517.05
32137,529.0|373.3
32138,253.15|425.4
32139,233.1|568.25
32140,221.05|577.85
32141,375.55|594.95
32142,243.85|496.5
32143,461.25|388.45
32144,364.0|284.7
32145,311.8|339.75
32146,371.4|290.35
32147,343.45|541.45
32148,457.2|414.95
32149,371.75|328.75
32150,471.05|284.1
32151,494.45|350.85
32152,262.05|468.95
32153,241.15|502.95
32154,209.45|519.65
32155,429.75|270.6
32156,220.9|445.0
32157,590.35|424.5
32158,470.35|347.25
32159,594.0|407.05
32160,234.55|542.2
32161,337.85|335.8
32162,476.05|221.35
32163,257.6|405.8
32164,275.8|535.8
32165,249.35|391.25
32166,268.85|216.85
32167,276.55|439.55
32168,296.85|445.7
32169,559.9|466.0
32170,452.05|313.5
32171,283.75|362.35
32172,539.6|319.7
32173,243.15|491.25
32174,571.25|293.35
32175,516.65|402.75
32176,390.7|374.6
32177,330.55|319.9
32178,555.4|472.8
32179,569.6|500.9
32180,343.65|306.8
32181,394.5|297.75
32182,448.1|592.45
32183,380.05|590.65
32184,514.55|526.55
32185,370.4|565.05
32186,292.75|325.5
32187,390.05|548.55
32188,280.3|409.5
32189,519.65|503.55
32190,282.85|230.15
32191,253.4|379.35
32192,281.25|401.3
32193,286.15|550.7
32194,254.25|444.85
32195,411.05|325.4
32196,422.05|314.05
32197,583.9|266.3
32198,364.8|272.8
32199,258.45|302.5
32200,430.05|290.6
32201,527.3|535.35
32202,273.1|454.5
32203,529.95|565.3
32204,395.15|360.65
32205,275.65|587.05
32206,211.9|470.6
32207,208.65|522.8
32208,217.1|542.75
32209,554.45|458.5
32210,253.8|420.2
32211,445.45|529.2
32212,345.4|336.35
32213,257.1|365.75
32214,337.25|399.65
32215,465.95|342.25
32216,466.6|505.3
32217,435.85|587.6
32218,319.3|408.0
32219,285.45|425.95
32220,281.85|261.95
32221,447.65|253.55
32222,389.85|477.45
32223,587.2|557.15
32224,532.25|454.15
32225,439.5|344.7
32226,362.4|571.85
32227,571.4|365.6
32228,472.65|247.8
32229,252.35|412.3
32230,462.8|416.35
32231,494.85|495.05
32232,584.35|398.85
32233,564.2|460.75
32234,544.0|424.9
32235,552.65|296.5
32236,358.7|586.5
32237,441.3|402.45
32238,268.8|559.0
32239,461.65|586.95
32240,450.65|492.4
32241,525.2|381.2
32242,563.35|228.6
32243,546.95|464.55
32244,564.7|432.65
32245,575.55|330.9
32246,340.15|324.85
32247,223.05|393.4
32248,366.9|368.85
32249,455.8|447.25
32250,247.4|490.35
32251,339.15|210.55
32252,527.25|519.05
32253,381.5|285.6
32254,224.65|463.9
32255,510.4|481.2
32256,451.65|461.15
32257,210.7|463.75
32258,449.65|522.3
32259,216.05|232.6
32260,259.35|526.4
32261,571.3|268.95
32262,560.9|498.9
32263,592.5|492.85
32264,435.05|403.05
32265,260.0|453.35
32266,451.15|269.15
32267,378.5|481.25
32268,534.9|340.5
32269,471.15|226.95
32270,363.3|372.2
32271,559.9|500.7
32272,248.75|241.4
32273,578.95|403.4
32274,269.05|359.15
32275,381.15|560.85
32276,246.15|497.15
32277,578.2|398.75
32278,233.05|292.25
32279,564.55|586.65
32280,586.05|498.15
32281,272.45|500.0
32282,348.45|342.05
32283,464.45|447.8
32284,398.3|478.15
32285,556.05|437.45
32286,289.5|410.9
32287,474.55|311.2
32288,357.4|289.7
32289,264.05|348.3
32290,260.95|276.95
32291,423.2|584.9
32292,445.25|474.15
32293,290.05|324.7
32294,481.25|308.45
32295,451.6|550.15
32296,552.9|585.9
32297,288.2|432.05
32298,303.8|331.8
32299,417.4|374.4
32300,290.85|403.5
32301,270.4|343.85
32302,441.45|345.95
32303,443.75|427.5
32304,261.95|496.9
32305,259.15|232.95
32306,212.4|229.5
32307,287.15|372.45
32308,417.95|553.75
32309,461.7|527.95
32310,583.4|218.45
32311,576.0|402.8
32312,564.5|405.75
32313,230.25|263.5
32314,530.2|437.3
32315,218.6|427.3
32316,447.05|472.0
32317,241.15|295.75
32318,222.15|410.8
32319,439.0|235.65
32320,225.55|393.45
32321,211.05|574.05
32322,592.45|215.45
32323,392.85|252.2
32324,570.95|529.25
32325,299.0|377.7
32326,348.3|592.25
32327,228.95|307.05
32328,424.35|519.15
32329,371.6|213.6
32330,543.85|429.45
32331,579.35|394.95
32332,565.2|550.8
32333,436.3|494.7
32334,399.75|447.15
32335,585.15|355.95
32336,364.35|287.9
32337,258.35|286.8
32338,591.1|376.75
32339,488.5|452.55
32340,387.9|345.65
32341,403.6|308.8
32342,239.3|575.55
32343,265.6|244.35
32344,451.25|227.0
32345,343.5|407.15
32346,205.3|457.9
32347,335.3|264.9
32348,553.9|256.5
32349,258.15|258.15
32350,530.75|465.5
32351,309.2|379.6
32352,294.2|478.4
32353,256.0|577.25
32354,380.45|515.0
32355,244.95|340.65
32356,273.4|529.1
32357,562.4|380.5
32358,290.1|448.15
32359,586.2|586.7
32360,343.0|377.9
32361,251.85|284.8
32362,397.2|325.35
32363,573.8|563.95
32364,220.9|585.6
32365,350.8|596.95
32366,224.65|409.95
32367,531.65|429.15
32368,462.5|262.2
32369,288.65|538.35
32370,578.8|400.75
32371,208.1|498.05
32372,361.9|562.35
32373,341.25|375.2
32374,444.75|542.7
32375,352.95|583.3
32376,387.15|372.85
32377,578.4|516.6
32378,465.4|276.95
32379,286.65|288.65
32380,298.9|552.3
32381,279.7|439.75
32382,275.55|282.75
32383,476.8|348.4
32384,425.2|380.75
32385,353.1|595.8
32386,230.15|580.65
32387,386.8|490.9
32388,531.0|575.25
32389,229.75|436.6
32390,361.85|369.0
32391,377.35|347.3
32392,338.45|429.85
32393,414.5|370.15
32394,546.65|548.45
32395,420.9|561.3
32396,340.4|542.65
32397,587.9|382.25
32398,268.05|262.55
32399,343.85|562.5
32400,294.1|322.05
32401,465.05|446.7
32402,209.55|366.0
32403,344.05|335.7
32404,277.9|387.4
32405,384.0|510.3
32406,541.85|448.3
32407,351.7|232.7
32408,364.45|227.6
32409,583.3|317.9
32410,567.3|207.75
32411,569.9|449.45
32412,362.35|531.85
32413,356.9|341.6
32414,225.9|367.1
32415,282.05|358.05
32416,230.35|475.4
32417,424.25|354.1
32418,226.65|395.65
32419,313.75|402.8
32420,429.2|239.5
32421,456.85|224.1
32422,587.65|575.1
32423,572.15|502.95
32424,260.1|390.3
32425,270.05|339.55
32426,214.65|282.15
32427,488.4|305.9
32428,445.95|456.05
32429,438.15|330.4
32430,206.75|501.2
32431,569.7|226.7
32432,459.2|226.2
32433,293.4|372.2
32434,583.9|497.7
32435,593.4|586.95
32436,273.1|576.6
32437,427.15|587.95
32438,455.2|417.3
32439,283.5|436.45
32440,236.75|355.55
32441,342.6|596.6
32442,454.1|226.65
32443,289.55|473.3
32444,439.95|310.9
32445,252.75|369.6
32446,339.45|397.15
32447,428.95|590.0
32448,292.7|383.5
32449,261.1|380.45
32450,230.2|421.6
32451,510.4|366.85
32452,274.9|487.5
32453,453.0|591.8
32454,566.6|323.8
32455,444.65|271.6
32456,422.45|397.75
32457,591.6|586.35
32458,232.55|401.9
32459,431.05|394.5
32460,274.6|294.7
32461,469.3|465.15
32462,241.2|509.8
32463,207.35|239.65
32464,347.5|525.55
32465,255.7|516.75
32466,264.1|312.6
32467,584.55|563.6
32468,473.0|320.7
32469,320.1|339.85
32470,259.0|525.0
32471,272.9|288.85
32472,314.95|345.5
32473,593.6|551.7
32474,359.0|551.4
32475,275.9|495.45
32476,501.4|457.4
32477,243.6|387.25
32478,265.6|390.75
32479,340.8|514.75
32480,276.65|472.5
32481,394.0|389.55
32482,211.7|494.3
32483,481.85|484.7
32484,225.0|318.35
32485,241.15|504.95
32486,482.8|278.8
32487,223.3|265.0
32488,230.55|443.15
32489,301.1|396.4
32490,430.4|442.65
32491,214.2|297.05
32492,385.8|590.05
32493,415.0|435.9
32494,206.45|560.9
32495,291.75|482.3
32496,438.5|498.05
32497,327.4|406.25
32498,447.75|587.7
32499,217.25|251.6
32500,225.65|584.7
32501,268.8|557.1
32502,589.95|466.85
32503,368.35|335.35
32504,442.2|569.3
32505,380.4|335.1
32506,216.7|283.45
32507,219.8|260.5
32508,460.45|245.35
32509,233.9|450.4
32510,407.7|469.05
32511,217.45|583.1
32512,354.0|437.6
32513,413.15|333.5
32514,261.75|355.9
32515,393.9|500.55
32516,517.25|480.8
32517,396.7|573.55
32518,208.15|538.8
32519,459.85|440.4
32520,564.3|578.85
32521,460.1|451.2
32522,589.95|272.6
32523,378.95|225.3
32524,321.5|398.6
32525,557.55|548.8
32526,354.85|240.55
32527,274.4|326.05
32528,589.0|510.75
32529,271.05|497.0
32530,431.75|353.85
32531,344.45|353.1
32532,589.0|269.55
32533,402.0|341.05
32534,360.9|358.9
32535,439.6|331.35
32536,228.55|461.7
32537,554.3|536.5
32538,297.85|361.35
32539,443.85|228.15
32540,341.7|535.65
32541,308.0|408.6
32542,526.9|301.95
32543,280.3|264.35
32544,294.2|432.1
32545,541.15|382.8
32546,237.0|528.9
32547,403.5|561.1
32548,388.45|386.4
32549,361.2|388.4
32550,213.9|582.15
32551,582.35|465.0
32552,338.8|399.4
32553,233.85|584.8
32554,533.3|502.0
32555,410.85|448.2
32556,353.05|561.95
32557,576.5|402.55
32558,542.2|587.15
32559,291.65|383.85
32560,422.4|347.35
32561,458.6|537.75
32562,338.7|542.95
32563,453.9|588.45
32564,478.45|360.2
32565,556.4|269.25
32566,341.65|536.1
32567,292.9|368.05
32568,211.8|582.7
32569,372.45|373.6
32570,240.15|498.3
32571,337.85|411.65
32572,286.4|500.3
32573,551.9|267.75
32574,291.25|546.4
32575,433.2|411.15
32576,371.65|292.85
32577,551.3|584.15
32578,212.15|462.6
32579,456.1|465.9
32580,206.35|504.6
32581,224.75|579.15
32582,261.65|441.3
32583,475.5|221.75
32584,533.8|449.75
32585,395.2|480.85
32586,398.65|566.95
32587,547.9|295.95
32588,204.5|488.05
32589,533.85|517.5
32590,227.2|217.7
32591,464.25|529.25
32592,470.45|330.9
32593,584.15|224.75
32594,260.85|221.55
32595,340.15|521.3
32596,284.0|483.0
32597,542.1|450.2
32598,497.05|431.5
32599,384.9|475.95
32600,593.6|211.2
32601,225.3|472.15
32602,394.2|495.25
32603,338.2|325.55
32604,363.35|257.0
32605,376.35|347.05
32606,401.75|358.15
32607,566.7|295.45
32608,461.2|560.65
32609,227.15|541.0
32610,582.6|331.7
32611,212.7|587.95
32612,426.8|385.8
32613,374.7|367.4
32614,566.35|214.05
32615,344.45|325.7
32616,228.0|559.25
32617,385.15|496.5
32618,208.95|588.4
32619,526.1|501.7
32620,446.4|571.25
32621,501.4|454.15
32622,422.5|361.45
32623,209.7|588.35
32624,328.3|441.05
32625,361.15|237.45
32626,497.65|452.0
32627,290.6|426.5
32628,332.9|438.75
32629,455.3|222.05
32630,573.2|237.45
32631,398.05|495.5
32632,585.05|214.1
32633,213.9|538.2
32634,383.85|556.85
32635,254.4|481.5
32636,546.4|469.25
32637,230.3|243.2
32638,382.25|549.0
32639,438.8|364.0
32640,342.9|224.4
32641,374.8|456.35
32642,485.45|435.15
32643,361.25|345.95
32644,325.6|330.3
32645,276.1|434.85
32646,361.1|292.9
32647,346.35|525.15
32648,474.95|276.95
32649,266.45|419.2
32650,464.9|553.0
32651,270.75|326.05
32652,423.65|363.35
32653,264.3|292.5
32654,551.1|312.7
32655,252.0|293.85
32656,436.3|572.0
32657,465.5|218.15
32658,547.4|513.75
32659,411.4|219.25
32660,443.8|346.3
32661,555.3|503.1
32662,267.1|266.55
32663,248.05|249.95
32664,375.65|294.45
32665,249.45|362.85
32666,477.2|521.45
32667,499.2|476.5
32668,235.3|479.4
32669,569.95|300.65
32670,576.5|471.15
32671,284.9|413.5
32672,390.95|211.25
32673,349.2|457.0
32674,243.4|501.9
32675,441.95|235.55
32676,367.2|260.35
32677,306.6|347.95
32678,212.2|271.45
32679,258.05|511.85
32680,426.0|566.5
32681,263.15|488.1
32682,429.9|373.05
32683,244.0|360.05
32684,369.35|220.45
32685,380.5|332.9
32686,254.4|282.8
32687,454.85|310.1
32688,414.55|408.35
32689,516.4|494.55
32690,339.35|273.65
32691,245.95|454.3
32692,424.75|243.3
32693,353.5|223.75
32694,256.4|563.55
32695,520.1|447.55
32696,462.0|344.05
32697,575.5|567.25
32698,477.55|546.35
32699,534.6|516.75
32700,520.1|441.15
32701,368.3|241.1
32702,413.4|320.1
32703,210.8|331.25
32704,235.4|390.8
32705,467.9|456.55
32706,476.35|344.3
32707,555.7|358.2
32708,579.8|225.9
32709,268.25|359.75
32710,274.35|334.9
32711,293.85|575.0
32712,575.5|404.5
32713,554.85|243.55
32714,216.2|487.3
32715,304.1|381.4
32716,472.45|294.9
32717,581.15|568.85
32718,317.6|350.25
32719,374.4|221.3
32720,516.15|243.9
32721,457.7|223.7
32722,592.75|367.2
32723,514.25|519.7
32724,572.6|330.35
32725,494.3|488.55
32726,290.9|414.75
32727,377.3|223.7
32728,586.55|529.0
32729,347.2|266.55
32730,423.4|464.25
32731,311.6|410.25
32732,225.7|411.4
32733,410.4|239.65
32734,382.0|496.75
32735,400.7|380.6
32736,397.8|330.75
32737,375.45|501.0
32738,213.1|473.6
32739,433.7|264.05
32740,464.3|328.4
32741,524.9|444.85
32742,548.9|276.2
32743,568.65|461.05
32744,556.4|531.75
32745,272.9|497.5
32746,283.75|363.45
32747,517.15|547.5
32748,467.7|307.65
32749,582.1|462.8
32750,450.8|489.25
32751,232.5|404.65
32752,450.4|542.1
32753,388.95|407.8
32754,569.4|365.2
32755,538.35|540.75
32756,250.4|537.25
32757,583.55|221.2
32758,580.8|226.45
32759,264.15|245.35
32760,267.25|220.45
32761,500.8|381.05
32762,578.5|511.9
32763,222.35|319.15
32764,406.55|408.75
32765,407.95|483.9
32766,560.95|228.7
32767,252.55|428.4
32768,384.15|578.4
32769,249.85|286.8
32770,404.25|316.25
32771,246.8|375.95
32772,315.05|571.1
32773,348.3|300.8
32774,446.2|588.65
32775,589.85|395.15
32776,425.75|452.15
32777,318.15|326.95
32778,475.0|350.25
32779,479.9|233.4
32780,418.25|491.4
32781,231.7|460.65
32782,479.25|517.0
32783,218.7|397.45
32784,534.3|560.15
32785,300.8|402.55
32786,383.6|253.2
32787,393.4|242.7
32788,298.3|418.8
32789,268.6|279.8
32790,462.85|291.6
32791,493.4|360.5
32792,214.75|484.65
32793,472.0|467.55
32794,465.0|452.55
32795,465.05|335.8
32796,400.0|219.6
32797,568.7|310.45
32798,433.25|474.65
32799,557.55|338.5
32800,488.15|369.3
32801,388.25|274.0
32802,239.1|560.9
32803,483.1|245.95
32804,566.95|586.55
32805,207.75|585.8
32806,468.6|269.25
32807,431.6|372.8
32808,218.15|304.1
32809,253.8|353.8
32810,262.3|245.65
32811,580.4|222.35
32812,430.3|565.75
32813,380.85|208.05
32814,213.35|392.65
32815,223.0|403.6
32816,373.6|211.5
32817,580.35|220.3
32818,258.3|247.2
32819,476.35|479.65
32820,321.85|393.0
32821,336.5|405.9
32822,588.8|495.7
32823,443.5|375.6
32824,585.7|360.8
32825,388.7|504.05
32826,508.25|439.7
32827,571.3|436.7
32828,450.95|309.05
32829,574.1|311.55
32830,270.55|562.5
32831,263.05|421.35
32832,267.6|284.55
32833,275.9|240.0
32834,259.9|402.35
32835,396.8|592.65
32836,580.75|209.7
32837,298.25|480.8
32838,273.8|561.6
32839,586.6|530.9
32840,515.7|548.5
32841,459.1|386.25
32842,224.65|510.1
32843,442.15|556.1
32844,511.2|423.4
32845,418.95|222.2
32846,255.1|422.25
32847,255.2|342.65
32848,210.4|582.6
32849,561.35|461.4
32850,590.95|411.0
32851,590.3|484.95
32852,444.8|321.15
32853,348.95|540.8
32854,353.8|335.65
32855,533.0|554.1
32856,283.0|528.5
32857,451.4|565.15
32858,376.9|218.8
32859,588.05|431.65
32860,510.85|444.75
32861,582.65|360.35
32862,451.45|349.95
32863,297.1|380.6
32864,526.2|436.15
32865,207.5|581.5
32866,539.65|571.55
32867,221.45|530.1
32868,372.75|571.05
32869,582.75|555.6
32870,591.85|210.6
32871,215.35|487.9
32872,280.15|479.0
32873,420.55|337.4
32874,388.05|368.45
32875,388.75|592.05
32876,268.7|573.05
32877,222.25|226.25
32878,339.75|229.4
32879,401.95|221.2
32880,384.4|482.85
32881,363.35|365.7
32882,450.5|589.0
32883,225.65|513.4
32884,266.1|285.9
32885,282.35|437.75
32886,405.35|248.35
32887,210.5|584.45
32888,345.85|412.35
32889,434.3|407.5
32890,271.75|248.0
32891,371.0|351.35
32892,406.55|454.75
32893,353.45|541.55
32894,578.0|281.5
32895,407.2|526.05
32896,408.55|390.0
32897,236.45|428.0
32898,419.25|414.55
32899,461.9|375.45
32900,469.5|341.75
32901,566.7|573.8
32902,421.65|361.5
32903,216.25|240.3
32904,407.9|225.65
32905,441.15|237.25
32906,446.1|383.1
32907,223.95|297.0
32908,295.75|554.4
32909,270.15|574.4
32910,542.0|335.65
32911,261.6|570.95
32912,279.2|586.0
32913,246.7|311.65
32914,285.95|431.8
32915,565.6|418.2
32916,216.7|478.8
32917,396.3|240.5
32918,215.3|473.25
32919,378.1|206.55
32920,542.35|448.0
32921,578.85|322.5
32922,454.15|224.45
32923,277.45|300.85
32924,326.55|425.95
32925,206.2|319.45
32926,384.4|249.5
32927,387.35|286.75
32928,423.45|259.3
32929,224.5|589.55
32930,257.75|501.05
32931,530.95|566.7
32932,256.05|372.7
32933,433.85|576.9
32934,248.1|250.8
32935,421.15|401.8
32936,555.5|564.45
32937,511.9|571.15
32938,268.05|473.2
32939,444.3|503.0
32940,345.85|327.2
32941,268.3|543.1
32942,474.45|349.5
32943,570.7|250.25
32944,219.15|425.3
32945,446.6|469.15
32946,550.85|241.8
32947,402.65|217.0
32948,587.0|413.75
32949,275.65|311.45
32950,403.3|255.8
32951,583.2|516.2
32952,252.05|544.65
32953,392.2|565.7
32954,276.35|233.25
32955,216.5|411.65
32956,468.75|461.5
32957,452.05|349.6
32958,389.35|321.8
32959,558.85|230.85
32960,461.1|430.1
32961,336.65|216.3
32962,398.25|236.1
32963,458.6|214.65
32964,254.55|245.8
32965,583.95|559.6
32966,425.65|541.05
32967,294.15|289.15
32968,576.65|460.6
32969,292.3|503.95
32970,430.65|462.2
32971,286.0|294.95
32972,467.9|244.9
32973,352.2|340.65
32974,325.95|536.55
32975,336.95|341.65
32976,231.5|471.95
32977,234.25|457.95
32978,402.35|586.1
32979,347.2|339.2
32980,221.7|506.1
32981,553.35|442.7
32982,447.15|537.0
32983,585.85|423.2
32984,446.65|259.6
32985,236.75|222.7
32986,225.3|320.7
32987,386.35|497.1
32988,272.9|284.65
32989,361.9|535.25
32990,259.55|269.65
32991,530.6|458.8
32992,362.95|558.9
32993,389.2|271.75
32994,365.0|324.2
32995,566.7|521.75
32996,542.4|521.6
32997,454.7|389.35
32998,529.85|546.95
32999,380.1|208.5
33000,207.8|318.2
33001,207.95|230.15
33002,249.65|285.9
33003,578.05|407.9
33004,274.9|351.1
33005,538.7|273.55
33006,351.2|539.25
33007,238.75|420.65
33008,210.45|526.25
33009,254.55|252.1
33010,286.45|540.9
33011,474.3|562.9
33012,253.7|362.8
33013,362.65|217.2
33014,271.25|407.0
33015,479.35|501.25
33016,577.8|532.05
33017,339.85|251.6
33018,580.05|554.05
33019,545.55|502.9
33020,533.95|431.5
33021,511.3|482.8
33022,489.85|452.45
33023,385.65|500.95
33024,410.05|360.05
33025,489.8|485.25
33026,340.9|408.8
33027,242.7|505.8
33028,249.25|557.6
33029,462.15|486.7
33030,569.05|358.05
33031,590.45|578.1
33032,209.65|471.85
33033,528.65|476.7
33034,595.55|480.8
33035,350.35|282.2
33036,463.1|514.9
33037,355.8|564.3
33038,446.2|339.2
33039,394.45|369.65
33040,290.75|308.55
33041,377.5|303.05
33042,244.05|431.1
33043,529.85|527.2
33044,566.0|450.65
33045,542.6|400.0
33046,591.3|421.05
33047,264.95|571.7
33048,336.4|530.3
33049,562.2|254.55
33050,481.15|208.55
33051,536.3|517.15
33052,309.7|425.6
33053,274.35|305.7
33054,345.2|342.95
33055,325.4|427.0
33056,388.05|293.1
33057,219.7|494.5
33058,288.75|328.2
33059,274.45|594.15
33060,484.45|368.3
33061,376.45|280.65
33062,382.55|423.75
33063,349.55|214.8
33064,448.25|425.85
33065,425.95|300.75
33066,445.05|274.2
33067,321.65|349.95
33068,492.55|362.85
33069,432.95|430.6
33070,347.2|248.6
33071,299.7|412.55
33072,227.3|479.95
33073,312.1|304.55
33074,540.4|409.95
33075,590.95|572.05
33076,262.3|424.0
33077,403.85|212.05
33078,456.1|359.85
33079,466.85|247.45
33080,357.25|275.8
33081,265.55|350.8
33082,274.95|573.7
33083,253.6|556.85
33084,584.75|411.45
33085,517.25|351.15
33086,468.1|218.35
33087,207.6|469.65
33088,230.7|239.6
33089,457.85|567.25
33090,472.3|347.4
33091,432.6|243.25
33092,227.2|436.8
33093,403.4|461.9
33094,230.8|570.3
33095,348.05|451.0
33096,470.25|344.2
33097,500.4|230.85
33098,541.05|244.95
33099,225.6|354.15
33100,362.05|290.8
33101,532.3|456.95
33102,363.3|217.1
33103,439.5|585.75
33104,214.05|238.9
33105,462.6|480.6
33106,273.2|229.4
33107,281.95|285.65
33108,336.85|225.55
33109,577.85|454.2
33110,474.6|523.7
33111,506.95|520.75
33112,475.3|422.5
33113,580.8|465.15
33114,291.1|507.4
33115,233.15|475.6
33116,480.85|482.9
33117,535.55|530.35
33118,584.75|206.35
33119,356.45|588.65
33120,346.9|566.4
33121,286.55|582.35
33122,576.15|557.0
33123,538.45|325.7
33124,493.35|464.65
33125,250.0|212.5
33126,441.5|349.9
33127,497.55|551.8
33128,295.7|325.15
33129,397.9|453.75
33130,360.05|502.6
33131,420.6|441.15
33132,287.6|382.15
33133,381.85|228.25
33134,385.4|351.55
33135,421.5|437.0
33136,449.3|225.15
33137,412.4|225.65
33138,558.85|459.55
33139,286.55|307.85
33140,556.35|297.4
33141,406.0|591.2
33142,270.45|255.5
33143,342.4|272.1
33144,261.25|518.5
33145,266.55|299.4
33146,387.0|594.0
33147,476.45|238.1
33148,439.1|263.4
33149,342.6|274.0
33150,461.55|547.9
33151,285.2|431.2
33152,317.5|434.7
33153,566.6|579.85
33154,457.2|264.15
33155,521.45|295.95
33156,377.9|570.35
33157,532.1|526.65
33158,421.65|294.35
33159,364.8|310.75
33160,571.75|436.15
33161,223.7|463.45
33162,462.3|377.85
33163,407.25|458.45
33164,592.5|580.0
33165,422.6|316.45
33166,573.9|520.2
33167,516.85|318.7
33168,430.1|589.45
33169,595.5|409.8
33170,404.05|475.55
33171,526.3|425.0
33172,219.35|396.45
33173,339.4|309.85
33174,287.6|463.2
33175,206.75|569.1
33176,356.0|286.75
33177,270.8|294.85
33178,230.0|384.35
33179,397.85|498.3
33180,589.65|446.1
33181,422.3|282.35
33182,234.25|428.2
33183,283.05|569.25
33184,408.75|329.4
33185,372.3|239.4
33186,382.55|593.35
33187,398.0|299.7
33188,295.4|478.85
33189,229.6|391.6
33190,279.9|558.6
33191,569.35|288.05
33192,341.4|223.0
33193,434.3|391.6
33194,455.2|333.3
33195,536.45|529.75
33196,568.6|216.0
33197,277.2|582.15
33198,448.75|453.65
33199,425.65|206.25
33200,247.75|225.9
33201,470.6|543.65
33202,578.35|445.4
33203,363.8|595.95
33204,454.65|245.8
33205,484.3|276.3
33206,458.35|537.85
33207,372.85|205.1
33208,215.6|220.2
33209,441.3|551.5
33210,346.95|570.75
33211,229.1|375.95
33212,366.4|596.6
33213,399.75|232.0
33214,466.9|340.9
33215,245.2|355.55
33216,502.0|245.45
33217,451.5|235.0
33218,477.2|409.25
33219,473.25|326.25
33220,220.2|402.85
33221,261.4|349.7
33222,272.75|434.6
33223,416.5|573.45
33224,575.45|286.4
33225,228.15|220.85
33226,296.3|411.5
33227,557.75|315.2
33228,440.35|389.6
33229,444.55|481.7
33230,241.35|365.6
33231,471.55|345.4
33232,212.0|521.65
33233,577.05|206.45
33234,350.2|214.75
33235,409.9|339.3
33236,547.1|513.85
33237,341.1|234.85
33238,287.45|272.3
33239,215.95|498.8
33240,281.8|334.1
33241,518.3|460.7
33242,389.75|208.8
33243,345.5|570.15
33244,352.45|302.8
33245,531.7|571.4
33246,579.25|329.85
33247,258.8|306.1
33248,555.75|506.75
33249,254.25|397.1
33250,533.9|273.35
33251,448.4|386.0
33252,551.95|553.45
33253,431.65|567.25
33254,237.05|210.3
33255,310.25|405.0
33256,550.0|558.65
33257,574.55|573.4
33258,441.75|316.95
33259,268.85|304.55
33260,338.6|319.35
33261,487.85|349.8
33262,361.15|423.05
33263,444.7|386.8
33264,472.3|213.6
33265,369.7|442.85
33266,217.65|398.5
33267,213.1|460.8
33268,208.1|455.95
33269,387.5|266.85
33270,565.95|434.9
33271,469.9|300.85
33272,245.3|582.6
33273,352.0|247.3
33274,362.1|566.65
33275,537.0|535.2
33276,459.35|336.65
33277,577.15|391.75
33278,457.4|293.55
33279,562.0|244.4
33280,217.85|505.65
33281,255.6|505.45
33282,417.65|392.9
33283,453.9|591.6
33284,251.75|487.5
33285,591.1|560.45
33286,449.0|231.2
33287,269.95|432.9
33288,426.0|531.1
33289,528.75|391.4
33290,588.7|264.75
33291,544.3|466.35
33292,595.35|268.85
33293,215.9|295.1
33294,415.25|295.85
33295,334.65|454.05
33296,394.35|481.1
33297,373.4|571.35
33298,403.1|587.0
33299,484.35|336.7
33300,562.8|415.3
33301,221.8|293.2
33302,290.75|475.0
33303,475.35|332.1
33304,478.4|489.05
33305,275.95|446.65
33306,580.7|377.75
33307,390.45|576.5
33308,263.3|427.15
33309,258.7|565.65
33310,381.6|212.5
33311,581.45|588.2
33312,580.3|270.6
33313,490.95|458.2
33314,229.5|488.4
33315,276.45|497.05
33316,211.6|286.35
33317,319.0|378.25
33318,471.75|350.0
33319,276.0|342.8
33320,364.75|464.4
33321,287.8|362.15
33322,564.8|545.1
33323,278.15|327.9
33324,469.45|520.1
33325,392.05|224.6
33326,374.3|243.45
33327,279.35|349.35
33328,245.95|412.6
33329,553.25|268.0
33330,537.4|457.85
33331,323.95|452.25
33332,479.1|485.2
33333,365.45|360.15
33334,577.8|235.55
33335,579.1|463.25
33336,390.95|447.65
33337,533.1|587.5
33338,352.2|382.75
33339,255.8|471.35
33340,349.8|296.2
33341,246.45|574.15
33342,415.35|593.0
33343,381.2|277.85
33344,311.65|318.25
33345,351.3|265.5
33346,321.0|388.75
33347,442.0|343.15
33348,464.5|539.55
33349,463.45|504.2
33350,535.25|328.25
33351,356.85|330.9
33352,266.25|276.65
33353,229.55|416.65
33354,459.65|298.2
33355,418.9|354.85
33356,588.25|356.5
33357,384.3|255.1
33358,455.75|262.6
33359,404.75|334.4
33360,287.45|553.3
33361,463.3|395.65
33362,544.25|549.2
33363,290.5|341.2
33364,232.5|462.4
33365,211.85|522.8
33366,394.25|335.75
33367,267.75|261.4
33368,380.5|592.75
33369,268.2|487.55
33370,214.35|498.6
33371,485.6|336.1
33372,566.7|486.95
33373,517.0|479.85
33374,207.75|592.75
33375,368.8|592.75
33376,403.1|582.75
33377,279.05|580.8
33378,526.1|521.85
33379,407.2|459.95
33380,348.4|452.2
33381,270.8|559.15
33382,367.95|298.95
33383,510.9|539.65
33384,345.35|434.35
33385,256.35|251.75
33386,573.25|470.05
33387,396.65|270.9
33388,207.85|374.75
33389,464.2|399.45
33390,302.4|387.05
33391,246.7|418.85
33392,475.4|325.55
33393,548.7|342.65
33394,292.2|541.0
33395,270.35|411.85
33396,579.4|591.8
33397,438.0|523.95
33398,418.1|550.75
33399,539.9|544.45
33400,283.35|421.85
33401,579.1|529.45
33402,428.45|384.7
33403,418.05|380.1
33404,213.75|454.1
33405,484.75|510.2
33406,353.15|444.0
33407,220.0|385.05
33408,545.7|418.95
33409,586.15|340.8
33410,212.25|289.05
33411,245.25|482.6
33412,255.5|212.4
33413,553.85|436.25
33414,341.15|338.85
33415,237.2|498.05
33416,223.65|570.5
33417,591.75|579.7
33418,393.85|589.1
33419,364.6|397.0
33420,267.3|277.15
33421,247.3|566.95
33422,237.95|479.4
33423,245.6|513.35
33424,264.5|432.2
33425,580.5|324.9
33426,242.6|225.15
33427,527.55|301.95
33428,531.7|349.6
33429,384.45|592.35
33430,297.6|399.95
33431,403.95|333.15
33432,470.5|316.75
33433,274.05|590.2
33434,215.85|584.35
33435,458.75|431.1
33436,265.95|399.85
33437,228.0|258.45
33438,565.1|452.75
33439,213.5|213.3
33440,389.6|207.8
33441,413.45|214.85
33442,561.25|249.65
33443,428.2|591.4
33444,249.9|258.25
33445,470.0|336.1
33446,564.65|349.05
33447,400.7|342.45
33448,550.6|328.1
33449,239.4|394.45
33450,568.0|304.3
33451,584.6|556.8
33452,567.35|438.75
33453,591.8|265.05
33454,374.5|272.45
33455,586.15|334.15
33456,381.3|257.35
33457,485.85|526.85
33458,421.1|557.3
33459,271.95|415.85
33460,241.85|261.1
33461,458.45|546.65
33462,580.6|395.3
33463,356.55|567.75
33464,542.15|540.5
33465,230.75|425.35
33466,385.25|549.0
33467,348.0|347.5
33468,483.6|327.1
33469,235.95|462.0
33470,550.4|571.1
33471,230.7|360.9
33472,380.9|370.5
33473,473.35|230.0
33474,211.65|476.2
33475,332.25|501.7
33476,467.4|508.95
33477,434.9|514.05
33478,280.3|577.95
33479,409.85|385.4
33480,561.95|289.75
33481,545.75|514.65
33482,517.3|285.7
33483,358.65|412.2
33484,216.15|356.4
33485,456.85|296.95
33486,587.25|574.7
33487,251.5|414.5
33488,548.55|543.9
33489,212.15|500.9
33490,486.4|337.45
33491,277.05|502.0
33492,419.75|378.8
33493,438.95|558.9
33494,396.6|373.7
33495,378.8|490.2
33496,538.35|332.3
33497,362.7|446.75
33498,364.5|275.3
33499,246.25|479.75
33500,204.9|516.55
33501,466.4|297.5
33502,236.95|307.35
33503,449.05|427.75
33504,211.45|486.3
33505,556.5|328.15
33506,589.6|510.9
33507,434.8|550.9
33508,215.5|399.25
33509,253.6|511.8
33510,222.3|527.05
33511,346.45|582.95
33512,235.95|371.25
33513,571.75|379.6
33514,354.3|446.35
33515,484.9|223.6
33516,350.6|213.35
33517,570.95|509.9
33518,472.1|328.6
33519,592.25|348.55
33520,369.5|559.15
33521,396.4|402.3
33522,373.9|435.45
33523,223.35|480.15
33524,256.55|561.4
33525,277.15|390.1
33526,349.05|470.9
33527,444.6|268.25
33528,212.7|331.6
33529,459.15|322.3
33530,221.15|224.1
33531,415.1|357.75
33532,531.0|347.05
33533,419.55|245.65
33534,218.3|379.1
33535,238.65|437.8
33536,387.6|292.2
33537,285.5|470.55
33538,540.7|471.75
33539,218.65|291.8
33540,407.7|551.55
33541,489.45|288.7
33542,394.7|219.55
33543,274.3|530.75
33544,491.95|238.15
33545,447.5|364.05
33546,384.95|380.5
33547,564.15|588.0
33548,314.6|495.6
33549,429.65|428.8
33550,266.3|592.85
33551,332.7|335.4
33552,402.1|574.5
33553,276.0|347.35
33554,261.35|500.45
33555,222.2|314.1
33556,453.35|585.25
33557,552.65|538.75
33558,450.9|543.85
33559,268.7|260.35
33560,282.45|400.8
33561,580.6|483.8
33562,209.05|458.1
33563,353.3|430.8
33564,569.0|216.3
33565,524.5|514.75
33566,536.3|317.7
33567,405.95|381.2
33568,367.75|254.8
33569,215.85|238.6
33570,210.45|483.25
33571,459.8|301.55
33572,591.2|563.85
33573,209.55|482.85
33574,362.65|409.1
33575,248.75|522.15
33576,592.0|401.05
33577,370.45|257.4
33578,226.65|209.85
33579,239.1|352.9
33580,346.1|277.05
33581,276.2|436.7
33582,294.2|553.1
33583,453.05|528.35
33584,238.55|590.7
33585,451.35|554.75
33586,502.15|483.55
33587,331.05|542.7
33588,396.35|346.95
33589,388.5|593.8
33590,527.45|417.7
33591,221.75|434.05
33592,400.05|263.75
33593,238.4|230.8
33594,240.15|566.05
33595,565.9|558.05
33596,239.65|351.35
33597,462.9|378.3
33598,580.85|443.05
33599,227.9|265.6
33600,226.2|212.3
33601,283.55|591.45
33602,526.1|488.75
33603,528.55|535.9
33604,577.85|544.75
33605,222.7|530.1
33606,561.7|344.05
33607,234.25|538.95
33608,279.85|376.4
33609,383.4|472.55
33610,428.2|458.45
33611,244.35|405.75
33612,418.55|565.15
33613,358.95|390.2
33614,230.2|410.55
33615,223.2|375.25
33616,463.2|530.05
33617,212.6|586.5
33618,414.6|267.35
33619,580.75|288.4
33620,447.75|284.4
33621,572.0|262.8
33622,431.2|381.3
33623,440.85|349.5
33624,398.75|459.4
33625,477.45|268.3
33626,555.15|530.55
33627,448.6|450.25
33628,245.6|356.7
33629,302.6|523.9
33630,355.05|387.1
33631,584.4|318.85
33632,545.95|494.3
33633,351.45|253.1
33634,569.55|406.1
33635,394.95|583.7
33636,218.45|481.5
33637,454.45|258.9
33638,376.9|579.05
33639,249.85|308.35
33640,532.85|553.85
33641,543.55|324.4
33642,544.85|408.35
33643,263.4|399.15
33644,487.5|483.65
33645,354.8|224.15
33646,412.75|500.85
33647,248.6|450.4
33648,515.25|470.0
33649,516.8|541.95
33650,399.9|367.6
33651,241.6|564.05
33652,504.95|473.25
33653,572.2|458.9
33654,485.65|318.6
33655,387.75|589.9
33656,501.4|515.4
33657,278.45|357.5
33658,378.45|221.4
33659,348.25|529.5
33660,395.05|567.85
33661,260.55|575.2
33662,541.6|257.4
33663,390.3|592.1
33664,546.85|550.35
33665,565.3|474.8
33666,567.55|593.0
33667,390.5|591.55
33668,282.0|389.65
33669,365.4|444.9
33670,289.15|427.8
33671,347.7|572.55
33672,538.4|331.9
33673,226.9|319.4
33674,260.5|584.1
33675,429.85|409.05
33676,479.45|492.95
33677,383.6|482.6
33678,469.3|540.8
33679,261.8|500.55
33680,270.9|274.0
33681,446.25|412.95
33682,467.6|215.9
33683,367.9|538.85
33684,274.65|225.75
33685,513.1|331.85
33686,223.4|384.7
33687,287.65|330.3
33688,386.75|294.5
33689,215.5|452.2
33690,426.15|566.85
33691,530.95|563.65
33692,572.6|239.2
33693,589.65|471.95
33694,276.55|357.35
33695,445.5|316.05
33696,299.35|328.0
33697,472.75|241.75
33698,529.2|428.5
33699,579.25|307.15
33700,471.75|236.6
33701,522.1|565.7
33702,517.15|337.05
33703,214.3|267.3
33704,382.6|498.65
33705,262.85|586.3
33706,320.05|420.9
33707,538.0|297.75
33708,249.9|397.2
33709,231.25|572.8
33710,438.7|249.2
33711,449.6|300.8
33712,391.3|350.15
33713,436.55|286.6
33714,236.3|566.0
33715,428.0|496.25
33716,589.25|472.45
33717,209.5|277.15
33718,242.05|507.85
33719,382.1|426.9
33720,359.25|232.05
33721,489.2|210.45
33722,427.5|475.7
33723,286.45|342.05
33724,394.45|229.6
33725,588.35|565.8
33726,342.95|376.55
33727,246.4|535.35
33728,451.65|516.8
33729,553.0|306.8
33730,208.7|517.4
33731,286.8|347.15
33732,572.05|213.2
33733,473.4|528.75
33734,452.95|390.85
33735,462.95|564.0
33736,482.8|522.05
33737,375.4|225.5
33738,584.5|429.0
33739,572.05|317.25
33740,504.5|500.05
33741,427.7|378.45
33742,355.75|591.15
33743,395.6|445.25
33744,532.2|511.1
33745,377.65|574.75
33746,231.8|576.65
33747,529.6|450.45
33748,578.3|297.55
33749,450.3|230.9
33750,339.95|593.6
33751,444.05|438.15
33752,461.35|514.15
33753,548.25|277.75
33754,558.1|532.85
33755,347.15|559.2
33756,284.8|588.75
33757,422.8|483.25
33758,234.75|430.9
33759,227.8|306.75
33760,454.15|563.7
33761,543.55|443.4
33762,232.8|546.95
33763,434.6|249.95
33764,591.6|374.9
33765,530.6|413.7
33766,352.55|547.65
33767,565.2|422.7
33768,529.55|345.65
33769,579.0|256.35
33770,417.4|403.65
33771,542.65|356.55
33772,385.2|593.1
33773,287.65|562.75
33774,524.05|432.5
33775,368.25|214.7
33776,588.0|215.15
33777,560.5|255.45
33778,590.95|512.9
33779,461.35|347.85
33780,286.4|402.95
33781,352.35|337.75
33782,407.95|585.55
33783,376.9|331.9
33784,596.2|569.45
33785,456.8|253.85
33786,584.5|363.15
33787,377.05|328.2
33788,444.05|261.4
33789,389.45|373.8
33790,368.15|262.85
33791,575.8|234.55
33792,349.25|324.55
33793,277.5|496.5
33794,532.75|461.2
33795,574.85|562.55
33796,266.7|562.75
33797,368.0|592.5
33798,279.55|578.25
33799,470.9|527.0
33800,541.6|240.35
33801,360.35|470.5
33802,574.15|313.65
33803,241.3|421.25
33804,385.9|454.95
33805,532.15|322.95
33806,261.0|454.1
33807,280.05|558.15
33808,256.75|229.65
33809,546.65|273.95
33810,437.0|454.0
33811,594.35|571.4
33812,303.4|352.55
33813,589.3|553.9
33814,484.35|384.15
33815,412.95|576.25
33816,433.5|589.85
33817,383.55|319.85
33818,530.45|415.9
33819,264.45|239.4
33820,527.55|439.2
33821,566.55|229.95
33822,372.3|490.05
33823,207.55|492.05
33824,233.75|575.85
33825,571.9|291.8
33826,568.25|499.6
33827,529.15|456.2
33828,256.45|346.45
33829,394.2|484.8
33830,357.7|271.7
33831,458.5|353.1
33832,238.6|290.65
33833,216.6|531.15
33834,461.2|482.15
33835,523.4|425.6
33836,414.35|364.1
33837,242.6|383.9
33838,542.0|320.95
33839,305.85|394.8
33840,371.1|518.2
33841,282.95|456.55
33842,490.45|363.8
33843,492.3|492.9
33844,208.8|265.15
33845,577.05|459.0
33846,212.3|440.95
33847,349.8|280.2
33848,340.35|424.0
33849,549.8|240.6
33850,288.25|355.5
33851,276.25|590.7
33852,368.3|582.25
33853,215.85|393.5
33854,544.25|586.4
33855,587.8|354.25
33856,530.45|554.15
33857,392.55|492.35
33858,384.0|388.5
33859,463.15|269.55
33860,418.1|373.1
33861,445.1|317.6
33862,471.4|278.85
33863,236.9|462.85
33864,494.9|213.2
33865,230.0|374.85
33866,245.45|440.75
33867,347.65|369.25
33868,588.5|215.75
33869,366.35|593.3
33870,395.7|593.95
33871,443.3|386.9
33872,439.05|487.9
33873,209.85|395.0
33874,297.95|421.0
33875,443.8|545.15
33876,305.7|354.4
33877,397.6|467.6
33878,595.15|559.7
33879,531.05|511.0
33880,459.25|426.55
33881,404.15|506.5
33882,241.85|256.0
33883,444.25|589.5
33884,364.4|279.2
33885,560.05|574.95
33886,487.05|508.9
33887,263.45|364.95
33888,410.4|576.0
33889,355.3|552.65
33890,307.05|393.9
33891,456.6|536.85
33892,580.55|426.9
33893,244.3|208.1
33894,218.45|288.5
33895,233.25|391.4
33896,542.15|315.8
33897,410.35|209.25
33898,374.05|347.55
33899,241.3|214.65
33900,349.9|587.65
33901,246.4|231.5
33902,342.75|317.1
33903,589.7|535.0
33904,326.9|557.7
33905,471.8|286.2
33906,397.45|247.05
33907,537.6|512.85
33908,310.95|447.3
33909,266.8|206.3
33910,353.2|544.25
33911,350.25|271.8
33912,582.25|402.15
33913,243.8|564.15
33914,229.75|481.95
33915,581.3|466.55
33916,484.55|220.95
33917,372.35|568.85
33918,259.5|294.9
33919,312.15|568.45
33920,398.9|204.4
33921,214.65|354.3
33922,491.75|291.0
33923,380.0|565.7
33924,535.8|441.6
33925,467.3|259.4
33926,572.85|509.15
33927,516.0|453.3
33928,468.7|317.45
33929,377.8|331.0
33930,419.1|393.75
33931,420.0|369.2
33932,590.75|369.35
33933,492.0|468.8
33934,588.1|579.85
33935,528.1|517.9
33936,428.35|572.5
33937,217.85|329.95
33938,428.3|234.55
33939,335.05|220.7
33940,587.45|499.0
33941,361.4|379.7
33942,591.05|277.4
33943,385.95|595.4
33944,250.2|475.6
33945,482.85|482.65
33946,241.15|541.5
33947,275.75|273.5
33948,529.2|496.4
33949,397.2|507.15
33950,280.05|275.8
33951,254.4|272.1
33952,276.85|559.0
33953,214.6|473.85
33954,266.3|281.0
33955,333.65|347.7
33956,584.4|433.25
33957,480.1|481.4
33958,260.55|215.95
33959,278.55|298.05
33960,459.35|334.5
33961,427.15|453.7
33962,338.8|222.05
33963,470.15|380.65
33964,587.8|555.95
33965,446.35|291.6
33966,580.75|352.2
33967,525.55|450.6
33968,528.75|503.15
33969,327.15|335.1
33970,593.0|389.0
33971,556.15|291.6
33972,382.3|482.25
33973,566.15|306.3
33974,251.8|351.7
33975,583.05|405.5
33976,461.95|478.2
33977,474.25|345.5
33978,387.05|507.4
33979,449.1|359.05
33980,521.85|487.85
33981,369.85|396.9
33982,586.3|371.85
33983,290.55|449.2
33984,278.55|280.05
33985,368.45|331.4
33986,268.0|282.6
33987,319.15|338.45
33988,405.0|309.7
33989,449.5|306.9
33990,388.15|234.2
33991,454.6|565.25
33992,417.9|333.5
33993,458.85|230.0
33994,524.6|550.4
33995,229.25|580.05
33996,303.3|320.9
33997,452.25|539.25
33998,353.75|327.15
33999,464.6|461.65
34000,348.0|439.75
34001,543.55|438.55
34002,480.4|478.35
34003,245.8|563.65
34004,536.65|536.45
34005,204.95|518.7
34006,285.1|309.4
34007,307.4|344.5
34008,580.95|448.25
34009,569.05|495.2
34010,383.5|412.3
34011,539.35|543.6
34012,211.85|482.2
34013,342.3|395.45
34014,505.6|513.1
34015,450.7|487.9
34016,386.35|519.75
34017,306.35|339.15
34018,227.0|382.1
34019,380.2|498.45
34020,407.9|591.85
34021,349.45|206.45
34022,338.65|561.65
34023,338.25|349.95
34024,223.5|432.85
34025,466.35|484.25
34026,371.55|481.35
34027,238.1|462.95
34028,269.2|216.95
34029,267.2|222.8
34030,327.25|335.75
34031,537.7|325.25
34032,435.8|442.15
34033,394.1|348.2
34034,220.25|537.75
34035,288.35|329.05
34036,227.15|558.35
34037,543.25|582.35
34038,337.15|542.95
34039,578.3|358.25
34040,593.3|493.65
34041,341.7|246.1
34042,246.8|254.4
34043,246.2|442.55
34044,559.15|401.5
34045,442.15|560.1
34046,516.6|446.25
34047,417.45|263.35
34048,266.95|284.5
34049,495.85|283.3
34050,435.1|387.75
34051,561.1|428.0
34052,266.8|340.85
34053,351.35|280.25
34054,403.25|383.3
34055,223.9|530.9
34056,423.2|346.3
34057,570.65|245.85
34058,348.25|237.45
34059,430.65|593.25
34060,261.4|277.05
34061,237.6|489.7
34062,372.2|451.7
34063,421.3|564.7
34064,477.75|280.0
34065,367.9|443.1
34066,459.9|378.45
34067,448.5|468.0
34068,485.7|233.0
34069,354.05|395.9
34070,216.1|305.5
34071,381.85|297.05
34072,347.45|535.35
34073,325.15|479.25
34074,594.25|387.3
34075,420.75|371.15
34076,290.8|337.9
34077,299.95|334.8
34078,417.8|310.6
34079,431.5|245.55
34080,281.85|592.75
34081,391.9|446.35
34082,226.85|593.9
34083,525.35|529.05
34084,335.35|306.15
34085,412.55|506.75
34086,350.7|313.55
34087,398.45|350.75
34088,431.2|578.5
34089,351.55|437.35
34090,476.9|226.4
34091,372.5|593.8
34092,332.3|505.7
34093,525.25|486.3
34094,556.45|479.65
34095,531.6|583.7
34096,383.3|266.8
34097,368.2|211.95
34098,404.65|321.4
34099,255.7|211.25
34100,257.15|501.7
34101,551.6|569.85
34102,535.85|240.45
34103,582.8|406.1
34104,214.35|245.15
34105,532.85|558.3
34106,572.2|339.45
34107,424.65|223.5
34108,514.45|464.2
34109,423.7|563.3
34110,413.75|541.7
34111,544.65|420.6
34112,283.6|459.45
34113,539.0|391.8
34114,213.15|232.35
34115,466.95|528.6
34116,410.75|208.8
34117,391.8|586.15
34118,418.35|284.8
34119,271.95|569.55
34120,326.3|406.65
34121,325.0|465.6
34122,582.2|423.85
34123,207.35|572.9
34124,390.4|247.9
34125,230.65|279.35
34126,562.9|369.2
34127,224.9|402.7
34128,535.7|575.2
34129,539.4|468.95
34130,345.9|492.3
34131,279.5|521.7
34132,348.45|216.45
34133,461.4|553.95
34134,204.85|510.55
34135,355.6|315.1
34136,474.85|480.4
34137,540.5|279.0
34138,433.9|464.55
34139,536.55|547.35
34140,220.8|382.9
34141,589.2|533.5
34142,280.55|385.75
34143,468.9|238.25
34144,220.75|417.0
34145,382.95|218.2
34146,260.25|461.7
34147,361.9|215.1
34148,329.4|576.5
34149,546.25|460.0
34150,406.25|262.0
34151,450.25|265.0
34152,267.4|546.7
34153,211.1|280.5
34154,575.4|376.9
34155,588.4|296.75
34156,205.55|487.15
34157,570.3|578.4
34158,347.95|331.8
34159,236.15|256.05
34160,400.6|377.7
34161,287.4|441.4
34162,422.95|301.65
34163,360.1|331.75
34164,546.6|476.05
34165,483.05|448.1
34166,237.1|229.6
34167,287.6|385.15
34168,207.2|560.25
34169,494.05|308.75
34170,338.9|338.3
34171,470.7|288.9
34172,421.9|414.0
34173,572.05|492.45
34174,281.2|496.0
34175,408.5|372.0
34176,577.5|347.35
34177,407.05|392.45
34178,532.9|495.95
34179,553.85|327.1
34180,551.4|326.5
34181,344.6|553.2
34182,464.95|358.2
34183,558.65|322.05
34184,593.65|558.2
34185,403.2|310.4
34186,219.3|401.0
34187,591.8|357.1
34188,269.2|324.6
34189,560.9|407.7
34190,423.9|243.3
34191,588.5|405.85
34192,218.8|223.95
34193,403.15|243.55
34194,414.75|542.6
34195,486.9|400.3
34196,300.3|338.8
34197,441.05|434.65
34198,207.85|284.9
34199,259.85|576.45
34200,212.8|583.55
34201,269.45|243.7
34202,394.6|235.5
34203,578.6|332.05
34204,515.8|505.75
34205,347.95|412.1
34206,231.5|265.55
34207,283.15|341.6
34208,523.95|438.15
34209,538.6|548.45
34210,221.75|229.6
34211,566.95|586.3
34212,469.3|411.5
34213,590.2|475.7
34214,357.25|208.2
34215,344.05|333.4
34216,259.5|547.55
34217,435.9|356.35
34218,209.1|228.55
34219,223.9|382.25
34220,388.65|477.75
34221,363.2|580.85
34222,575.45|291.45
34223,449.25|253.6
34224,371.75|489.6
34225,241.3|289.8
34226,259.3|540.2
34227,441.5|405.05
34228,436.3|297.3
34229,588.4|587.65
34230,371.5|369.1
34231,244.0|360.8
34232,367.85|491.6
34233,490.35|485.95
34234,209.85|496.65
34235,210.25|261.1
34236,425.9|365.7
34237,576.05|254.6
34238,451.85|424.45
34239,490.15|385.6
34240,590.95|382.35
34241,440.75|391.05
34242,524.0|242.9
34243,356.25|231.9
34244,342.4|267.3
34245,421.4|585.1
34246,402.95|592.25
34247,264.45|557.35
34248,583.95|558.15
34249,393.6|293.65
34250,385.65|286.05
34251,459.95|412.35
34252,415.65|360.55
34253,223.35|294.95
34254,495.2|265.8
34255,589.55|573.8
34256,419.7|587.1
34257,586.5|566.75
34258,242.3|451.35
34259,460.9|309.1
34260,213.95|577.7
34261,570.5|436.15
34262,432.65|321.95
34263,339.95|412.75
34264,209.9|481.95
34265,373.0|312.95
34266,576.4|399.6
34267,272.15|308.1
34268,277.6|330.15
34269,402.85|229.0
34270,312.65|400.6
34271,433.3|457.5
34272,217.9|233.9
34273,402.6|306.55
34274,403.1|206.8
34275,471.45|381.3
34276,590.8|418.7
34277,588.35|471.7
34278,583.35|583.4
34279,345.4|281.85
34280,474.5|328.05
34281,264.0|549.65
34282,392.0|488.6
34283,566.35|520.05
34284,382.95|468.95
34285,577.25|452.45
34286,233.75|369.95
34287,207.0|332.8
34288,574.75|320.55
34289,212.3|401.2
34290,375.9|236.4
34291,259.0|208.8
34292,553.9|320.65
34293,562.4|400.85
34294,235.45|593.15
34295,425.7|271.25
34296,466.75|519.25
34297,561.6|264.15
34298,423.45|492.55
34299,208.3|502.1
34300,231.45|554.55
34301,481.3|549.85
34302,249.45|385.05
34303,381.9|446.8
34304,222.7|340.4
34305,256.6|338.4
34306,565.2|432.7
34307,494.1|466.3
34308,412.55|337.05
34309,584.5|404.6
34310,249.85|425.5
34311,265.85|216.4
34312,390.1|281.25
34313,216.55|321.85
34314,538.4|522.7
34315,292.5|322.4
34316,472.3|462.4
34317,359.5|392.3
34318,484.75|390.15
34319,299.05|400.0
34320,268.25|545.2
34321,229.85|409.6
34322,255.2|503.2
34323,402.05|331.6
34324,423.05|273.45
34325,222.9|378.55
34326,223.7|416.4
34327,336.55|242.55
34328,551.6|252.15
34329,234.3|380.55
34330,225.4|559.2
34331,406.5|338.8
34332,406.05|387.45
34333,558.5|373.6
34334,254.35|429.35
34335,490.55|471.65
34336,232.5|303.55
34337,232.6|259.6
34338,280.7|385.95
34339,496.4|475.2
34340,461.7|275.6
34341,210.8|313.45
34342,460.55|377.35
34343,257.25|432.3
34344,583.6|421.2
34345,257.4|299.65
34346,382.35|571.25
34347,424.4|378.9
34348,245.5|215.75
34349,576.25|400.05
34350,474.9|345.55
34351,513.05|570.85
34352,249.45|375.65
34353,415.65|363.1
34354,455.6|385.15
34355,252.85|221.85
34356,387.35|500.35
34357,457.8|389.6
34358,413.8|550.15
34359,443.1|491.15
34360,425.8|300.75
34361,591.9|486.85
34362,217.85|465.55
34363,394.0|585.15
34364,403.05|309.35
34365,409.9|517.4
34366,427.3|395.9
34367,337.35|245.2
34368,342.15|493.75
34369,476.55|366.65
34370,459.5|583.8
34371,364.75|343.2
34372,223.8|368.4
34373,277.65|562.35
34374,239.75|506.4
34375,401.05|563.95
34376,355.15|556.35
34377,289.8|566.9
34378,433.45|441.75
34379,586.85|215.1
34380,338.6|235.05
34381,392.55|566.1
34382,401.0|464.8
34383,434.65|570.65
34384,365.8|214.05
34385,586.9|296.6
34386,354.65|433.7
34387,404.95|574.45
34388,524.05|494.9
34389,207.05|464.55
34390,583.9|366.85
34391,403.95|574.3
34392,421.95|227.0
34393,454.8|470.15
34394,453.35|519.1
34395,344.05|405.2
34396,286.35|520.6
34397,413.45|538.35
34398,531.65|502.3
34399,254.8|285.95
34400,219.65|375.75
34401,279.95|282.65
34402,433.55|589.85
34403,215.05|570.95
34404,535.6|539.65
34405,288.5|403.75
34406,584.1|403.95
34407,464.15|378.85
34408,211.45|535.85
34409,444.25|448.05
34410,289.85|284.05
34411,388.0|264.0
34412,232.8|551.0
34413,547.4|526.1
34414,390.3|433.25
34415,552.35|537.15
34416,577.35|476.65
34417,566.65|519.95
34418,584.1|273.95
34419,386.7|587.35
34420,270.0|471.6
34421,384.2|559.55
34422,419.8|413.55
34423,256.85|432.85
34424,382.8|241.9
34425,573.65|351.25
34426,259.65|273.55
34427,446.7|532.15
34428,232.85|591.95
34429,230.55|225.35
34430,406.55|574.7
34431,588.55|301.5
34432,326.65|421.35
34433,533.75|343.3
34434,529.65|485.05
34435,294.6|538.25
34436,272.85|457.5
34437,287.7|472.6
34438,491.0|505.85
34439,225.2|560.0
34440,453.25|581.05
34441,524.65|440.0
34442,288.6|562.05
34443,346.6|567.45
34444,557.35|495.8
34445,415.6|380.2
34446,258.8|368.1
34447,212.5|588.9
34448,358.0|317.7
34449,343.5|507.1
34450,388.65|218.4
34451,450.8|476.3
34452,235.8|496.45
34453,421.25|360.6
34454,566.2|228.8
34455,514.45|516.1
34456,539.35|329.3
34457,371.0|555.8
34458,571.55|547.2
34459,581.2|388.15
34460,530.3|235.2
34461,375.4|217.15
34462,569.15|500.1
34463,231.65|493.7
34464,362.55|340.6
34465,426.85|343.85
34466,461.15|495.35
34467,547.3|535.3
34468,243.65|446.0
34469,436.4|505.15
34470,211.8|491.75
34471,590.5|419.0
34472,371.0|287.0
34473,574.8|420.4
34474,240.9|286.4
34475,488.75|494.4
34476,209.95|327.55
34477,221.35|518.55
34478,536.5|556.75
34479,514.45|547.95
34480,366.9|386.3
34481,231.75|231.75
34482,287.4|338.55
34483,451.75|309.15
34484,380.0|328.9
34485,592.9|515.55
34486,524.5|535.45
34487,578.8|228.1
34488,265.55|545.95
34489,294.85|501.25
34490,347.8|438.7
34491,437.1|386.0
34492,211.9|586.75
34493,576.4|233.55
34494,398.45|575.7
34495,245.2|582.35
34496,428.8|483.55
34497,572.35|549.15
34498,288.3|449.05
34499,551.8|295.7
34500,277.4|427.6
34501,446.55|295.2
34502,277.3|341.15
34503,261.75|483.0
34504,583.25|561.5
34505,343.5|380.55
34506,465.1|368.15
34507,429.35|432.75
34508,578.85|332.25
34509,239.6|544.4
34510,248.3|337.45
34511,525.95|448.8
34512,512.6|349.3
34513,253.8|426.2
34514,212.65|530.05
34515,225.45|267.45
34516,584.85|331.45
34517,226.25|523.35
34518,477.35|336.95
34519,393.6|346.4
34520,211.1|240.9
34521,380.4|269.85
34522,223.05|586.75
34523,414.95|328.2
34524,578.25|400.6
34525,522.65|404.55
34526,219.75|304.75
34527,468.9|532.95
34528,536.0|314.2
34529,555.6|329.25
34530,416.45|493.15
34531,228.3|403.75
34532,244.25|406.55
34533,392.15|259.5
34534,460.5|331.65
34535,352.7|573.55
34536,527.65|461.3
34537,211.0|583.45
34538,229.95|381.1
34539,236.35|489.6
34540,339.25|584.15
34541,551.0|549.3
34542,591.65|474.95
34543,252.85|567.95
34544,266.25|490.35
34545,438.6|464.6
34546,395.8|484.8
34547,402.1|561.6
34548,475.2|265.7
34549,407.4|321.7
34550,463.0|225.25
34551,367.3|393.05
34552,533.9|570.1
34553,234.0|442.4
34554,465.75|536.25
34555,375.3|581.6
34556,547.95|557.6
34557,523.45|467.9
34558,216.35|321.8
34559,538.7|578.55
34560,517.05|584.65
34561,522.5|415.9
34562,560.95|335.1
34563,353.25|454.25
34564,505.05|519.5
34565,375.75|588.4
34566,358.95|240.0
34567,409.45|262.5
34568,248.65|493.05
34569,582.45|288.1
34570,282.2|367.75
34571,562.9|526.5
34572,527.85|236.95
34573,418.15|457.6
34574,521.25|530.25
34575,453.75|594.55
34576,426.95|459.2
34577,267.1|232.85
34578,258.9|575.65
34579,267.2|288.0
34580,469.55|264.55
34581,471.75|497.5
34582,544.7|452.2
34583,584.25|230.45
34584,276.5|578.3
34585,344.9|542.7
34586,275.8|306.35
34587,544.5|292.4
34588,209.75|238.15
34589,529.15|283.75
34590,405.25|558.95
34591,345.45|240.8
34592,288.1|371.35
34593,266.7|420.45
34594,216.7|250.1
34595,575.4|366.45
34596,584.5|223.3
34597,258.1|246.0
34598,236.55|363.05
34599,490.35|455.15
34600,451.6|548.85
34601,488.8|215.9
34602,507.3|527.35
34603,586.85|210.95
34604,280.25|538.6
34605,366.9|512.5
34606,205.4|261.2
34607,253.65|324.7
34608,386.3|306.25
34609,263.05|432.5
34610,545.2|287.2
34611,472.35|237.9
34612,513.4|305.35
34613,450.7|439.75
34614,271.15|521.7
34615,380.8|277.2
34616,291.3|492.3
34617,472.7|333.5
34618,488.25|342.65
34619,472.4|302.0
34620,443.45|582.5
34621,581.75|227.5
34622,486.6|455.15
34623,339.6|400.05
34624,380.8|222.25
34625,284.35|428.1
34626,256.2|585.95
34627,588.95|367.45
34628,360.3|281.25
34629,586.15|465.65
34630,407.25|359.45
34631,360.35|459.7
34632,288.25|583.65
34633,564.25|504.85
34634,444.7|514.65
34635,292.0|333.85
34636,579.5|324.05
34637,276.95|340.15
34638,374.2|595.2
34639,569.9|422.2
34640,540.0|383.2
34641,276.95|527.35
34642,234.05|381.95
34643,593.4|361.05
34644,218.3|240.4
34645,221.2|483.4
34646,242.4|546.9
34647,272.0|322.15
34648,464.3|467.25
34649,455.1|548.0
34650,358.5|583.95
34651,390.5|364.8
34652,350.15|434.2
34653,213.2|532.75
34654,383.7|333.7
34655,276.45|537.3
34656,398.05|347.7
34657,387.85|328.05
34658,385.3|283.05
34659,354.8|523.4
34660,544.55|281.6
34661,473.5|352.7
34662,571.4|536.45
34663,486.8|365.0
34664,280.7|364.6
34665,270.8|530.0
34666,556.85|554.2
34667,335.65|568.8
34668,349.05|577.85
34669,539.9|275.8
34670,583.35|223.5
34671,542.9|568.75
34672,475.85|487.0
34673,556.55|287.9
34674,334.2|523.7
34675,269.3|416.35
34676,291.15|376.45
34677,374.1|592.5
34678,378.75|239.8
34679,521.5|223.85
34680,473.9|214.8
34681,336.7|415.8
34682,574.55|421.15
34683,390.75|560.8
34684,541.45|273.95
34685,267.85|305.1
34686,359.85|431.4
34687,422.45|413.45
34688,293.65|449.45
34689,289.75|452.65
34690,465.6|378.8
34691,231.4|568.85
34692,421.5|580.65
34693,595.45|213.5
34694,246.85|435.1
34695,217.6|479.5
34696,267.05|449.95
34697,230.2|259.6
34698,588.2|410.35
34699,547.5|227.2
34700,404.7|377.75
34701,438.3|386.0
34702,292.75|287.85
34703,530.9|578.15
34704,212.45|240.85
34705,330.25|436.15
34706,274.55|283.95
34707,270.3|572.05
34708,515.8|509.65
34709,430.9|511.85
34710,551.9|457.9
34711,246.15|513.45
34712,440.5|243.2
34713,558.9|585.2
34714,426.7|313.8
34715,334.75|437.4
34716,551.35|262.9
34717,401.05|510.8
34718,545.2|537.6
34719,526.6|421.05
34720,457.75|504.5
34721,562.95|440.9
34722,351.75|237.95
34723,226.2|219.8
34724,541.65|394.75
34725,286.55|425.65
34726,575.4|386.35
34727,534.1|404.5
34728,218.35|297.85
34729,587.1|578.75
34730,216.9|476.45
34731,342.05|373.9
34732,564.8|432.8
34733,471.65|213.95
34734,531.3|573.95
34735,284.55|454.8
34736,276.95|590.75
34737,264.7|310.45
34738,403.25|521.25
34739,349.05|261.65
34740,411.1|566.6
34741,568.85|442.6
34742,267.85|496.35
34743,295.25|374.5
34744,512.15|470.6
34745,377.7|566.05
34746,573.6|331.7
34747,524.65|352.85
34748,586.8|582.4
34749,475.2|502.65
34750,580.05|542.75
34751,413.25|255.95
34752,270.85|413.7
34753,476.1|340.6
34754,461.65|219.4
34755,286.9|287.15
34756,270.55|420.9
34757,521.9|495.35
34758,269.75|410.55
34759,332.55|341.65
34760,449.65|355.0
34761,260.6|438.6
34762,350.1|277.9
34763,274.1|375.55
34764,552.35|246.45
34765,207.5|578.2
34766,438.8|395.8
34767,498.15|353.5
34768,325.55|431.3
34769,324.6|419.95
34770,250.95|366.4
34771,585.15|349.1
34772,425.6|427.0
34773,401.4|460.0
34774,366.1|441.15
34775,363.25|439.0
34776,246.4|218.15
34777,585.95|353.9
34778,257.75|233.9
34779,476.25|468.35
34780,379.3|378.95
34781,242.65|427.2
34782,352.0|553.35
34783,340.45|546.95
34784,446.35|545.2
34785,277.95|278.75
34786,400.55|562.75
34787,564.4|355.15
34788,568.15|511.75
34789,291.2|341.4
34790,437.2|497.75
34791,440.4|432.3
34792,343.1|281.05
34793,422.0|595.15
34794,408.8|330.5
34795,444.2|373.95
34796,224.3|278.35
34797,477.9|526.3
34798,376.65|234.85
34799,215.6|493.85
34800,469.2|563.75
34801,330.4|321.8
34802,346.8|405.2
34803,527.25|420.8
34804,547.3|308.75
34805,483.05|446.7
34806,405.25|514.6
34807,211.45|294.4
34808,267.2|274.65
34809,367.0|585.7
34810,581.5|560.0
34811,583.55|330.1
34812,534.8|475.95
34813,442.4|281.55
34814,286.4|336.55
34815,577.25|572.3
34816,276.1|413.0
34817,257.65|357.85
34818,522.6|518.95
34819,589.7|514.1
34820,342.35|328.35
34821,345.55|331.05
34822,219.65|549.8
34823,298.75|380.3
34824,219.25|308.45
34825,469.25|342.25
34826,369.4|265.3
34827,344.95|568.95
34828,520.15|556.75
34829,468.6|321.1
34830,228.45|224.9
34831,214.75|569.8
34832,401.95|335.75
34833,280.35|511.15
34834,463.75|522.7
34835,362.35|544.45
34836,320.4|442.05
34837,548.3|341.7
34838,548.4|541.5
34839,240.5|408.65
34840,223.05|581.6
34841,579.9|381.9
34842,478.95|509.2
34843,433.7|232.15
34844,593.95|580.85
34845,586.5|366.8
34846,319.65|372.05
34847,347.95|434.75
34848,253.25|272.15
34849,280.1|478.0
34850,352.6|409.55
34851,586.6|421.55
34852,480.05|352.9
34853,265.95|313.65
34854,239.6|558.2
34855,426.6|357.55
34856,542.65|578.3
34857,249.55|344.85
34858,206.85|451.65
34859,289.95|429.85
34860,588.4|489.95
34861,591.9|580.6
34862,254.2|509.35
34863,547.8|313.05
34864,581.5|248.85
34865,236.45|502.45
34866,216.55|470.3
34867,490.75|328.95
34868,523.75|367.1
34869,374.35|588.2
34870,589.15|468.0
34871,533.7|454.95
34872,208.7|387.0
34873,225.4|484.5
34874,334.9|367.55
34875,332.8|373.9
34876,263.9|211.2
34877,223.35|578.85
34878,473.1|324.75
34879,216.05|561.2
34880,552.65|283.25
34881,232.35|286.55
34882,434.0|239.2
34883,576.85|334.0
34884,578.95|319.85
34885,420.4|594.95
34886,470.5|459.55
34887,377.95|530.75
34888,546.3|485.7
34889,257.3|210.8
34890,342.35|409.8
34891,290.2|349.3
34892,374.5|212.5
34893,394.3|473.3
34894,371.7|487.95
34895,357.5|508.1
34896,578.9|297.7
34897,412.8|216.65
34898,581.95|346.45
34899,449.4|455.95
34900,443.75|398.7
34901,418.55|352.05
34902,542.15|571.55
34903,231.05|362.7
34904,380.45|272.55
34905,394.3|487.4
34906,318.6|321.75
34907,272.85|270.55
34908,533.0|558.45
34909,448.4|578.4
34910,397.15|566.9
34911,434.6|309.35
34912,516.0|521.7
34913,403.8|337.75
34914,443.35|466.7
34915,402.25|220.85
34916,215.25|319.5
34917,419.85|244.15
34918,346.3|363.55
34919,263.0|371.1
34920,205.75|567.85
34921,574.7|589.15
34922,353.8|214.85
34923,527.9|523.25
34924,334.35|423.3
34925,437.95|336.35
34926,292.05|539.3
34927,564.0|573.15
34928,248.6|434.8
34929,255.3|268.95
34930,515.15|237.0
34931,256.5|560.85
34932,250.15|206.6
34933,401.7|513.75
34934,434.7|593.15
34935,446.3|413.1
34936,250.4|431.95
34937,469.95|454.55
34938,381.4|419.05
34939,551.3|449.8
34940,487.65|291.95
34941,297.05|386.45
34942,423.6|373.9
34943,233.0|289.9
34944,398.9|571.6
34945,367.6|373.55
34946,219.45|523.05
34947,287.35|495.95
34948,393.1|482.1
34949,240.0|381.45
34950,586.7|492.6
34951,208.6|566.9
34952,569.75|444.7
34953,287.75|499.75
34954,259.35|565.7
34955,564.8|582.45
34956,230.4|588.8
34957,271.75|562.6
34958,593.05|585.75
34959,496.85|308.25
34960,383.85|227.7
34961,332.3|430.5
34962,299.85|539.45
34963,262.15|571.1
34964,431.0|555.7
34965,242.8|586.6
34966,430.85|389.9
34967,356.35|374.5
34968,467.5|500.95
34969,453.85|491.75
34970,443.95|387.75
34971,533.95|453.45
34972,581.7|259.05
34973,401.2|207.4
34974,290.95|524.95
34975,534.35|542.0
34976,283.55|544.2
34977,354.0|213.95
34978,281.25|523.6
34979,538.1|540.2
34980,465.85|406.9
34981,258.2|280.6
34982,272.25|406.55
34983,478.05|533.35
34984,420.95|552.3
34985,385.95|262.15
34986,223.65|224.6
34987,483.8|574.85
34988,414.2|434.4
34989,419.55|288.15
34990,277.5|291.35
34991,259.05|437.25
34992,281.4|559.65
34993,255.85|366.95
34994,532.85|302.1
34995,472.2|323.0
34996,289.6|540.35
34997,246.45|439.1
34998,263.0|274.7
34999,417.05|431.1
35000,514.1|419.05
35001,428.3|562.55
35002,351.15|267.45
35003,544.2|261.25
35004,282.4|498.85
35005,391.4|359.15
35006,318.7|240.6
35007,527.2|453.75
35008,283.15|435.6
35009,396.2|226.1
35010,356.65|493.95
35011,448.4|392.8
35012,261.55|426.0
35013,563.2|285.7
35014,380.3|257.15
35015,332.75|530.25
35016,466.15|325.15
35017,464.7|570.35
35018,245.05|245.0
35019,565.65|571.7
35020,254.5|290.05
35021,320.8|388.2
35022,342.5|397.2
35023,279.85|281.35
35024,252.2|454.3
35025,422.8|222.05
35026,221.2|518.35
35027,268.05|399.5
35028,460.75|281.95
35029,418.8|272.8
35030,260.7|336.1
35031,342.4|505.5
35032,575.15|221.95
35033,443.7|362.3
35034,420.7|402.25
35035,258.6|211.6
35036,379.55|354.7
35037,429.7|450.7
35038,479.95|399.75
35039,577.35|549.9
35040,332.4|593.0
35041,450.05|521.7
35042,550.0|579.7
35043,291.0|327.6
35044,351.0|245.65
35045,392.9|275.95
35046,259.15|506.85
35047,207.9|502.15
35048,481.0|326.2
35049,430.45|541.15
35050,289.9|506.95
35051,377.3|207.6
35052,390.7|361.25
35053,290.0|581.1
35054,584.35|503.35
35055,254.9|235.65
35056,354.95|511.05
35057,231.0|428.45
35058,332.35|575.3
35059,476.6|288.95
35060,208.45|303.35
35061,350.35|560.5
35062,377.0|275.45
35063,456.3|571.8
35064,452.8|550.95
35065,578.5|543.0
35066,388.25|512.95
35067,505.05|531.4
35068,262.85|424.75
35069,270.6|561.4
35070,334.25|514.0
35071,417.2|568.7
35072,383.4|403.7
35073,265.05|336.6
35074,408.35|357.75
35075,257.0|380.15
35076,251.65|494.3
35077,526.8|559.1
35078,472.15|321.15
35079,431.8|462.5
35080,390.7|329.0
35081,376.4|259.05
35082,387.65|544.05
35083,464.45|275.0
35084,223.75|371.05
35085,520.15|509.15
35086,398.9|286.75
35087,213.55|587.55
35088,286.15|575.4
35089,446.75|461.1
35090,391.8|490.6
35091,427.5|334.05
35092,468.95|237.6
35093,284.65|272.4
35094,564.35|431.5
35095,205.85|486.6
35096,254.65|558.95
35097,259.15|527.7
35098,587.85|216.1
35099,543.8|473.25
35100,370.9|440.15
35101,243.35|323.85
35102,413.4|264.2
35103,538.3|557.85
35104,226.15|473.65
35105,411.45|345.3
35106,446.75|257.95
35107,476.05|348.05
35108,214.0|528.6
35109,440.75|263.8
35110,395.35|347.6
35111,274.9|351.65
35112,241.25|381.05
35113,407.8|415.95
35114,234.6|266.2
35115,224.65|483.85
35116,528.15|480.0
35117,358.05|221.25
35118,521.95|372.4
35119,413.7|533.1
35120,464.65|275.3
35121,393.2|591.65
35122,478.55|526.35
35123,208.15|581.3
35124,338.15|555.45
35125,410.3|218.35
35126,349.7|433.25
35127,400.2|274.1
35128,441.45|440.25
35129,334.25|364.55
35130,539.85|558.4
35131,459.05|586.9
35132,572.5|273.85
35133,458.15|353.45
35134,468.05|520.8
35135,567.35|231.3
35136,258.55|579.25
35137,450.45|232.15
35138,232.85|235.7
35139,246.0|489.65
35140,472.3|523.9
35141,219.75|582.15
35142,232.05|506.65
35143,283.7|438.7
35144,578.7|205.2
35145,465.1|345.75
35146,580.5|219.9
35147,286.3|509.95
35148,260.6|572.1
35149,542.8|325.25
35150,569.95|219.6
35151,240.8|580.1
35152,580.05|406.95
35153,359.25|463.95
35154,571.95|292.4
35155,471.5|281.15
35156,569.55|302.75
35157,378.6|248.65
35158,470.85|508.85
35159,339.6|414.55
35160,368.85|590.05
35161,409.15|304.55
35162,246.45|291.15
35163,446.55|272.65
35164,467.7|342.0
35165,511.95|483.85
35166,467.7|539.65
35167,418.45|287.4
35168,369.3|435.5
35169,233.2|429.2
35170,370.05|328.65
35171,560.75|224.45
35172,581.75|331.95
35173,237.85|360.05
35174,345.15|382.3
35175,490.15|441.2
35176,423.55|268.75
35177,559.55|230.4
35178,218.55|465.95
35179,470.85|246.4
35180,464.15|314.3
35181,295.4|320.0
35182,226.75|287.35
35183,468.7|302.2
35184,462.05|578.25
35185,507.35|525.65
35186,462.3|460.45
35187,257.65|336.45
35188,418.25|376.8
35189,586.1|379.6
35190,406.05|591.8
35191,213.7|274.15
35192,255.15|224.25
35193,439.8|308.5
35194,441.35|478.9
35195,468.6|518.8
35196,244.25|551.4
35197,258.8|382.5
35198,520.6|523.2
35199,383.45|527.5
35200,585.8|361.0
35201,413.85|463.0
35202,444.6|561.1
35203,429.95|441.7
35204,219.05|441.1
35205,392.95|505.0
35206,257.45|592.55
35207,396.8|551.05
35208,571.75|312.2
35209,591.1|267.0
35210,268.25|412.75
35211,292.6|412.25
35212,462.0|223.35
35213,587.2|284.75
35214,368.0|347.85
35215,541.5|583.55
35216,538.65|512.0
35217,318.45|409.5
35218,409.15|512.55
35219,279.7|581.6
35220,581.1|564.15
35221,427.2|502.25
35222,360.55|215.65
35223,265.95|345.15
35224,276.85|593.75
35225,591.8|293.9
35226,445.75|474.6
35227,298.65|545.35
35228,451.55|258.55
35229,296.55|402.15
35230,362.15|461.6
35231,264.4|337.8
35232,469.8|483.4
35233,446.75|425.95
35234,250.25|395.85
35235,222.0|371.05
35236,463.6|266.15
35237,213.75|235.45
35238,289.45|432.0
35239,376.3|522.95
35240,579.5|216.4
35241,588.8|586.6
35242,423.7|466.2
35243,595.15|409.05
35244,404.05|341.95
35245,273.9|337.5
35246,229.8|578.65
35247,443.15|572.6
35248,254.55|564.85
35249,488.2|543.8
35250,246.2|285.45
35251,405.15|578.3
35252,358.05|446.5
35253,306.6|539.65
35254,556.65|549.3
35255,443.8|330.0
35256,579.85|306.85
35257,436.85|397.95
35258,413.5|482.95
35259,572.9|231.8
35260,224.95|305.6
35261,307.5|343.1
35262,286.75|392.25
35263,462.4|281.85
35264,264.35|449.9
35265,250.9|310.1
35266,554.6|381.1
35267,240.05|281.3
35268,221.2|312.05
35269,471.3|499.55
35270,466.65|443.9
35271,348.95|231.8
35272,233.35|447.2
35273,387.6|219.45
35274,468.1|220.35
35275,353.55|547.4
35276,347.15|588.9
35277,562.15|237.45
35278,371.6|378.4
35279,288.1|397.95
35280,587.3|455.8
35281,210.1|590.05
35282,464.9|313.3
35283,444.35|437.2
35284,434.5|585.75
35285,232.85|549.55
35286,429.0|250.2
35287,358.6|461.2
35288,339.3|544.9
35289,572.2|579.25
35290,254.8|529.6
35291,520.75|351.1
35292,429.25|507.05
35293,278.25|226.2
35294,461.1|479.4
35295,568.75|486.85
35296,230.6|447.95
35297,538.75|312.1
35298,225.6|380.45
35299,212.35|349.8
35300,254.2|293.5
35301,549.35|300.65
35302,585.1|292.85
35303,517.25|498.45
35304,389.75|412.55
35305,282.4|372.7
35306,350.1|548.8
35307,570.25|246.75
35308,412.0|447.2
35309,355.4|379.85
35310,408.8|572.2
35311,250.95|293.5
35312,572.45|550.9
35313,261.0|217.5
35314,481.1|236.3
35315,383.75|532.55
35316,273.4|412.0
35317,387.7|228.4
35318,419.1|299.3
35319,251.6|502.7
35320,399.25|288.3
35321,372.2|265.6
35322,307.75|379.25
35323,426.45|457.1
35324,571.05|226.45
35325,311.3|344.2
35326,529.25|410.05
35327,563.2|542.95
35328,396.85|507.1
35329,535.55|387.45
35330,376.15|347.95
35331,250.95|566.75
35332,289.75|451.5
35333,288.1|473.65
35334,216.65|348.55
35335,470.6|254.55
35336,415.35|274.65
35337,363.2|491.8
35338,256.3|440.3
35339,416.3|330.65
35340,207.55|491.0
35341,567.15|550.95
35342,564.95|420.45
35343,281.3|528.9
35344,284.5|527.2
35345,465.05|456.4
35346,412.8|439.0
35347,438.7|589.7
35348,440.75|223.0
35349,540.9|471.95
35350,397.65|489.25
35351,495.0|364.85
35352,589.3|378.25
35353,251.0|243.6
35354,473.2|305.75
35355,339.7|555.85
35356,390.6|248.2
35357,466.1|250.2
35358,459.1|218.9
35359,349.7|368.2
35360,257.55|273.55
35361,464.1|436.15
35362,292.85|492.95
35363,545.9|426.35
35364,389.25|390.4
35365,275.85|349.3
35366,410.05|386.9
35367,444.95|292.55
35368,237.65|209.5
35369,263.0|570.2
35370,419.45|253.4
35371,521.65|484.65
35372,406.3|584.65
35373,393.95|492.15
35374,351.0|205.3
35375,234.15|518.25
35376,450.8|224.15
35377,426.05|339.8
35378,446.85|264.05
35379,563.25|522.35
35380,278.95|583.7
35381,578.95|592.65
35382,386.75|279.1
35383,565.25|330.8
35384,452.6|308.8
35385,349.85|574.4
35386,452.35|381.05
35387,227.45|312.55
35388,260.35|576.15
35389,290.75|518.85
35390,328.95|522.1
35391,250.45|214.95
35392,351.2|341.25
35393,365.35|435.95
35394,593.75|383.95
35395,460.45|340.3
35396,577.35|224.3
35397,387.35|213.25
35398,374.15|512.85
35399,250.0|385.85
35400,379.85|492.75
35401,412.1|391.8
35402,349.15|215.8
35403,397.15|497.15
35404,341.2|253.75
35405,399.1|480.2
35406,276.15|376.45
35407,536.35|540.8
35408,287.5|573.1
35409,492.65|335.35
35410,594.65|527.8
35411,261.85|267.75
35412,256.0|372.35
35413,472.2|515.7
35414,404.15|306.2
35415,402.75|539.35
35416,205.6|474.8
35417,566.05|511.0
35418,270.45|272.5
35419,403.85|446.2
35420,462.35|300.55
35421,576.8|286.95
35422,348.55|347.8
35423,548.8|234.25
35424,420.9|356.9
35425,398.35|352.0
35426,577.1|524.55
35427,478.55|512.45
35428,584.45|506.2
35429,571.3|261.0
35430,521.55|436.5
35431,400.8|562.9
35432,230.85|308.55
35433,285.2|476.7
35434,526.85|415.55
35435,340.2|236.4
35436,426.3|428.25
35437,241.3|295.8
35438,273.35|282.4
35439,242.9|217.4
35440,357.7|344.6
35441,399.05|554.65
35442,239.2|571.9
35443,436.9|564.7
35444,386.6|294.4
35445,439.4|309.5
35446,449.75|439.65
35447,348.4|232.5
35448,350.45|454.9
35449,326.6|322.4
35450,274.2|557.7
35451,230.15|338.15
35452,235.75|558.05
35453,379.95|457.9
35454,433.05|577.45
35455,543.9|339.2
35456,538.45|566.6
35457,252.75|313.15
35458,253.05|494.25
35459,260.6|492.75
35460,528.55|437.05
35461,500.9|311.95
35462,263.35|223.9
35463,206.35|480.7
35464,437.6|373.5
35465,581.45|278.1
35466,340.85|582.7
35467,354.65|432.85
35468,290.15|544.55
35469,471.35|230.95
35470,397.05|361.55
35471,476.15|242.05
35472,339.85|587.1
35473,489.85|336.85
35474,342.7|329.9
35475,487.4|343.25
35476,384.65|285.05
35477,517.7|507.35
35478,354.85|506.2
35479,246.85|273.3
35480,237.4|450.2
35481,233.7|541.75
35482,448.4|232.95
35483,225.3|473.3
35484,227.3|424.05
35485,252.25|352.75
35486,210.3|519.15
35487,237.6|422.45
35488,269.35|561.3
35489,350.55|320.5
35490,206.85|533.85
35491,402.55|229.95
35492,564.7|319.4
35493,407.2|585.55
35494,338.6|588.6
35495,570.75|504.45
35496,448.6|383.95
35497,431.05|541.85
35498,272.35|550.85
35499,230.55|269.3
35500,560.9|244.75
35501,438.9|219.9
35502,588.05|406.25
35503,491.35|521.25
35504,295.15|282.35
35505,207.7|458.95
35506,568.7|248.1
35507,449.6|361.65
35508,591.75|399.05
35509,400.6|294.25
35510,260.45|300.2
35511,371.6|370.85
35512,391.75|485.85
35513,592.05|554.1
35514,434.1|244.8
35515,546.85|447.55
35516,220.55|472.3
35517,455.6|362.75
35518,533.2|497.4
35519,508.2|515.65
35520,378.35|365.55
35521,345.6|447.9
35522,478.5|384.55
35523,225.8|311.5
35524,242.15|587.8
35525,392.2|323.4
35526,246.7|551.9
35527,415.6|279.8
35528,444.4|234.05
35529,527.9|533.5
35530,336.95|263.3
35531,357.05|498.75
35532,371.85|593.55
35533,585.2|384.05
35534,436.3|220.5
35535,453.7|588.35
35536,474.55|489.2
35537,206.0|583.45
35538,471.35|483.5
35539,568.5|299.6
35540,285.75|327.0
35541,243.6|311.05
35542,301.2|377.85
35543,579.35|587.5
35544,214.25|552.45
35545,366.8|308.9
35546,403.6|245.45
35547,526.7|410.2
35548,415.5|384.4
35549,440.9|560.7
35550,469.4|341.0
35551,457.9|346.75
35552,512.65|486.75
35553,347.45|318.6
35554,440.5|554.7
35555,397.65|281.25
35556,427.0|437.05
35557,588.05|229.55
35558,582.5|428.25
35559,381.6|574.7
35560,425.05|261.75
35561,301.5|421.75
35562,311.6|223.9
35563,442.1|224.25
35564,528.1|414.9
35565,217.2|502.65
35566,513.05|515.2
35567,502.3|335.85
35568,407.35|569.7
35569,338.95|428.95
35570,453.7|296.85
35571,222.75|402.05
35572,407.6|558.3
35573,345.2|585.35
35574,389.6|316.7
35575,451.7|328.4
35576,252.5|390.65
35577,591.45|269.55
35578,336.05|441.9
35579,373.15|488.85
35580,362.2|334.35
35581,243.35|573.0
35582,580.2|523.05
35583,234.2|423.05
35584,579.1|339.3
35585,570.8|477.9
35586,559.55|578.5
35587,217.75|578.35
35588,254.55|336.55
35589,388.9|564.3
35590,413.7|215.7
35591,374.75|368.65
35592,275.7|333.55
35593,441.95|293.2
35594,542.55|492.5
35595,317.95|308.8
35596,324.35|417.8
35597,473.05|268.25
35598,543.15|332.5
35599,361.1|359.2
35600,355.9|327.3
35601,435.5|416.4
35602,414.3|364.95
35603,409.05|329.25
35604,541.8|571.55
35605,255.2|480.7
35606,206.9|459.6
35607,406.45|240.6
35608,584.25|476.95
35609,575.4|220.15
35610,469.4|249.3
35611,464.85|554.7
35612,504.7|250.1
35613,374.85|588.4
35614,335.1|249.4
35615,263.9|283.45
35616,525.55|323.85
35617,237.95|276.35
35618,220.8|222.55
35619,255.75|281.75
35620,492.25|480.0
35621,403.5|569.9
35622,243.65|293.65
35623,532.05|304.3
35624,470.5|228.1
35625,479.65|489.55
35626,573.65|546.1
35627,465.25|472.9
35628,292.75|397.15
35629,527.75|438.9
35630,210.65|463.55
35631,266.0|322.7
35632,584.75|363.6
35633,486.65|398.65
35634,224.35|582.3
35635,254.05|244.65
35636,587.75|366.75
35637,591.0|302.0
35638,348.1|293.8
35639,559.55|572.1
35640,584.85|413.35
35641,595.35|486.95
35642,276.9|353.6
35643,398.4|366.25
35644,374.45|373.45
35645,292.35|441.15
35646,587.4|296.95
35647,588.3|334.3
35648,431.25|226.05
35649,350.0|209.55
35650,342.5|324.8
35651,295.85|595.3
35652,237.9|265.4
35653,294.65|457.6
35654,472.6|516.1
35655,529.9|393.25
35656,502.55|502.05
35657,416.25|227.95
35658,369.05|591.15
35659,294.2|573.35
35660,475.45|227.05
35661,219.9|590.7
35662,236.75|503.45
35663,533.3|480.45
35664,467.9|376.15
35665,372.5|217.05
35666,289.15|326.7
35667,220.05|576.4
35668,245.15|328.1
35669,224.1|481.05
35670,479.65|479.85
35671,591.65|351.2
35672,565.4|593.15
35673,562.0|538.35
35674,544.1|273.55
35675,371.05|255.85
35676,285.95|428.65
35677,556.65|236.85
35678,539.95|543.95
35679,416.85|474.15
35680,260.85|269.2
35681,356.05|242.9
35682,566.55|223.55
35683,337.5|385.95
35684,581.25|394.65
35685,573.4|442.95
35686,241.25|229.85
35687,357.35|370.4
35688,497.2|447.6
35689,546.1|255.8
35690,435.25|398.8
35691,215.2|276.35
35692,424.7|388.8
35693,398.15|551.5
35694,455.4|317.9
35695,591.35|567.55
35696,578.5|270.1
35697,221.45|590.65
35698,472.15|516.6
35699,537.95|509.75
35700,251.45|510.7
35701,444.1|438.6
35702,586.25|497.0
35703,260.15|307.9
35704,267.85|484.55
35705,375.75|355.7
35706,392.8|477.8
35707,549.6|591.6
35708,428.15|456.9
35709,244.2|213.15
35710,426.85|391.5
35711,533.8|293.3
35712,237.45|225.6
35713,464.05|552.3
35714,476.4|530.1
35715,439.4|538.6
35716,529.85|373.5
35717,394.35|322.4
35718,463.6|389.0
35719,207.95|334.9
35720,378.45|593.4
35721,498.65|379.7
35722,355.8|446.25
35723,233.65|399.75
35724,276.75|312.4
35725,231.35|224.8
35726,249.0|436.9
35727,283.15|383.15
35728,456.25|512.65
35729,529.65|437.8
35730,238.7|354.15
35731,432.3|568.2
35732,299.1|382.65
35733,366.35|491.7
35734,551.8|584.9
35735,470.3|326.85
35736,559.7|582.6
35737,399.15|290.3
35738,564.05|262.35
35739,374.75|451.1
35740,400.05|589.95
35741,425.4|573.95
35742,585.0|492.65
35743,213.35|433.2
35744,586.6|408.65
35745,225.8|227.65
35746,255.65|309.3
35747,539.8|328.7
35748,211.8|579.15
35749,386.05|479.9
35750,474.7|513.4
35751,224.4|504.65
35752,400.4|375.7
35753,249.7|240.95
35754,315.15|419.1
35755,438.25|521.45
35756,424.95|592.0
35757,377.95|591.95
35758,269.9|277.35
35759,529.45|520.8
35760,560.2|284.15
35761,450.8|554.35
35762,380.75|588.6
35763,299.8|594.65
35764,224.95|215.6
35765,249.6|271.55
35766,420.85|496.05
35767,342.65|234.3
35768,399.0|365.75
35769,491.15|341.3
35770,476.1|358.85
35771,358.5|581.45
35772,530.05|235.95
35773,484.5|346.7
35774,412.05|545.45
35775,378.85|537.4
35776,499.35|269.35
35777,417.15|395.45
35778,567.15|506.1
35779,539.0|435.95
35780,375.2|574.15
35781,571.65|368.5
35782,352.3|250.35
35783,405.1|344.55
35784,352.25|273.9
35785,412.15|527.75
35786,579.4|389.55
35787,275.35|324.9
35788,532.1|505.3
35789,263.55|409.05
35790,341.4|446.6
35791,232.7|540.45
35792,592.35|471.15
35793,462.6|540.9
35794,249.15|570.7
35795,543.75|553.4
35796,550.9|539.5
35797,229.85|510.65
35798,474.3|357.5
35799,411.6|577.65
35800,438.65|272.4
35801,227.75|538.85
35802,391.4|593.95
35803,338.9|336.95
35804,237.35|440.9
35805,349.2|429.15
35806,400.7|510.6
35807,239.6|396.35
35808,528.45|437.35
35809,215.35|234.3
35810,424.4|511.8
35811,557.95|353.45
35812,418.15|529.15
35813,374.3|260.9
35814,356.45|465.4
35815,353.95|280.65
35816,395.95|585.3
35817,221.75|343.5
35818,439.15|509.95
35819,231.45|543.0
35820,349.75|493.8
35821,334.15|424.45
35822,588.2|354.8
35823,415.75|260.4
35824,568.7|212.25
35825,417.8|368.6
35826,310.75|427.55
35827,565.4|584.75
35828,362.65|324.05
35829,502.5|513.95
35830,385.8|565.4
35831,233.2|448.95
35832,423.25|463.35
35833,439.4|475.9
35834,223.55|365.05
35835,440.4|301.5
35836,292.35|530.9
35837,386.6|580.75
35838,581.65|585.7
35839,443.2|238.5
35840,233.8|417.35
35841,265.95|525.0
35842,207.55|590.55
35843,449.85|590.7
35844,514.05|251.1
35845,556.45|348.65
35846,350.0|313.9
35847,418.95|387.15
35848,377.55|547.45
35849,583.7|566.65
35850,394.85|595.05
35851,210.05|510.65
35852,256.35|436.05
35853,358.0|224.7
35854,253.7|413.95
35855,360.5|576.75
35856,346.6|545.8
35857,582.6|459.4
35858,482.2|275.45
35859,240.35|364.2
35860,512.1|388.6
35861,441.6|579.9
35862,442.05|461.8
35863,288.65|528.3
35864,358.45|225.4
35865,442.0|455.25
35866,450.1|523.0
35867,387.1|568.45
35868,363.45|281.65
35869,375.65|318.45
35870,531.15|419.7
35871,377.55|366.6
35872,540.25|429.5
35873,533.35|452.05
35874,403.75|348.15
35875,225.7|508.55
35876,557.25|393.35
35877,527.05|321.95
35878,561.8|276.7
35879,257.4|547.55
35880,266.1|353.0
35881,336.5|558.15
35882,284.65|524.3
35883,500.4|344.75
35884,304.7|403.2
35885,414.3|589.7
35886,414.85|510.0
35887,567.5|453.65
35888,410.1|293.95
35889,466.4|408.3
35890,461.1|374.8
35891,277.75|228.25
35892,374.4|366.2
35893,419.1|415.8
35894,396.45|365.1
35895,392.35|565.25
35896,236.0|519.8
35897,584.0|386.8
35898,471.1|359.45
35899,593.0|587.45
35900,398.45|375.75
35901,582.55|466.05
35902,259.55|269.7
35903,454.05|591.5
35904,228.0|343.95
35905,575.0|469.4
35906,449.95|242.1
35907,590.3|388.9
35908,363.6|218.5
35909,373.65|486.15
35910,525.15|545.55
35911,257.55|297.5
35912,566.8|582.7
35913,550.95|533.4
35914,353.25|437.35
35915,290.7|370.4
35916,562.8|497.55
35917,258.0|365.55
35918,469.4|310.75
35919,302.65|487.5
35920,581.45|440.5
35921,286.8|402.35
35922,527.2|423.8
35923,427.95|398.5
35924,325.3|323.2
35925,232.25|588.8
35926,427.15|443.9
35927,214.0|405.05
35928,459.2|518.25
35929,256.05|331.8
35930,228.7|407.15
35931,533.4|346.05
35932,345.05|400.35
35933,584.0|344.15
35934,422.4|386.85
35935,417.25|525.05
35936,521.4|349.05
35937,258.2|533.1
35938,264.15|216.4
35939,245.85|557.25
35940,437.85|488.85
35941,376.55|217.2
35942,481.6|389.35
35943,218.1|281.1
35944,442.5|371.25
35945,477.35|335.8
35946,457.45|353.45
35947,525.8|513.95
35948,473.1|544.75
35949,432.2|585.4
35950,424.9|238.2
35951,237.95|428.95
35952,269.1|530.5
35953,474.25|458.5
35954,450.25|334.8
35955,433.4|356.25
35956,576.7|592.65
35957,311.4|465.05
35958,583.8|437.3
35959,402.4|512.5
35960,587.25|466.9
35961,275.55|577.05
35962,531.15|453.65
35963,542.0|546.15
35964,383.25|206.0
35965,465.1|326.35
35966,503.8|385.2
35967,225.1|238.85
35968,220.65|390.95
35969,331.4|345.75
35970,582.4|476.75
35971,287.4|543.9
35972,237.55|572.55
35973,368.05|391.3
35974,579.6|472.1
35975,585.5|591.05
35976,572.75|510.9
35977,416.5|365.45
35978,431.3|284.25
35979,465.85|547.95
35980,364.9|274.75
35981,219.75|282.3
35982,218.9|592.55
35983,413.2|578.85
35984,555.55|492.95
35985,540.75|545.4
35986,595.95|427.75
35987,236.5|397.95
35988,546.5|464.05
35989,224.25|418.45
35990,462.8|543.9
35991,340.15|587.3
35992,560.85|443.35
35993,368.65|364.9
35994,394.15|219.15
35995,452.8|571.1
35996,446.25|562.85
35997,208.05|482.45
35998,326.1|259.75
35999,350.5|500.15
36000,217.5|396.2
36001,552.45|246.1
36002,567.45|590.15
36003,356.45|336.95
36004,381.4|289.4
36005,349.55|345.05
36006,290.35|370.3
36007,287.35|247.95
36008,275.7|582.95
36009,335.7|375.0
36010,420.85|445.75
36011,449.75|377.4
36012,388.2|266.7
36013,589.1|275.95
36014,377.55|207.5
36015,470.85|458.85
36016,455.5|416.5
36017,567.55|259.65
36018,528.3|544.4
36019,280.7|446.9
36020,498.55|468.4
36021,260.5|285.15
36022,352.55|405.4
36023,352.45|251.45
36024,591.0|368.6
36025,518.65|279.1
36026,242.15|556.3
36027,256.8|225.7
36028,521.5|450.4
36029,263.6|406.25
36030,478.95|542.5
36031,492.95|307.9
36032,286.15|324.75
36033,550.85|531.1
36034,401.55|238.3
36035,385.2|267.8
36036,581.8|573.8
36037,442.35|556.75
36038,394.1|550.8
36039,230.0|406.4
36040,206.35|492.4
36041,488.3|497.2
36042,537.25|297.7
36043,464.0|459.4
36044,566.55|467.3
36045,254.15|261.8
36046,275.5|290.8
36047,525.3|422.65
36048,365.25|515.6
36049,213.9|584.55
36050,245.6|388.1
36051,374.35|420.4
36052,556.3|383.3
36053,233.1|364.95
36054,405.0|509.6
36055,566.75|413.45
36056,271.5|413.55
36057,588.9|484.05
36058,537.3|341.3
36059,277.8|270.15
36060,342.85|379.55
36061,410.0|441.55
36062,582.75|355.75
36063,278.75|323.7
36064,238.0|214.1
36065,391.05|459.2
36066,577.7|224.1
36067,569.65|459.3
36068,364.85|535.35
36069,288.3|347.7
36070,212.1|315.75
36071,527.15|421.1
36072,279.7|299.0
36073,207.7|230.05
36074,592.25|215.4
36075,212.65|583.1
36076,409.05|575.3
36077,215.0|409.55
36078,415.25|374.1
36079,394.5|482.85
36080,476.25|457.35
36081,457.35|255.55
36082,268.6|401.85
36083,315.9|416.25
36084,440.25|329.05
36085,218.7|223.65
36086,239.2|471.05
36087,213.65|466.15
36088,532.75|508.55
36089,264.55|420.35
36090,430.95|224.3
36091,242.3|569.45
36092,244.0|442.5
36093,487.0|481.55
36094,374.4|263.85
36095,276.0|487.6
36096,449.2|385.0
36097,385.05|385.35
36098,249.35|424.05
36099,493.0|338.75
36100,536.0|377.25
36101,454.65|457.8
36102,382.65|362.95
36103,267.15|565.55
36104,339.65|467.15
36105,230.5|529.5
36106,229.75|477.15
36107,447.75|540.95
36108,251.0|324.6
36109,325.65|441.05
36110,545.7|462.45
36111,573.5|367.75
36112,468.65|307.75
36113,545.7|524.95
36114,456.35|428.45
36115,462.0|392.3
36116,464.05|324.25
36117,452.7|415.25
36118,564.35|509.15
36119,563.2|296.15
36120,353.55|521.4
36121,427.3|555.0
36122,390.05|341.0
36123,405.5|231.65
36124,345.95|242.4
36125,580.8|541.2
36126,345.7|294.25
36127,353.65|258.6
36128,219.5|301.4
36129,244.85|403.15
36130,215.55|489.4
36131,437.3|218.1
36132,548.35|264.95
36133,406.35|476.4
36134,216.25|491.15
36135,342.85|538.0
36136,413.15|322.7
36137,468.15|328.15
36138,440.15|488.35
36139,557.0|454.2
36140,519.3|534.85
36141,549.15|254.15
36142,592.05|555.85
36143,468.1|465.75
36144,347.65|562.9
36145,293.95|553.25
36146,406.1|374.9
36147,395.55|224.1
36148,413.8|246.5
36149,413.45|577.5
36150,448.85|518.85
36151,261.05|319.5
36152,213.2|277.25
36153,514.5|530.2
36154,562.3|425.15
36155,461.05|345.5
36156,565.2|275.25
36157,356.65|381.1
36158,318.75|382.9
36159,403.8|582.05
36160,373.4|498.7
36161,580.4|444.7
36162,346.05|542.0
36163,207.95|494.8
36164,505.3|421.95
36165,260.0|326.0
36166,572.4|543.45
36167,277.2|553.2
36168,443.2|587.45
36169,209.3|472.15
36170,459.5|588.7
36171,359.35|502.45
36172,210.85|235.9
36173,524.05|354.15
36174,208.9|280.2
36175,283.25|451.25
36176,400.2|479.6
36177,437.6|335.35
36178,206.0|486.35
36179,206.75|254.95
36180,437.3|264.95
36181,424.0|390.55
36182,356.65|545.8
36183,273.3|323.85
36184,558.85|519.6
36185,237.15|517.75
36186,478.55|519.15
36187,379.75|272.35
36188,415.0|455.45
36189,379.25|384.5
36190,293.75|567.0
36191,348.95|242.1
36192,556.6|496.55
36193,579.9|255.55
36194,438.9|406.1
36195,460.7|271.9
36196,439.25|459.9
36197,208.05|330.5
36198,564.0|576.15
36199,415.55|364.75
36200,388.9|233.5
36201,594.45|269.55
36202,393.35|255.95
36203,254.8|278.7
36204,502.55|449.45
36205,557.2|499.7
36206,207.0|370.05
36207,437.2|550.55
36208,566.1|350.9
36209,381.25|591.85
36210,594.5|423.75
36211,428.3|328.1
36212,238.9|444.85
36213,499.0|472.65
36214,386.8|484.0
36215,539.45|427.15
36216,447.6|448.4
36217,271.85|549.9
36218,583.35|488.9
36219,287.75|461.65
36220,410.0|528.15
36221,425.4|488.3
36222,357.8|408.85
36223,438.2|424.7
36224,559.5|263.9
36225,262.0|520.15
36226,521.6|459.5
36227,345.75|425.75
36228,221.75|497.05
36229,413.45|568.6
36230,237.65|233.25
36231,542.45|273.7
36232,407.3|346.15
36233,287.95|455.25
36234,350.05|261.45
36235,405.15|289.75
36236,447.9|586.8
36237,451.05|587.3
36238,267.75|404.1
36239,338.35|399.3
36240,403.55|475.0
36241,412.0|331.8
36242,466.4|434.0
36243,416.5|376.0
36244,369.3|462.75
36245,494.5|460.9
36246,297.4|409.2
36247,537.1|487.05
36248,426.9|220.9
36249,471.5|463.7
36250,545.3|540.6
36251,560.85|401.25
36252,366.75|593.2
36253,219.55|511.2
36254,557.75|479.7
36255,241.6|512.65
36256,243.9|367.65
36257,381.25|372.6
36258,215.8|384.7
36259,216.2|406.55
36260,344.95|266.9
36261,436.1|483.5
36262,457.0|303.2
36263,209.7|591.05
36264,253.45|473.95
36265,342.8|239.5
36266,411.9|498.55
36267,216.3|378.85
36268,463.2|321.55
36269,243.5|224.7
36270,542.15|580.85
36271,504.0|462.05
36272,432.2|530.25
36273,591.8|361.95
36274,421.7|376.85
36275,529.75|529.75
36276,254.6|354.55
36277,225.1|271.95
36278,279.15|398.95
36279,457.85|265.2
36280,440.65|436.5
36281,591.7|546.45
36282,458.95|457.25
36283,391.55|373.85
36284,402.1|291.55
36285,406.4|379.4
36286,395.75|473.6
36287,377.95|339.8
36288,241.6|424.35
36289,577.9|271.8
36290,533.85|249.3
36291,227.0|591.7
36292,460.65|265.8
36293,369.65|345.05
36294,557.75|306.9
36295,465.75|417.0
36296,465.8|243.1
36297,291.1|415.55
36298,577.8|211.4
36299,468.05|505.95
36300,245.5|538.25
36301,258.85|262.45
36302,410.1|309.45
36303,421.15|254.9
36304,368.65|497.7
36305,276.85|587.95
36306,412.7|560.15
36307,270.4|588.35
36308,282.2|373.05
36309,351.95|555.3
36310,285.75|565.6
36311,491.85|307.95
36312,362.9|331.4
36313,241.1|465.6
36314,573.35|557.8
36315,354.85|226.55
36316,548.9|440.3
36317,494.6|435.15
36318,323.25|357.15
36319,489.25|222.8
36320,220.9|398.4
36321,352.05|222.45
36322,324.5|371.75
36323,585.35|475.05
36324,369.7|580.1
36325,269.55|490.75
36326,217.75|383.25
36327,579.85|571.3
36328,264.3|571.85
36329,400.95|212.5
36330,582.75|394.55
36331,526.55|224.55
36332,221.35|341.55
36333,295.55|397.05
36334,454.9|434.1
36335,451.75|337.05
36336,279.5|338.45
36337,462.3|469.05
36338,360.4|373.35
36339,340.2|250.8
36340,358.25|362.0
36341,424.0|366.15
36342,579.7|495.2
36343,223.5|399.4
36344,526.25|446.2
36345,208.7|451.1
36346,214.2|304.3
36347,334.55|511.4
36348,472.95|328.55
36349,562.5|591.95
36350,274.35|339.6
36351,292.5|564.1
36352,363.35|519.8
36353,549.25|519.3
36354,584.1|580.2
36355,379.75|268.2
36356,274.95|542.65
36357,576.05|589.75
36358,235.85|273.4
36359,563.4|563.3
36360,557.7|281.7
36361,243.95|247.1
36362,526.5|544.65
36363,521.4|531.9
36364,456.4|470.05
36365,412.45|279.05
36366,524.9|520.4
36367,411.15|216.4
36368,375.3|273.6
36369,592.2|363.6
36370,553.5|318.1
36371,283.0|336.0
36372,569.8|265.25
36373,240.7|262.55
36374,532.9|522.9
36375,281.15|578.85
36376,263.5|400.95
36377,590.7|355.75
36378,554.3|287.2
36379,451.2|508.2
36380,563.8|234.3
36381,346.65|277.2
36382,446.8|333.55
36383,460.7|377.65
36384,243.35|574.1
36385,311.8|412.7
36386,414.85|483.0
36387,209.9|584.55
36388,590.6|562.45
36389,572.85|271.4
36390,401.3|475.95
36391,368.25|212.7
36392,593.55|392.05
36393,429.5|450.2
36394,562.45|561.3
36395,567.55|256.0
36396,206.85|489.95
36397,409.9|556.25
36398,251.2|270.55
36399,267.95|575.0
36400,401.6|559.15
36401,593.4|364.7
36402,250.45|575.15
36403,375.0|369.15
36404,370.15|353.3
36405,468.5|274.25
36406,576.15|226.75
36407,562.8|286.1
36408,570.4|469.8
36409,280.85|589.05
36410,485.15|350.9
36411,265.15|491.35
36412,392.0|270.15
36413,365.8|313.45
36414,534.85|579.8
36415,467.1|276.75
36416,450.8|264.25
36417,273.65|589.55
36418,426.45|335.3
36419,411.6|398.3
36420,220.95|476.7
36421,591.65|414.0
36422,401.25|355.9
36423,392.35|482.55
36424,464.75|292.4
36425,578.7|240.0
36426,219.55|461.65
36427,499.35|351.55
36428,246.2|510.75
36429,586.55|363.85
36430,216.5|301.65
36431,404.05|358.3
36432,474.35|329.8
36433,528.45|491.6
36434,282.8|533.05
36435,480.45|329.8
36436,354.45|575.7
36437,297.35|498.25
36438,251.15|352.25
36439,435.05|266.6
36440,391.25|279.1
36441,410.8|535.7
36442,531.2|464.2
36443,365.9|573.9
36444,345.2|522.8
36445,229.1|410.1
36446,534.95|463.65
36447,451.35|224.75
36448,462.3|568.35
36449,463.3|290.85
36450,457.15|232.9
36451,380.35|582.6
36452,234.5|445.25
36453,592.35|559.8
36454,210.35|403.7
36455,468.05|279.95
36456,231.7|590.35
36457,329.9|322.35
36458,219.75|248.25
36459,383.55|493.35
36460,349.7|245.15
36461,372.75|260.6
36462,439.5|451.75
36463,477.95|492.1
36464,434.2|552.1
36465,415.15|210.6
36466,350.65|402.85
36467,242.65|549.25
36468,446.75|306.1
36469,262.9|279.55
36470,353.75|482.05
36471,445.6|466.9
36472,430.35|215.05
36473,592.75|294.7
36474,452.85|565.85
36475,513.55|376.85
36476,425.7|252.05
36477,369.25|326.35
36478,247.1|451.05
36479,268.05|233.9
36480,371.6|279.85
36481,208.95|576.85
36482,577.7|238.75
36483,288.95|520.35
36484,212.05|478.15
36485,321.2|378.15
36486,467.85|417.7
36487,339.9|227.35
36488,590.15|421.0
36489,438.1|585.95
36490,214.95|264.05
36491,584.2|528.55
36492,579.8|358.5
36493,425.6|464.6
36494,237.9|595.3
36495,546.25|571.4
36496,514.05|508.35
36497,519.9|543.35
36498,455.15|391.75
36499,577.0|384.15
36500,217.2|406.85
36501,238.45|251.15
36502,467.3|247.9
36503,219.35|401.8
36504,292.2|503.95
36505,211.55|304.9
36506,406.15|432.45
36507,253.55|591.95
36508,322.3|255.65
36509,226.15|419.95
36510,440.15|465.9
36511,459.85|438.55
36512,432.35|484.9
36513,368.35|278.25
36514,241.05|300.25
36515,551.6|258.3
36516,260.55|503.6
36517,260.6|552.75
36518,218.65|563.7
36519,428.25|248.05
36520,235.75|538.95
36521,355.5|315.4
36522,394.4|276.5
36523,224.1|223.8
36524,236.75|514.2
36525,207.1|511.55
36526,399.1|485.9
36527,463.45|391.65
36528,433.2|381.15
36529,453.35|389.65
36530,499.35|345.75
36531,289.0|391.0
36532,544.45|587.35
36533,246.9|427.75
36534,377.45|372.05
36535,528.95|515.7
36536,215.6|387.65
36537,332.55|417.55
36538,225.3|590.45
36539,400.85|498.6
36540,268.35|422.55
36541,413.2|591.1
36542,521.6|545.8
36543,341.2|512.9
36544,582.1|474.1
36545,213.65|289.45
36546,347.5|455.8
36547,266.1|576.0
36548,375.6|376.85
36549,585.65|433.0
36550,516.4|529.35
36551,363.2|397.05
36552,524.0|462.9
36553,208.3|513.0
36554,544.05|548.5
36555,247.55|356.1
36556,396.15|358.8
36557,528.2|433.25
36558,210.45|343.6
36559,220.4|416.2
36560,366.45|404.35
36561,340.85|218.45
36562,466.9|344.6
36563,437.8|223.8
36564,429.55|225.1
36565,468.7|292.85
36566,293.0|331.95
36567,400.95|497.7
36568,363.45|210.8
36569,256.1|414.5
36570,358.45|210.6
36571,540.75|511.8
36572,320.95|356.25
36573,437.65|478.7
36574,346.75|539.1
36575,335.25|389.75
36576,339.65|578.95
36577,226.7|272.45
36578,312.9|402.1
36579,413.65|344.6
36580,585.55|307.0
36581,579.9|287.7
36582,278.5|541.35
36583,469.65|351.65
36584,548.25|304.9
36585,586.85|278.25
36586,594.95|509.35
36587,421.55|406.1
36588,370.75|588.7
36589,577.55|390.45
36590,413.9|418.05
36591,565.05|293.7
36592,371.05|569.35
36593,575.2|421.7
36594,367.9|226.65
36595,343.6|324.0
36596,423.15|406.15
36597,587.25|466.4
36598,426.25|352.3
36599,340.05|335.05
36600,285.35|480.2
36601,253.8|292.85
36602,372.15|591.2
36603,584.3|488.6
36604,251.5|232.0
36605,251.6|222.4
36606,237.45|428.25
36607,288.8|398.0
36608,376.3|269.35
36609,433.75|517.8
36610,374.95|478.5
36611,515.05|552.65
36612,566.45|516.15
36613,457.0|381.65
36614,468.95|230.25
36615,470.1|295.15
36616,455.95|584.45
36617,560.8|220.15
36618,436.1|521.05
36619,418.7|299.95
36620,583.25|287.2
36621,386.05|404.75
36622,364.95|212.2
36623,267.05|492.4
36624,402.35|373.45
36625,488.15|464.6
36626,410.6|573.65
36627,561.9|435.85
36628,252.25|296.3
36629,569.6|285.1
36630,282.1|578.4
36631,447.8|252.05
36632,326.85|378.05
36633,232.0|581.6
36634,363.45|452.65
36635,222.15|299.95
36636,334.5|445.95
36637,407.45|390.65
36638,544.9|271.1
36639,540.3|475.7
36640,592.7|478.45
36641,237.3|434.35
36642,577.5|317.55
36643,265.15|408.05
36644,373.85|344.45
36645,397.0|327.7
36646,480.3|342.95
36647,339.7|407.75
36648,409.7|255.0
36649,574.6|217.25
36650,378.9|393.0
36651,445.7|220.45
36652,242.6|359.25
36653,378.2|344.35
36654,224.0|365.6
36655,578.4|520.5
36656,437.5|376.5
36657,237.1|474.25
36658,411.4|242.1
36659,255.9|349.6
36660,229.75|218.3
36661,247.0|443.85
36662,384.1|416.15
36663,271.3|279.3
36664,504.45|531.25
36665,209.9|275.95
36666,207.4|477.55
36667,280.15|386.25
36668,473.45|347.5
36669,232.9|443.2
36670,322.4|414.4
36671,422.05|303.9
36672,320.9|385.0
36673,590.95|359.7
36674,571.85|534.9
36675,225.9|226.65
36676,386.3|234.8
36677,370.1|218.7
36678,584.55|468.05
36679,263.4|591.9
36680,286.85|373.4
36681,525.9|234.9
36682,226.4|593.5
36683,485.5|341.7
36684,449.4|593.05
36685,344.35|215.7
36686,338.75|569.05
36687,585.1|270.6
36688,268.05|530.15
36689,585.65|509.7
36690,337.95|282.8
36691,477.15|484.6
36692,327.5|502.75
36693,567.35|278.75
36694,215.6|502.2
36695,229.45|572.85
36696,342.5|231.85
36697,570.9|317.3
36698,455.65|209.85
36699,242.2|272.1
36700,321.85|397.55
36701,459.65|456.5
36702,286.45|439.85
36703,478.1|468.75
36704,289.9|366.4
36705,397.5|365.15
36706,290.3|410.85
36707,482.3|354.0
36708,412.85|259.0
36709,231.8|275.65
36710,285.45|404.25
36711,354.25|447.35
36712,239.65|295.8
36713,235.75|392.6
36714,459.55|431.75
36715,437.1|377.75
36716,375.5|249.7
36717,413.65|495.85
36718,419.25|359.45
36719,576.25|379.15
36720,273.1|382.75
36721,272.1|363.75
36722,354.8|441.95
36723,553.4|588.1
36724,577.85|328.5
36725,501.1|355.3
36726,403.6|263.7
36727,592.3|358.05
36728,411.2|440.0
36729,213.1|512.4
36730,249.75|252.45
36731,373.45|396.25
36732,366.35|331.05
36733,274.6|231.1
36734,386.35|497.3
36735,356.3|264.05
36736,403.2|485.25
36737,268.55|285.05
36738,480.3|226.95
36739,408.05|482.05
36740,373.6|568.25
36741,449.95|273.45
36742,578.15|244.55
36743,245.7|519.65
36744,262.35|434.45
36745,542.75|367.4
36746,476.5|248.6
36747,330.45|433.35
36748,549.7|508.95
36749,494.85|487.65
36750,257.75|571.05
36751,524.45|407.35
36752,585.45|415.8
36753,345.15|331.25
36754,368.2|284.05
36755,294.65|344.05
36756,345.5|392.4
36757,274.5|390.8
36758,579.05|375.7
36759,425.15|433.75
36760,389.8|573.3
36761,378.2|454.7
36762,224.15|430.85
36763,336.0|529.75
36764,382.4|365.7
36765,415.65|263.1
36766,380.0|297.25
36767,384.45|435.05
36768,560.7|402.45
36769,585.35|403.7
36770,357.85|336.9
36771,554.3|557.5
36772,275.15|282.0
36773,358.55|337.8
36774,355.0|325.85
36775,577.15|541.3
36776,448.35|482.4
36777,382.8|533.55
36778,590.8|426.9
36779,516.6|451.5
36780,515.15|503.8
36781,572.1|519.75
36782,426.8|337.85
36783,570.2|380.8
36784,464.85|261.05
36785,210.3|480.85
36786,258.0|228.85
36787,467.7|345.65
36788,257.75|581.2
36789,417.5|595.7
36790,552.8|437.6
36791,419.3|363.3
36792,285.35|403.9
36793,572.4|587.25
36794,363.7|375.75
36795,261.65|278.75
36796,552.35|530.45
36797,424.1|213.25
36798,356.5|556.7
36799,462.85|564.95
36800,460.45|461.3
36801,549.95|339.75
36802,343.05|220.7
36803,405.8|573.25
36804,245.4|257.25
36805,505.35|492.1
36806,436.45|536.8
36807,410.75|389.0
36808,468.5|450.25
36809,218.55|474.4
36810,559.75|410.5
36811,386.35|226.95
36812,531.15|560.3
36813,368.05|294.3
36814,397.1|330.2
36815,591.3|475.2
36816,267.0|286.2
36817,443.85|546.0
36818,347.25|557.25
36819,590.55|414.5
36820,399.6|426.8
36821,460.05|342.5
36822,232.6|445.55
36823,406.25|346.4
36824,279.0|376.6
36825,399.6|220.25
36826,552.75|221.35
36827,467.35|311.55
36828,261.05|226.25
36829,215.9|587.15
36830,392.55|246.5
36831,348.3|322.35
36832,228.0|433.6
36833,567.6|453.8
36834,446.1|465.85
36835,562.8|572.0
36836,417.0|414.95
36837,372.1|489.65
36838,572.2|269.65
36839,450.35|317.4
36840,243.15|315.8
36841,539.3|432.95
36842,223.65|584.0
36843,305.3|342.7
36844,252.55|451.95
36845,395.15|453.05
36846,347.6|508.6
36847,282.7|560.95
36848,417.05|284.7
36849,260.15|257.45
36850,376.7|227.9
36851,418.1|264.25
36852,525.15|440.35
36853,333.3|266.35
36854,412.7|231.55
36855,421.8|528.2
36856,241.45|429.55
36857,276.45|405.0
36858,371.75|519.35
36859,279.8|420.4
36860,417.3|473.4
36861,382.95|239.4
36862,357.7|207.7
36863,261.9|353.55
36864,464.95|536.35
36865,218.45|255.35
36866,212.1|571.6
36867,338.25|283.85
36868,591.15|273.85
36869,392.45|306.9
36870,433.9|451.35
36871,334.3|397.8
36872,357.9|385.25
36873,544.65|253.0
36874,401.9|223.15
36875,383.95|458.35
36876,559.1|582.15
36877,557.75|433.05
36878,209.65|482.15
36879,544.85|586.5
36880,290.15|432.65
36881,255.5|567.05
36882,419.4|368.15
36883,546.15|555.2
36884,452.7|586.1
36885,468.75|371.75
36886,435.85|589.95
36887,271.25|412.55
36888,225.2|590.1
36889,468.5|307.35
36890,478.8|274.6
36891,215.9|583.85
36892,415.45|475.15
36893,554.1|236.45
36894,468.7|489.8
36895,211.9|224.9
36896,290.45|386.25
36897,210.8|518.45
36898,529.75|550.15
36899,339.1|219.85
36900,472.1|288.4
36901,407.15|226.25
36902,245.05|560.7
36903,560.45|402.05
36904,591.95|359.45
36905,441.5|311.8
36906,316.0|350.45
36907,417.4|221.1
36908,343.7|278.5
36909,465.2|381.85
36910,253.0|227.4
36911,444.0|440.4
36912,229.55|446.05
36913,254.05|495.1
36914,360.15|448.45
36915,282.15|477.75
36916,520.3|521.15
36917,388.85|242.1
36918,385.7|330.2
36919,363.85|246.0
36920,360.05|341.15
36921,405.8|220.6
36922,571.95|238.3
36923,245.8|484.35
36924,451.4|563.6
36925,530.25|298.3
36926,282.7|396.8
36927,471.95|412.15
36928,265.3|307.8
36929,463.4|410.15
36930,415.0|470.75
36931,460.45|264.45
36932,534.35|579.25
36933,540.85|555.0
36934,521.95|466.85
36935,289.0|502.5
36936,275.15|265.7
36937,587.8|519.9
36938,326.8|441.2
36939,405.35|354.7
36940,294.95|380.8
36941,427.25|391.05
36942,347.1|591.45
36943,385.05|445.35
36944,385.05|375.9
36945,566.5|485.55
36946,396.5|445.85
36947,302.2|364.85
36948,223.65|494.1
36949,251.85|380.2
36950,548.85|272.4
36951,426.1|549.4
36952,332.1|332.65
36953,442.4|590.85
36954,534.35|556.15
36955,342.6|251.45
36956,543.75|419.45
36957,355.85|295.65
36958,343.5|263.3
36959,563.75|475.0
36960,574.1|455.5
36961,411.4|403.9
36962,354.35|274.1
36963,574.05|351.05
36964,247.95|432.55
36965,427.35|571.7
36966,558.4|236.4
36967,489.75|451.9
36968,571.75|560.7
36969,574.8|279.3
36970,218.15|243.35
36971,236.9|364.7
36972,451.8|463.1
36973,247.15|528.05
36974,208.75|331.3
36975,323.35|499.0
36976,357.95|444.05
36977,422.8|493.55
36978,231.6|515.35
36979,402.5|584.8
36980,529.65|389.35
36981,224.55|385.85
36982,586.05|304.4
36983,586.5|472.25
36984,532.15|436.75
36985,242.3|424.6
36986,213.0|467.85
36987,537.3|288.65
36988,319.4|397.2
36989,580.8|400.15
36990,359.6|452.15
36991,466.25|223.35
36992,404.95|563.25
36993,295.75|408.1
36994,515.6|452.4
36995,530.5|523.9
36996,449.35|266.55
36997,467.8|467.45
36998,242.7|544.6
36999,590.05|286.4
37000,294.8|332.2
37001,410.45|357.75
37002,372.35|521.05
37003,540.55|309.3
37004,243.4|539.25
37005,527.2|291.55
37006,390.15|580.55
37007,404.0|388.45
37008,543.0|324.55
37009,352.4|549.55
37010,379.25|355.2
37011,218.85|580.9
37012,282.4|456.75
37013,272.1|284.55
37014,434.75|316.95
37015,281.05|379.55
37016,450.1|583.35
37017,443.85|239.35
37018,437.4|230.25
37019,475.85|502.1
37020,460.55|559.35
37021,207.45|587.15
37022,514.5|443.85
37023,350.4|513.7
37024,469.55|341.3
37025,492.8|351.4
37026,237.8|545.0
37027,407.35|334.6
37028,448.05|492.9
37029,577.75|550.0
37030,361.0|236.0
37031,585.5|566.6
37032,589.5|346.95
37033,435.2|390.1
37034,552.65|433.7
37035,587.1|424.45
37036,476.85|367.95
37037,421.0|414.3
37038,392.35|462.0
37039,386.25|580.35
37040,523.2|370.7
37041,323.25|409.85
37042,529.2|436.95
37043,462.2|285.95
37044,567.75|569.7
37045,376.5|336.65
37046,431.35|244.05
37047,210.0|529.5
37048,451.0|442.85
37049,468.3|329.05
37050,583.7|560.15
37051,418.15|517.7
37052,257.65|228.7
37053,394.6|553.1
37054,524.25|542.3
37055,336.1|368.5
37056,545.15|522.5
37057,338.1|356.55
37058,286.95|381.3
37059,419.2|387.8
37060,358.1|544.0
37061,553.65|383.1
37062,535.8|537.65
37063,583.5|340.5
37064,529.65|494.0
37065,240.7|230.75
37066,555.0|290.7
37067,533.25|422.3
37068,296.05|314.45
37069,211.85|352.75
37070,590.0|481.9
37071,233.1|588.85
37072,442.7|590.2
37073,588.2|467.8
37074,439.7|525.9
37075,349.95|505.8
37076,216.35|393.8
37077,289.15|303.2
37078,277.5|449.75
37079,421.1|220.1
37080,372.3|281.45
37081,587.45|216.3
37082,463.5|394.45
37083,562.45|451.15
37084,475.7|449.65
37085,270.35|460.3
37086,568.95|257.85
37087,317.75|428.7
37088,462.35|520.55
37089,253.45|494.9
37090,479.5|483.9
37091,463.85|568.8
37092,263.45|431.2
37093,556.4|265.35
37094,528.15|569.7
37095,536.05|246.25
37096,299.45|356.85
37097,470.35|318.25
37098,430.65|322.75
37099,550.1|243.8
37100,419.3|426.85
37101,530.9|526.35
37102,387.1|445.0
37103,592.3|271.7
37104,360.45|489.85
37105,260.35|488.1
37106,282.9|344.95
37107,398.75|305.3
37108,472.1|492.3
37109,564.1|421.55
37110,243.0|283.4
37111,537.2|490.55
37112,280.85|542.2
37113,417.45|501.8
37114,388.15|241.75
37115,379.15|333.05
37116,537.35|282.45
37117,365.1|391.25
37118,451.2|539.15
37119,522.7|230.7
37120,585.2|287.5
37121,396.75|313.05
37122,497.7|488.55
37123,404.65|584.5
37124,285.5|297.9
37125,408.35|535.85
37126,583.3|228.65
37127,290.3|552.1
37128,556.65|553.3
37129,480.3|327.65
37130,350.5|330.45
37131,489.95|231.35
37132,346.0|305.15
37133,455.1|322.85
37134,300.5|422.95
37135,254.6|429.4
37136,589.65|353.65
37137,437.25|333.2
37138,222.15|440.95
37139,423.15|581.5
37140,405.65|249.05
37141,450.0|244.4
37142,214.6|395.05
37143,593.25|564.6
37144,321.15|349.1
37145,457.6|322.35
37146,246.4|362.7
37147,482.4|256.05
37148,417.35|308.4
37149,426.6|508.75
37150,511.2|489.6
37151,238.65|562.95
37152,246.8|461.45
37153,592.35|489.85
37154,566.2|461.7
37155,431.6|249.1
37156,318.35|495.5
37157,258.75|335.9
37158,470.3|439.75
37159,357.6|337.4
37160,267.65|555.45
37161,489.45|219.8
37162,492.95|371.1
37163,285.6|406.2
37164,575.3|223.65
37165,239.35|219.1
37166,238.05|241.5
37167,534.3|539.3
37168,437.95|226.8
37169,278.9|426.65
37170,241.1|385.2
37171,586.5|340.15
37172,460.35|562.7
37173,223.4|409.2
37174,572.8|336.0
37175,406.3|296.35
37176,552.0|335.05
37177,393.8|363.4
37178,550.7|493.8
37179,576.95|393.25
37180,544.45|456.7
37181,388.05|385.35
37182,528.15|443.6
37183,235.45|325.55
37184,450.65|209.35
37185,494.95|453.5
37186,414.0|464.35
37187,372.55|579.05
37188,538.9|459.25
37189,342.9|380.05
37190,396.3|351.8
37191,227.5|365.25
37192,218.8|325.3
37193,450.25|454.05
37194,565.9|453.1
37195,476.8|334.65
37196,416.65|243.6
37197,285.75|286.45
37198,424.3|207.1
37199,459.85|585.7
37200,227.35|426.1
37201,580.2|551.3
37202,248.8|355.9
37203,584.3|559.0
37204,356.75|429.55
37205,248.0|395.3
37206,436.9|550.35
37207,268.95|396.65
37208,456.2|346.05
37209,536.8|585.2
37210,462.5|385.3
37211,271.45|500.4
37212,456.1|258.65
37213,366.5|285.55
37214,448.45|314.5
37215,219.95|317.8
37216,232.6|458.35
37217,287.9|539.15
37218,355.95|277.35
37219,393.25|285.85
37220,369.7|279.45
37221,396.4|375.0
37222,363.8|393.85
37223,521.7|418.5
37224,207.9|387.75
37225,210.15|510.1
37226,257.1|288.0
37227,363.25|540.0
37228,588.0|505.8
37229,276.65|271.2
37230,385.1|359.1
37231,443.55|230.65
37232,368.9|564.45
37233,519.95|455.3
37234,259.35|562.6
37235,352.1|264.75
37236,473.7|437.4
37237,470.05|330.0
37238,558.4|410.05
37239,471.6|266.65
37240,352.1|544.3
37241,227.65|542.75
37242,292.9|317.55
37243,404.2|354.4
37244,592.2|524.85
37245,271.35|341.0
37246,477.7|358.0
37247,349.85|515.0
37248,404.2|342.0
37249,234.8|411.45
37250,234.05|448.95
37251,247.9|497.6
37252,255.9|509.05
37253,256.9|427.15
37254,237.35|400.15
37255,473.05|236.65
37256,427.4|491.6
37257,409.05|526.35
37258,264.15|579.55
37259,280.7|407.1
37260,252.9|569.75
37261,389.5|591.1
37262,462.0|233.75
37263,589.65|368.85
37264,406.75|297.5
37265,406.85|385.0
37266,258.8|581.35
37267,238.95|505.45
37268,575.95|469.2
37269,340.1|217.6
37270,392.8|548.1
37271,372.5|579.45
37272,225.2|348.2
37273,571.4|518.95
37274,354.95|580.65
37275,514.45|497.75
37276,424.85|591.45
37277,474.7|339.75
37278,552.95|433.1
37279,434.8|380.2
37280,582.4|489.05
37281,377.25|566.35
37282,327.65|510.2
37283,321.75|396.45
37284,231.2|480.8
37285,448.05|250.0
37286,221.0|578.4
37287,275.1|508.3
37288,251.7|259.15
37289,472.85|567.8
37290,471.9|269.35
37291,435.15|390.5
37292,385.9|297.7
37293,256.05|237.75
37294,441.5|357.3
37295,389.3|584.45
37296,225.8|446.65
37297,434.7|346.4
37298,370.55|240.5
37299,468.5|219.25
37300,442.5|432.35
37301,274.0|579.95
37302,240.1|582.05
37303,229.25|252.15
37304,351.7|560.4
37305,395.3|325.35
37306,531.85|433.45
37307,395.85|480.35
37308,526.2|519.2
37309,541.85|484.2
37310,288.65|387.7
37311,387.45|283.55
37312,458.9|381.15
37313,564.45|544.85
37314,221.05|515.2
37315,548.5|523.2
37316,347.0|483.15
37317,418.95|456.65
37318,576.75|535.0
37319,284.7|585.65
37320,520.35|312.95
37321,457.9|371.45
37322,439.95|554.4
37323,341.2|356.25
37324,327.8|298.7
37325,481.8|416.4
37326,232.65|540.25
37327,242.15|219.65
37328,577.65|515.8
37329,257.7|369.3
37330,212.65|492.45
37331,365.55|248.3
37332,314.75|330.45
37333,405.3|211.4
37334,210.7|567.65
37335,412.3|421.95
37336,375.95|587.2
37337,589.25|484.05
37338,231.95|401.0
37339,369.95|436.4
37340,338.25|322.95
37341,388.4|280.1
37342,264.4|264.25
37343,252.9|265.15
37344,581.95|582.0
37345,521.05|516.25
37346,460.0|258.75
37347,358.85|247.15
37348,340.15|355.25
37349,406.85|365.85
37350,276.95|411.95
37351,410.95|503.1
37352,282.7|535.5
37353,544.05|525.25
37354,265.55|418.9
37355,564.45|587.65
37356,583.95|347.35
37357,434.8|518.1
37358,342.15|405.7
37359,388.5|300.35
37360,273.1|580.0
37361,527.6|423.0
37362,399.95|543.7
37363,558.55|438.45
37364,424.45|222.2
37365,231.8|210.85
37366,215.55|467.8
37367,243.7|427.05
37368,518.95|420.1
37369,572.65|258.4
37370,256.4|475.15
37371,278.3|589.25
37372,586.75|402.1
37373,357.6|347.95
37374,210.7|514.05
37375,407.75|366.7
37376,261.3|291.0
37377,550.05|436.2
37378,372.55|452.8
37379,433.15|318.45
37380,217.05|460.15
37381,426.2|222.0
37382,436.05|454.4
37383,268.5|375.55
37384,210.55|539.05
37385,371.1|505.3
37386,508.95|506.2
37387,205.2|517.05
37388,234.25|221.7
37389,405.9|299.75
37390,419.0|476.75
37391,584.6|506.6
37392,249.55|534.85
37393,236.35|414.75
37394,258.55|536.15
37395,453.8|414.5
37396,250.75|499.1
37397,401.45|473.05
37398,343.8|546.65
37399,392.55|269.3
37400,532.75|277.25
37401,258.0|253.05
37402,282.05|369.85
37403,443.75|580.35
37404,230.25|542.75
37405,349.05|231.9
37406,362.2|224.1
37407,450.9|404.1
37408,393.75|590.4
37409,371.75|477.15
37410,350.75|440.5
37411,331.8|539.6
37412,212.45|239.1
37413,399.95|497.75
37414,367.6|259.65
37415,397.7|367.65
37416,327.6|538.6
37417,497.5|329.75
37418,245.25|373.1
37419,532.05|555.0
37420,353.5|257.45
37421,545.6|557.55
37422,245.85|582.7
37423,276.05|236.3
37424,211.05|526.6
37425,238.05|288.7
37426,485.4|275.05
37427,271.35|226.75
37428,292.25|315.55
37429,407.8|508.3
37430,451.0|589.25
37431,281.1|301.35
37432,343.25|233.8
37433,372.8|468.05
37434,519.55|363.65
37435,487.45|346.8
37436,215.8|483.65
37437,258.8|313.35
37438,590.9|356.1
37439,579.35|496.7
37440,390.55|386.55
37441,409.35|585.2
37442,274.05|587.0
37443,411.3|511.7
37444,411.35|535.45
37445,404.05|332.65
37446,561.4|464.4
37447,343.0|455.3
37448,472.3|456.35
37449,523.6|487.75
37450,225.9|533.1
37451,441.85|575.3
37452,233.4|382.35
37453,398.7|529.55
37454,235.5|227.1
37455,330.25|385.3
37456,451.75|309.9
37457,244.55|378.0
37458,445.05|347.7
37459,589.65|583.65
37460,571.4|306.25
37461,384.9|287.6
37462,522.85|486.95
37463,209.85|321.4
37464,242.5|482.6
37465,472.2|318.0
37466,272.65|591.95
37467,529.25|400.5
37468,283.35|400.35
37469,408.2|408.6
37470,486.55|516.4
37471,373.75|238.1
37472,335.9|556.85
37473,507.25|498.25
37474,558.25|524.85
37475,382.35|588.85
37476,445.9|511.2
37477,338.3|222.15
37478,575.3|504.55
37479,550.35|517.15
37480,529.2|543.6
37481,351.85|238.45
37482,299.85|320.1
37483,559.4|457.75
37484,542.15|563.4
37485,413.8|353.5
37486,401.95|562.95
37487,242.25|485.8
37488,270.85|594.15
37489,206.65|464.5
37490,589.05|489.85
37491,321.65|409.05
37492,591.0|242.05
37493,419.35|360.15
37494,340.8|476.35
37495,209.4|577.35
37496,460.9|269.0
37497,419.7|374.05
37498,459.35|464.75
37499,312.05|320.5
37500,458.95|427.7
37501,216.45|314.7
37502,584.85|507.3
37503,460.45|513.7
37504,453.65|552.05
37505,367.7|418.65
37506,245.8|592.85
37507,247.5|362.65
37508,571.3|473.05
37509,282.25|289.1
37510,266.85|345.6
37511,578.05|225.8
37512,471.35|436.25
37513,423.75|239.65
37514,222.75|428.15
37515,579.7|505.75
37516,287.65|452.85
37517,352.15|451.65
37518,295.55|424.3
37519,441.25|295.6
37520,383.2|401.85
37521,251.65|494.15
37522,584.3|224.15
37523,465.2|248.65
37524,216.15|247.75
37525,412.85|414.05
37526,544.9|326.6
37527,360.25|368.5
37528,354.45|330.25
37529,418.7|246.6
37530,262.8|318.35
37531,525.1|532.85
37532,418.25|442.6
37533,536.25|493.95
37534,537.8|430.8
37535,228.0|379.4
37536,540.05|558.6
37537,250.2|572.8
37538,387.8|290.2
37539,241.4|285.15
37540,463.4|364.1
37541,275.1|367.3
37542,388.0|497.6
37543,242.9|382.3
37544,539.8|276.45
37545,266.45|227.05
37546,410.25|366.15
37547,234.0|323.8
37548,515.65|501.95
37549,231.75|474.5
37550,220.35|367.55
37551,407.95|468.15
37552,380.2|518.25
37553,504.45|321.1
37554,294.2|395.35
37555,222.35|496.65
37556,567.05|221.55
37557,440.95|529.4
37558,294.9|424.45
37559,452.65|228.9
37560,269.15|336.05
37561,226.5|228.55
37562,219.6|298.05
37563,573.45|392.2
37564,525.85|223.35
37565,457.0|321.15
37566,589.6|212.85
37567,590.85|298.8
37568,328.9|481.8
37569,366.85|250.4
37570,377.05|422.4
37571,264.45|272.1
37572,515.75|347.8
37573,460.7|504.9
37574,413.9|517.9
37575,550.15|487.05
37576,378.3|236.2
37577,397.7|233.4
37578,456.65|535.95
37579,564.75|331.75
37580,255.4|221.95
37581,560.75|409.0
37582,405.2|518.6
37583,420.75|405.65
37584,266.3|286.4
37585,427.2|325.65
37586,576.45|480.35
37587,229.8|251.3
37588,437.8|539.4
37589,534.7|287.85
37590,572.0|224.7
37591,259.65|575.9
37592,550.35|526.65
37593,453.15|229.3
37594,555.75|273.85
37595,233.5|544.05
37596,417.5|452.6
37597,436.85|260.7
37598,450.65|256.35
37599,558.95|237.05
37600,361.65|346.45
37601,465.6|457.3
37602,300.9|361.1
37603,564.75|447.45
37604,409.65|537.2
37605,527.4|270.35
37606,529.8|349.3
37607,221.55|385.55
37608,369.75|205.45
37609,216.95|561.25
37610,593.1|392.85
37611,251.7|339.95
37612,543.15|407.7
37613,384.9|526.35
37614,439.8|400.35
37615,213.6|297.0
37616,472.85|223.8
37617,524.2|474.6
37618,425.1|242.8
37619,525.2|430.85
37620,217.4|569.6
37621,236.7|513.7
37622,473.15|313.55
37623,490.1|348.85
37624,556.0|463.35
37625,562.35|511.85
37626,353.75|595.3
37627,549.5|552.3
37628,208.7|571.1
37629,223.95|415.25
37630,575.3|417.95
37631,570.6|402.25
37632,579.45|320.9
37633,417.5|315.1
37634,580.2|514.0
37635,438.9|469.75
37636,218.35|282.5
37637,272.1|444.85
37638,464.1|229.7
37639,211.8|248.85
37640,474.1|221.85
37641,462.1|551.65
37642,425.5|579.75
37643,403.85|514.7
37644,460.65|328.9
37645,366.9|280.9
37646,227.3|582.5
37647,365.15|288.75
37648,572.45|535.55
37649,518.5|351.95
37650,558.25|591.45
37651,591.9|271.0
37652,474.1|305.15
37653,465.4|322.3
37654,514.25|500.95
37655,341.05|223.85
37656,483.8|489.9
37657,342.2|568.35
37658,209.05|486.45
37659,278.95|267.1
37660,571.3|289.45
37661,494.3|279.2
37662,468.25|354.1
37663,470.7|494.45
37664,557.8|271.0
37665,347.6|450.6
37666,355.3|463.75
37667,209.4|331.1
37668,542.5|357.6
37669,250.65|230.55
37670,268.55|434.45
37671,278.15|357.65
37672,572.55|255.1
37673,271.9|427.95
37674,472.05|323.6
37675,490.15|459.45
37676,276.35|537.9
37677,502.65|491.5
37678,269.75|425.4
37679,560.0|286.55
37680,286.95|453.6
37681,286.8|506.65
37682,447.6|431.4
37683,443.8|477.2
37684,593.85|263.0
37685,234.15|536.5
37686,585.25|505.1
37687,486.0|543.7
37688,228.25|547.7
37689,528.05|546.0
37690,528.0|532.45
37691,344.4|358.6
37692,592.9|511.95
37693,283.05|475.55
37694,342.7|381.3
37695,396.2|559.95
37696,380.4|224.95
37697,427.1|532.6
37698,526.2|435.9
37699,576.6|442.0
37700,542.5|231.05
37701,346.15|225.65
37702,488.75|334.85
37703,345.65|421.0
37704,294.65|325.9
37705,515.95|522.1
37706,481.5|333.2
37707,391.6|361.9
37708,443.5|228.6
37709,434.15|230.2
37710,209.05|581.35
37711,234.05|497.2
37712,426.25|227.0
37713,591.9|473.4
37714,451.6|398.8
37715,436.05|473.3
37716,440.95|569.8
37717,404.05|209.4
37718,338.8|234.5
37719,388.35|263.6
37720,255.2|575.7
37721,513.6|443.8
37722,281.35|337.45
37723,474.05|230.55
37724,588.3|424.6
37725,574.45|469.15
37726,353.8|429.5
37727,379.65|583.65
37728,522.15|359.9
37729,205.4|478.05
37730,574.5|524.3
37731,240.95|242.15
37732,347.55|330.0
37733,384.2|487.45
37734,217.3|495.15
37735,476.4|315.95
37736,450.35|346.8
37737,333.95|518.55
37738,254.55|436.0
37739,372.15|232.85
37740,224.8|471.55
37741,476.7|441.6
37742,271.65|537.85
37743,552.95|456.8
37744,235.25|580.05
37745,469.6|447.6
37746,345.2|334.25
37747,465.05|211.95
37748,576.25|217.2
37749,285.4|238.9
37750,341.2|387.0
37751,337.05|440.0
37752,326.0|453.1
37753,213.65|583.6
37754,411.75|438.9
37755,525.95|339.8
37756,369.3|221.45
37757,234.0|352.95
37758,321.55|387.05
37759,227.75|413.0
37760,558.0|518.9
37761,224.65|413.15
37762,584.45|500.95
37763,409.95|242.7
37764,275.2|342.6
37765,443.3|584.6
37766,384.1|561.15
37767,378.0|232.55
37768,483.9|482.5
37769,435.6|478.6
37770,422.75|237.15
37771,468.6|267.6
37772,342.55|401.5
37773,567.45|223.15
37774,551.0|247.3
37775,250.7|436.65
37776,444.8|587.95
37777,553.0|283.85
37778,396.0|218.0
37779,355.55|509.2
37780,570.75|290.7
37781,214.15|285.0
37782,361.45|349.15
37783,350.35|256.0
37784,222.1|504.05
37785,438.25|213.3
37786,411.45|511.7
37787,588.55|588.8
37788,228.15|216.8
37789,453.35|436.8
37790,251.0|370.3
37791,406.6|310.25
37792,414.65|260.75
37793,350.45|226.85
37794,398.1|207.9
37795,276.9|267.7
37796,204.35|463.8
37797,355.5|395.9
37798,578.65|481.8
37799,357.0|585.25
37800,399.6|502.9
37801,308.3|351.5
37802,328.4|432.05
37803,231.15|252.35
37804,254.6|269.45
37805,583.9|232.95
37806,582.15|506.65
37807,439.35|585.25
37808,321.05|421.65
37809,234.55|236.85
37810,226.6|491.35
37811,387.35|528.4
37812,592.15|289.15
37813,437.1|457.15
37814,346.6|232.2
37815,225.8|291.35
37816,443.85|438.1
37817,255.5|559.35
37818,453.4|570.05
37819,502.2|398.1
37820,335.65|553.15
37821,393.3|515.25
37822,291.5|485.65
37823,466.5|440.1
37824,232.5|592.9
37825,357.2|594.45
37826,447.2|355.95
37827,210.15|583.1
37828,546.4|483.55
37829,586.9|571.0
37830,541.55|579.35
37831,301.6|308.6
37832,467.55|490.55
37833,296.75|322.55
37834,272.65|551.45
37835,337.7|520.0
37836,413.7|534.45
37837,577.65|439.8
37838,464.45|391.6
37839,484.5|490.75
37840,581.9|591.65
37841,366.35|572.4
37842,218.05|531.5
37843,213.15|464.9
37844,339.65|594.9
37845,263.5|274.35
37846,215.7|500.5
37847,239.75|284.0
37848,222.45|473.4
37849,415.45|365.3
37850,258.3|590.4
37851,394.15|587.7
37852,361.5|372.55
37853,335.15|286.25
37854,533.65|339.05
37855,348.7|267.2
37856,506.75|488.1
37857,253.25|384.3
37858,229.35|286.6
37859,497.5|295.75
37860,433.2|304.3
37861,271.3|412.85
37862,452.05|555.8
37863,277.15|439.65
37864,250.7|553.1
37865,361.65|212.55
37866,285.55|295.4
37867,253.7|387.3
37868,561.55|505.7
37869,469.8|310.1
37870,280.2|501.0
37871,576.2|523.15
37872,218.25|438.6
37873,227.5|509.5
37874,535.55|415.55
37875,555.85|243.9
37876,251.8|565.75
37877,272.95|238.35
37878,506.95|459.4
37879,549.65|556.75
37880,407.0|386.55
37881,585.75|542.7
37882,540.3|548.4
37883,383.1|492.6
37884,421.8|246.6
37885,341.15|220.6
37886,479.6|263.7
37887,573.65|357.65
37888,449.25|209.1
37889,305.85|592.9
37890,369.45|489.45
37891,590.55|570.3
37892,559.55|231.5
37893,592.9|391.65
37894,260.3|319.65
37895,271.5|222.55
37896,350.2|461.2
37897,362.85|454.4
37898,379.1|451.2
37899,247.65|226.45
37900,422.65|292.8
37901,282.85|534.35
37902,364.2|314.15
37903,547.35|541.95
37904,340.9|547.15
37905,523.65|386.95
37906,427.85|558.6
37907,421.55|224.9
37908,431.0|496.4
37909,289.9|325.9
37910,323.25|423.65
37911,439.6|441.15
37912,571.85|413.8
37913,591.05|467.8
37914,530.15|544.7
37915,220.7|582.95
37916,380.75|343.55
37917,544.45|515.05
37918,395.1|482.0
37919,281.6|358.85
37920,241.1|438.85
37921,586.45|262.75
37922,380.6|360.0
37923,414.6|419.3
37924,411.0|309.8
37925,565.5|245.25
37926,336.7|223.5
37927,354.05|225.45
37928,210.6|522.05
37929,246.45|231.1
37930,392.45|302.4
37931,236.5|376.1
37932,221.5|286.45
37933,229.7|554.9
37934,474.35|288.55
37935,244.05|418.4
37936,510.15|515.7
37937,221.55|391.6
37938,541.25|579.95
37939,271.25|557.6
37940,573.45|453.6
37941,388.0|408.25
37942,227.65|385.4
37943,268.85|473.75
37944,477.45|464.7
37945,447.35|548.1
37946,375.6|494.95
37947,459.3|563.1
37948,435.9|321.8
37949,247.45|576.9
37950,463.15|267.6
37951,364.45|322.95
37952,571.4|248.7
37953,254.25|403.9
37954,397.4|351.1
37955,547.15|446.3
37956,589.55|439.0
37957,392.85|584.6
37958,588.1|212.0
37959,422.45|311.7
37960,449.85|248.75
37961,365.35|459.4
37962,586.65|475.7
37963,457.95|565.9
37964,583.3|365.85
37965,338.75|432.4
37966,582.25|258.75
37967,518.05|508.8
37968,422.1|487.75
37969,380.55|332.25
37970,393.2|569.85
37971,482.85|471.4
37972,287.6|504.2
37973,400.05|558.1
37974,276.1|426.5
37975,352.5|211.05
37976,350.65|592.35
37977,470.4|237.8
37978,271.6|440.95
37979,416.4|572.7
37980,275.1|572.25
37981,239.3|222.4
37982,319.7|348.7
37983,229.95|214.7
37984,432.3|370.75
37985,281.95|444.05
37986,557.7|335.85
37987,381.15|358.4
37988,500.75|235.8
37989,452.25|454.2
37990,553.15|261.7
37991,217.9|210.9
37992,385.3|206.6
37993,335.15|551.55
37994,538.5|431.7
37995,476.2|331.05
37996,345.55|430.85
37997,555.0|553.6
37998,384.45|567.55
37999,359.3|384.85
38000,233.85|545.05
38001,405.55|339.15
38002,250.6|544.0
38003,567.3|236.35
38004,470.7|282.95
38005,412.25|321.25
38006,420.6|488.95
38007,481.05|492.9
38008,463.8|447.6
38009,575.5|448.6
38010,395.6|402.55
38011,222.45|245.65
38012,437.2|552.6
38013,591.2|297.4
38014,472.25|285.95
38015,235.3|537.75
38016,386.15|501.5
38017,447.15|386.45
38018,552.5|532.55
38019,216.4|257.25
38020,427.8|307.85
38021,476.1|304.1
38022,579.25|589.4
38023,298.1|373.1
38024,412.3|343.95
38025,472.65|324.85
38026,523.2|577.2
38027,364.25|594.4
38028,440.4|348.7
38029,529.45|546.35
38030,472.45|461.5
38031,581.4|256.75
38032,228.85|497.1
38033,403.65|588.65
38034,247.7|561.5
38035,281.85|445.85
38036,558.9|298.7
38037,279.6|562.95
38038,416.6|406.5
38039,555.55|475.85
38040,543.7|322.05
38041,575.2|304.5
38042,452.1|325.7
38043,283.4|445.8
38044,252.25|379.9
38045,449.1|470.3
38046,400.1|365.55
38047,543.5|563.45
38048,343.35|464.8
38049,255.25|436.4
38050,404.05|367.2
38051,438.7|256.55
38052,295.85|583.35
38053,364.6|225.0
38054,342.55|591.35
38055,371.85|342.45
38056,351.2|563.8
38057,266.0|342.75
38058,272.15|283.2
38059,256.7|436.75
38060,368.7|594.65
38061,579.05|481.1
38062,335.1|333.65
38063,568.5|228.65
38064,342.5|561.3
38065,218.55|525.6
38066,404.05|478.5
38067,235.3|353.1
38068,246.85|273.6
38069,267.7|562.35
38070,585.95|362.0
38071,468.75|280.6
38072,215.05|253.9
38073,590.65|211.65
38074,576.05|307.9
38075,342.75|504.05
38076,457.8|252.0
38077,588.55|229.45
38078,541.25|400.45
38079,341.05|216.25
38080,419.55|223.7
38081,388.15|369.8
38082,400.5|323.25
38083,250.55|379.2
38084,236.7|370.45
38085,419.35|343.35
38086,536.9|350.7
38087,280.65|580.05
38088,355.3|287.5
38089,536.55|500.5
38090,436.5|455.95
38091,356.05|245.3
38092,356.5|284.05
38093,398.3|251.75
38094,444.9|210.75
38095,345.15|323.9
38096,267.65|475.85
38097,443.95|216.15
38098,267.85|388.8
38099,233.75|453.55
38100,579.0|263.65
38101,549.85|290.5
38102,438.95|397.75
38103,424.65|457.5
38104,408.95|545.85
38105,528.5|445.6
38106,286.15|547.85
38107,276.15|229.15
38108,344.65|568.2
38109,389.45|509.6
38110,441.45|538.55
38111,219.05|432.8
38112,512.1|514.8
38113,237.0|573.7
38114,461.5|386.4
38115,584.85|386.15
38116,476.4|533.05
38117,252.3|314.95
38118,575.3|417.05
38119,464.65|373.95
38120,496.8|456.35
38121,435.45|314.3
38122,534.4|566.75
38123,456.25|575.7
38124,358.0|211.95
38125,351.1|272.95
38126,449.5|373.3
38127,551.6|550.6
38128,427.2|547.85
38129,400.3|588.0
38130,293.7|345.3
38131,270.2|242.0
38132,265.0|568.1
38133,555.0|367.2
38134,235.6|433.0
38135,288.55|467.4
38136,405.55|361.45
38137,588.1|289.95
38138,208.2|457.0
38139,392.2|558.9
38140,432.95|371.5
38141,413.1|479.55
38142,334.6|359.25
38143,210.75|567.3
38144,290.35|360.5
38145,354.7|207.55
38146,469.7|335.2
38147,561.05|315.3
38148,397.95|314.8
38149,390.2|466.65
38150,338.2|447.0
38151,345.45|251.1
38152,385.4|591.9
38153,576.05|375.2
38154,354.65|563.0
38155,288.5|479.55
38156,417.0|572.1
38157,409.4|361.6
38158,260.3|562.75
38159,286.1|328.25
38160,404.4|551.7
38161,219.35|500.55
38162,441.0|577.9
38163,215.75|325.75
38164,463.7|297.4
38165,374.2|485.05
38166,585.05|236.85
38167,276.75|487.05
38168,357.7|494.4
38169,565.15|436.95
38170,571.05|292.25
38171,364.4|341.8
38172,464.1|513.3
38173,262.85|208.75
38174,351.35|427.75
38175,482.1|310.9
38176,440.65|328.55
38177,332.75|551.6
38178,350.2|435.0
38179,301.55|430.0
38180,437.25|443.7
38181,361.6|330.95
38182,588.0|213.4
38183,401.5|513.3
38184,353.95|214.3
38185,261.45|589.35
38186,461.1|381.6
38187,538.75|523.4
38188,452.4|542.5
38189,330.1|556.15
38190,436.4|419.0
38191,268.0|246.7
38192,452.5|510.35
38193,435.9|409.05
38194,204.5|538.95
38195,215.05|583.35
38196,247.4|210.8
38197,280.85|393.75
38198,425.45|570.6
38199,261.45|402.85
38200,359.0|258.75
38201,241.45|455.9
38202,283.4|588.8
38203,588.05|469.7
38204,418.6|320.75
38205,210.15|249.85
38206,585.7|386.85
38207,541.15|474.4
38208,592.6|263.7
38209,379.65|524.15
38210,492.05|513.75
38211,227.5|532.5
38212,444.65|461.8
38213,463.1|485.25
38214,426.75|587.05
38215,521.6|461.0
38216,387.9|285.2
38217,352.05|549.65
38218,446.3|589.75
38219,354.85|247.45
38220,392.3|241.55
38221,397.9|205.8
38222,450.15|259.7
38223,545.6|577.95
38224,295.6|316.6
38225,264.9|567.05
38226,437.65|372.15
38227,236.1|404.5
38228,477.85|366.7
38229,239.95|375.05
38230,573.5|326.45
38231,553.2|467.45
38232,428.05|492.0
38233,212.45|398.5
38234,215.1|464.55
38235,420.7|352.85
38236,214.55|586.65
38237,443.0|428.8
38238,457.45|560.4
38239,215.9|397.2
38240,523.1|574.0
38241,247.5|220.65
38242,304.95|363.95
38243,424.05|512.2
38244,258.15|275.7
38245,413.55|541.55
38246,263.6|582.9
38247,402.35|368.05
38248,242.45|471.1
38249,295.35|344.3
38250,443.15|588.7
38251,369.5|458.5
38252,250.15|510.65
38253,365.25|561.6
38254,297.95|387.65
38255,368.55|220.95
38256,562.75|470.75
38257,557.25|459.85
38258,216.2|336.3
38259,252.95|567.1
38260,426.3|237.6
38261,393.9|318.85
38262,261.8|428.1
38263,554.95|590.15
38264,464.15|226.4
38265,566.15|315.15
38266,251.2|349.05
38267,352.15|262.5
38268,212.4|315.4
38269,420.0|499.45
38270,411.15|355.9
38271,429.3|591.9
38272,441.25|526.4
38273,512.95|465.5
38274,545.05|489.25
38275,484.8|328.35
38276,544.05|451.95
38277,531.2|328.2
38278,399.0|409.5
38279,578.55|300.15
38280,483.4|497.85
38281,552.5|399.9
38282,399.0|518.9
38283,539.6|266.6
38284,216.55|588.25
38285,213.7|507.7
38286,235.0|438.7
38287,542.2|585.25
38288,541.5|577.6
38289,308.55|366.35
38290,336.1|216.2
38291,419.5|435.2
38292,454.9|360.35
38293,421.05|363.45
38294,468.15|287.75
38295,480.55|350.9
38296,462.9|223.45
38297,213.1|526.35
38298,471.75|237.15
38299,378.7|527.1
38300,591.9|558.1
38301,242.05|427.3
38302,378.85|280.15
38303,349.55|389.5
38304,227.45|322.9
38305,274.05|594.9
38306,215.9|302.85
38307,423.3|442.7
38308,531.95|428.8
38309,233.25|512.15
38310,214.8|233.75
38311,561.55|210.25
38312,418.25|501.3
38313,416.0|482.2
38314,365.0|247.65
38315,212.95|223.9
38316,479.65|462.6
38317,565.8|544.65
38318,387.45|509.55
38319,214.0|536.7
38320,256.1|326.05
38321,239.45|470.7
38322,410.2|344.8
38323,543.3|478.9
38324,460.9|213.85
38325,356.75|445.7
38326,289.3|530.0
38327,530.65|530.9
38328,460.95|536.85
38329,209.0|552.05
38330,581.6|214.3
38331,449.65|243.1
38332,445.1|313.7
38333,323.6|221.9
38334,358.8|385.6
38335,529.95|576.0
38336,269.55|395.05
38337,585.1|209.2
38338,343.4|407.85
38339,359.75|388.05
38340,550.45|262.35
38341,428.0|588.45
38342,226.6|253.55
38343,247.2|484.7
38344,481.95|529.8
38345,404.65|495.45
38346,494.35|335.75
38347,369.1|335.4
38348,379.3|440.75
38349,275.6|441.55
38350,444.5|460.45
38351,300.7|416.25
38352,410.35|559.15
38353,585.6|533.3
38354,255.85|545.2
38355,452.7|349.6
38356,581.55|543.65
38357,388.25|499.3
38358,514.45|543.1
38359,468.2|466.95
38360,534.95|588.5
38361,545.0|230.9
38362,278.05|248.5
38363,370.0|568.5
38364,379.1|593.9
38365,261.75|280.8
38366,432.85|409.1
38367,247.25|465.6
38368,326.3|467.1
38369,284.15|424.95
38370,409.1|566.45
38371,382.7|592.1
38372,238.95|440.7
38373,206.35|459.5
38374,488.1|254.6
38375,396.75|592.45
38376,212.4|405.75
38377,228.1|578.7
38378,377.95|262.5
38379,529.5|548.95
38380,315.2|419.45
38381,583.6|416.9
38382,579.2|372.6
38383,336.35|327.25
38384,269.55|549.75
38385,590.6|490.35
38386,285.6|561.85
38387,283.9|313.8
38388,407.9|344.9
38389,466.05|457.15
38390,539.9|547.1
38391,312.25|391.15
38392,470.6|300.95
38393,387.75|569.75
38394,398.9|493.0
38395,512.85|329.6
38396,340.65|408.4
38397,456.9|249.2
38398,480.95|306.85
38399,246.4|534.0
38400,207.05|268.9
38401,221.15|499.05
38402,450.8|326.95
38403,551.25|392.05
38404,554.55|224.65
38405,547.5|582.7
38406,317.95|423.05
38407,291.4|335.6
38408,339.2|206.9
38409,560.1|288.8
38410,210.8|589.85
38411,404.85|323.7
38412,457.85|394.8
38413,429.55|590.95
38414,401.55|327.45
38415,525.35|402.1
38416,313.35|546.45
38417,511.55|478.5
38418,549.05|365.85
38419,357.85|263.5
38420,376.2|590.6
38421,451.15|434.9
38422,358.8|358.5
38423,570.5|408.7
38424,345.85|330.75
38425,341.7|592.1
38426,329.3|563.1
38427,576.85|589.75
38428,342.25|515.2
38429,330.35|462.65
38430,360.75|219.15
38431,572.4|445.9
38432,434.1|272.85
38433,223.75|220.45
38434,348.5|309.5
38435,282.65|535.6
38436,568.9|262.95
38437,493.8|513.3
38438,507.85|421.35
38439,274.9|514.35
38440,455.95|242.5
38441,211.75|391.05
38442,223.75|396.15
38443,530.3|554.0
38444,404.25|396.6
38445,270.3|279.5
38446,386.15|350.65
38447,358.85|219.55
38448,466.1|442.35
38449,564.3|315.25
38450,230.5|439.3
38451,577.2|490.65
38452,566.05|445.1
38453,569.65|274.45
38454,287.3|513.7
38455,546.6|297.95
38456,468.2|281.1
38457,534.2|565.7
38458,557.65|391.95
38459,352.65|581.75
38460,207.95|586.75
38461,379.3|208.2
38462,388.25|594.7
38463,284.25|359.3
38464,564.9|408.6
38465,354.6|223.45
38466,215.45|583.65
38467,279.9|264.4
38468,355.9|461.0
38469,359.45|326.1
38470,559.6|516.9
38471,534.05|303.05
38472,477.05|313.4
38473,217.45|522.85
38474,378.55|439.8
38475,224.2|239.45
38476,577.6|457.1
38477,214.35|304.05
38478,580.15|410.95
38479,277.25|451.0
38480,386.5|541.8
38481,560.35|574.35
38482,298.05|515.3
38483,456.0|304.45
38484,544.35|495.25
38485,396.1|269.45
38486,554.6|242.75
38487,224.8|436.8
38488,434.3|234.4
38489,465.3|430.5
38490,341.05|385.25
38491,240.05|368.55
38492,251.9|445.6
38493,573.9|449.55
38494,218.5|306.75
38495,391.55|553.4
38496,341.85|230.15
38497,584.5|334.35
38498,226.5|420.85
38499,434.55|427.45
38500,472.55|340.15
38501,287.05|363.25
38502,337.45|396.1
38503,443.3|434.0
38504,467.15|282.0
38505,586.5|362.6
38506,285.75|538.75
38507,585.25|415.5
38508,244.45|224.65
38509,582.7|538.3
38510,261.1|541.55
38511,587.3|577.0
38512,445.25|315.05
38513,493.3|240.35
38514,465.4|332.7
38515,533.8|257.1
38516,529.75|581.35
38517,483.6|302.35
38518,252.4|406.6
38519,445.4|342.15
38520,255.55|495.55
38521,318.85|401.8
38522,418.75|376.85
38523,270.85|445.75
38524,353.3|351.55
38525,490.15|288.0
38526,251.65|344.85
38527,292.45|324.4
38528,427.0|311.05
38529,241.7|539.25
38530,244.35|242.45
38531,271.85|275.2
38532,253.25|279.4
38533,492.25|245.05
38534,465.0|575.2
38535,275.4|548.95
38536,324.4|354.3
38537,374.9|369.85
38538,577.75|555.45
38539,528.95|439.85
38540,362.6|365.35
38541,424.65|465.0
38542,204.4|473.55
38543,207.2|476.0
38544,545.8|365.9
38545,362.8|449.2
38546,427.6|259.1
38547,270.25|457.6
38548,296.0|421.15
38549,270.0|544.15
38550,356.4|382.35
38551,304.05|448.2
38552,579.85|251.3
38553,208.4|481.15
38554,279.9|537.65
38555,466.7|286.0
38556,522.5|494.1
38557,388.05|556.35
38558,206.55|391.1
38559,410.2|417.75
38560,265.6|569.2
38561,404.4|368.25
38562,550.9|584.25
38563,364.85|256.45
38564,478.5|291.0
38565,465.25|548.95
38566,354.15|252.35
38567,286.3|520.4
38568,554.6|240.35
38569,521.55|517.8
38570,278.3|337.0
38571,240.75|361.85
38572,346.35|237.25
38573,528.2|555.65
38574,470.8|517.7
38575,466.65|566.75
38576,259.75|382.6
38577,358.85|450.7
38578,259.9|409.3
38579,447.35|218.75
38580,483.05|258.1
38581,250.55|412.65
38582,332.45|512.7
38583,581.2|572.05
38584,482.3|415.2
38585,535.9|588.6
38586,384.0|387.2
38587,401.85|565.65
38588,419.35|465.2
38589,368.5|595.15
38590,360.7|400.3
38591,210.8|472.65
38592,568.45|504.15
38593,442.65|442.5
38594,424.85|501.25
38595,364.2|384.55
38596,291.2|578.5
38597,474.8|468.15
38598,456.7|425.9
38599,301.85|585.25
38600,343.05|329.95
38601,389.45|355.95
38602,538.2|479.2
38603,411.2|510.75
38604,537.85|500.35
38605,361.05|274.2
38606,430.65|385.75
38607,456.8|440.4
38608,356.3|555.6
38609,253.85|523.3
38610,352.05|444.25
38611,481.95|386.7
38612,219.6|393.45
38613,537.0|511.9
38614,451.0|448.9
38615,364.7|293.4
38616,376.95|583.85
38617,579.35|539.95
38618,269.4|434.8
38619,526.3|489.45
38620,321.05|395.35
38621,437.5|531.55
38622,399.45|281.65
38623,254.0|568.0
38624,479.25|429.05
38625,458.75|266.5
38626,398.4|351.4
38627,340.05|394.15
38628,402.15|537.1
38629,549.3|244.35
38630,271.7|410.15
38631,572.2|539.35
38632,440.5|394.4
38633,221.5|375.75
38634,515.3|496.6
38635,580.95|581.75
38636,458.55|388.0
38637,574.3|292.85
38638,427.8|300.9
38639,469.4|328.35
38640,244.3|536.8
38641,361.65|337.15
38642,560.25|492.75
38643,210.3|493.85
38644,381.3|558.75
38645,463.55|480.85
38646,318.3|337.95
38647,444.15|256.25
38648,299.15|462.15
38649,377.55|432.65
38650,443.15|591.05
38651,360.05|481.75
38652,389.65|356.5
38653,495.15|467.5
38654,482.1|351.8
38655,595.1|487.05
38656,462.55|496.0
38657,360.05|370.55
38658,528.35|433.5
38659,460.55|537.3
38660,234.75|212.1
38661,382.4|585.7
38662,355.0|514.9
38663,216.35|317.45
38664,261.1|252.65
38665,217.65|519.35
38666,436.6|471.1
38667,223.2|362.65
38668,521.65|339.0
38669,444.55|218.5
38670,440.0|253.8
38671,419.75|379.95
38672,265.0|220.65
38673,250.75|444.65
38674,534.95|273.65
38675,290.95|435.45
38676,268.5|281.95
38677,348.55|337.45
38678,461.9|384.55
38679,285.5|446.4
38680,530.65|489.85
38681,562.0|526.3
38682,338.0|344.3
38683,379.15|583.85
38684,432.2|434.15
38685,535.65|498.75
38686,582.35|476.45
38687,355.15|517.85
38688,302.5|559.35
38689,537.65|494.85
38690,366.85|313.65
38691,249.1|397.9
38692,468.15|387.2
38693,340.25|499.15
38694,228.75|314.1
38695,474.0|351.25
38696,262.3|402.95
38697,499.55|462.7
38698,292.05|421.05
38699,267.3|511.1
38700,589.65|480.55
38701,254.55|271.65
38702,468.75|338.6
38703,349.05|233.35
38704,429.8|293.5
38705,578.95|375.25
38706,464.0|433.9
38707,442.95|511.95
38708,460.65|346.4
38709,287.85|424.1
38710,434.4|324.35
38711,410.9|328.15
38712,260.5|580.45
38713,443.4|509.5
38714,298.75|423.65
38715,455.2|347.8
38716,583.3|513.9
38717,383.1|552.2
38718,353.45|591.35
38719,349.15|281.15
38720,568.75|324.95
38721,215.25|486.7
38722,285.15|528.75
38723,532.15|311.85
38724,280.15|499.55
38725,540.35|237.35
38726,448.85|436.45
38727,452.35|274.0
38728,469.0|519.5
38729,555.75|281.7
38730,346.15|310.55
38731,251.05|364.45
38732,469.05|297.25
38733,591.35|399.65
38734,232.3|372.5
38735,569.95|405.95
38736,399.9|571.55
38737,522.55|330.1
38738,469.75|508.9
38739,341.75|510.55
38740,394.7|389.3
38741,218.45|260.25
38742,380.45|370.55
38743,310.55|359.1
38744,364.0|580.4
38745,354.95|311.9
38746,217.35|417.6
38747,512.05|521.85
38748,235.85|498.15
38749,583.55|580.65
38750,399.95|573.35
38751,338.8|451.2
38752,502.95|546.85
38753,308.55|397.9
38754,298.1|397.75
38755,508.7|470.9
38756,348.2|276.5
38757,560.9|433.35
38758,288.55|335.45
38759,588.4|432.55
38760,485.1|221.6
38761,257.9|367.5
38762,578.7|565.9
38763,590.2|514.8
38764,439.3|477.05
38765,320.2|390.0
38766,429.55|489.1
38767,533.5|517.9
38768,287.45|340.3
38769,284.9|468.5
38770,369.8|411.7
38771,230.8|523.55
38772,569.35|442.7
38773,579.6|513.4
38774,344.95|407.1
38775,212.05|236.35
38776,392.3|264.45
38777,588.65|573.25
38778,561.95|333.15
38779,423.25|474.8
38780,461.0|261.7
38781,206.5|530.85
38782,551.9|585.45
38783,583.05|513.9
38784,272.3|422.0
38785,216.3|473.9
38786,224.2|505.35
38787,244.75|271.55
38788,248.25|412.7
38789,226.6|488.7
38790,464.2|547.5
38791,412.15|226.15
38792,467.7|463.6
38793,378.95|443.8
38794,268.2|568.65
38795,442.6|301.7
38796,210.7|467.75
38797,557.35|439.0
38798,234.25|499.8
38799,559.85|403.4
38800,218.5|236.15
38801,294.9|334.4
38802,542.3|217.75
38803,436.9|268.2
38804,544.05|584.75
38805,579.6|313.3
38806,218.5|513.7
38807,329.15|241.15
38808,347.55|577.15
38809,359.35|377.45
38810,228.8|254.1
38811,401.45|592.15
38812,277.5|538.7
38813,369.25|341.0
38814,447.15|583.25
38815,214.95|473.0
38816,227.55|427.45
38817,459.65|587.0
38818,545.6|588.95
38819,263.9|374.25
38820,462.25|365.8
38821,507.6|477.6
38822,389.05|563.15
38823,392.65|368.9
38824,273.2|260.85
38825,213.1|532.75
38826,570.8|450.05
38827,455.5|262.1
38828,387.85|499.75
38829,589.5|470.6
38830,453.85|459.25
38831,472.35|553.75
38832,415.15|375.15
38833,443.0|366.6
38834,544.35|311.5
38835,386.65|279.15
38836,269.35|568.05
38837,353.6|547.75
38838,288.95|494.7
38839,381.95|552.35
38840,230.15|223.45
38841,530.4|216.9
38842,472.95|351.45
38843,465.65|213.2
38844,415.3|237.6
38845,408.6|338.8
38846,455.25|567.05
38847,216.05|475.35
38848,505.65|350.7
38849,462.3|286.75
38850,543.8|235.55
38851,574.1|344.25
38852,344.0|552.25
38853,532.3|581.45
38854,336.85|258.85
38855,213.6|228.7
38856,529.7|412.6
38857,353.9|452.2
38858,579.3|465.7
38859,265.65|570.85
38860,348.05|550.55
38861,522.6|539.1
38862,465.85|236.7
38863,221.9|493.2
38864,519.25|538.6
38865,247.4|423.65
38866,434.3|523.1
38867,579.3|566.95
38868,402.95|387.35
38869,536.85|502.3
38870,578.0|415.3
38871,275.0|234.4
38872,477.85|530.2
38873,416.75|320.8
38874,241.3|266.7
38875,357.2|408.45
38876,412.05|472.05
38877,233.6|552.5
38878,400.2|439.05
38879,327.75|536.4
38880,381.35|270.75
38881,275.0|414.4
38882,394.35|211.5
38883,394.8|385.45
38884,413.5|584.4
38885,437.65|436.65
38886,419.1|373.3
38887,521.65|504.55
38888,214.4|276.5
38889,398.9|258.45
38890,553.7|450.15
38891,448.4|571.6
38892,584.75|562.6
38893,404.55|556.15
38894,346.5|213.5
38895,592.55|587.2
38896,592.3|561.85
38897,236.1|414.45
38898,248.75|437.0
38899,533.8|569.2
38900,546.25|540.85
38901,360.0|581.15
38902,567.75|240.45
38903,554.75|326.2
38904,350.4|351.0
38905,209.4|500.9
38906,450.75|238.2
38907,402.35|417.25
38908,285.2|429.8
38909,552.9|521.9
38910,518.7|435.1
38911,328.85|269.2
38912,436.55|376.0
38913,240.85|405.0
38914,557.85|295.1
38915,224.6|525.3
38916,547.7|501.75
38917,474.15|356.75
38918,432.7|403.5
38919,283.5|359.15
38920,231.05|425.2
38921,582.8|317.85
38922,271.15|271.75
38923,218.85|387.25
38924,469.2|439.2
38925,392.5|258.3
38926,287.8|413.3
38927,327.7|219.7
38928,283.7|327.35
38929,592.2|366.5
38930,528.9|419.8
38931,582.85|546.2
38932,260.25|279.1
38933,252.35|436.1
38934,404.6|559.2
38935,294.35|389.35
38936,275.1|240.6
38937,306.5|348.4
38938,218.1|409.15
38939,461.35|265.35
38940,577.05|268.95
38941,345.3|274.2
38942,212.5|505.05
38943,304.3|322.65
38944,439.25|435.7
38945,419.2|465.0
38946,230.1|381.9
38947,264.15|442.5
38948,442.35|560.2
38949,213.85|232.4
38950,589.35|587.15
38951,571.75|522.0
38952,253.4|486.65
38953,565.3|286.45
38954,209.55|512.3
38955,574.4|443.1
38956,453.3|458.0
38957,404.5|586.45
38958,234.55|581.4
38959,248.55|426.5
38960,570.3|505.55
38961,283.35|497.05
38962,550.95|335.8
38963,435.4|390.6
38964,426.7|452.9
38965,232.0|232.4
38966,364.65|416.65
38967,217.7|241.25
38968,485.55|521.95
38969,575.05|388.35
38970,286.95|559.65
38971,339.85|396.15
38972,451.0|276.1
38973,565.0|326.5
38974,593.85|394.35
38975,259.95|222.1
38976,384.95|560.05
38977,369.4|474.3
38978,413.45|549.35
38979,419.5|419.6
38980,549.85|294.65
38981,294.8|495.0
38982,452.1|234.65
38983,223.25|270.15
38984,561.05|460.35
38985,551.2|503.65
38986,338.75|301.2
38987,298.6|426.75
38988,360.65|315.25
38989,417.85|573.2
38990,522.55|426.4
38991,209.35|390.0
38992,373.75|266.35
38993,261.35|425.3
38994,522.65|541.2
38995,594.15|411.55
38996,264.05|427.0
38997,233.35|580.0
38998,401.75|448.45
38999,395.15|579.05
39000,318.15|402.5
39001,464.3|414.35
39002,518.05|527.75
39003,293.4|482.85
39004,400.75|391.6
39005,424.4|386.35
39006,543.0|482.9
39007,367.55|416.7
39008,394.6|478.15
39009,433.35|388.15
39010,355.45|327.55
39011,487.3|350.05
39012,581.95|278.05
39013,521.3|531.6
39014,244.2|387.8
39015,297.6|387.1
39016,580.8|346.9
39017,446.7|562.9
39018,302.35|363.05
39019,416.8|254.25
39020,234.15|389.55
39021,338.6|395.45
39022,210.2|577.8
39023,526.7|499.05
39024,214.85|497.35
39025,583.05|504.0
39026,213.1|407.15
39027,262.45|354.05
39028,344.6|324.65
39029,356.9|251.0
39030,467.8|542.1
39031,585.65|216.2
39032,301.3|395.95
39033,583.9|287.1
39034,231.05|500.25
39035,378.6|587.05
39036,351.8|349.35
39037,404.25|520.1
39038,258.45|244.5
39039,583.75|259.35
39040,485.9|517.55
39041,527.3|544.9
39042,222.95|510.4
39043,220.15|311.0
39044,260.55|227.15
39045,457.8|280.1
39046,276.9|287.4
39047,210.55|258.25
39048,265.1|561.75
39049,341.5|515.3
39050,315.0|432.25
39051,401.75|574.4
39052,343.0|578.5
39053,291.4|503.75
39054,483.8|335.85
39055,587.55|241.85
39056,529.3|528.6
39057,250.3|209.1
39058,250.05|567.9
39059,323.3|431.8
39060,261.3|218.8
39061,266.5|531.25
39062,365.35|339.85
39063,470.7|518.8
39064,231.35|309.15
39065,281.7|536.6
39066,459.0|427.4
39067,536.85|300.7
39068,568.65|415.75
39069,456.0|450.3
39070,538.3|373.5
39071,460.6|446.35
39072,361.55|250.85
39073,335.85|463.55
39074,272.05|554.0
39075,211.4|509.55
39076,219.5|285.85
39077,552.65|364.15
39078,343.3|394.2
39079,244.75|280.7
39080,462.45|316.5
39081,253.8|402.6
39082,271.6|382.05
39083,218.0|579.25
39084,393.95|571.95
39085,292.0|455.7
39086,397.4|536.05
39087,525.45|330.8
39088,578.25|364.05
39089,489.0|215.75
39090,475.3|320.0
39091,582.25|364.25
39092,384.7|476.35
39093,409.85|582.3
39094,272.35|307.25
39095,492.5|332.9
39096,584.0|322.8
39097,410.2|272.55
39098,385.3|277.85
39099,384.85|263.15
39100,469.1|211.3
39101,428.9|493.65
39102,245.3|380.7
39103,428.7|336.45
39104,554.15|529.0
39105,276.75|260.35
39106,251.5|285.05
39107,577.8|303.4
39108,224.0|590.65
39109,228.3|592.3
39110,412.1|269.35
39111,434.35|244.65
39112,438.1|297.65
39113,467.25|217.5
39114,238.75|317.0
39115,264.5|569.8
39116,231.65|480.0
39117,423.75|473.0
39118,281.5|344.25
39119,444.55|552.0
39120,243.95|292.75
39121,581.05|281.25
39122,460.7|484.0
39123,396.15|517.65
39124,459.25|301.25
39125,555.75|322.75
39126,479.6|487.95
39127,319.05|409.55
39128,219.75|213.9
39129,301.1|327.6
39130,356.6|396.4
39131,271.3|364.35
39132,461.2|588.9
39133,410.9|388.05
39134,233.55|426.9
39135,253.5|370.8
39136,285.65|456.35
39137,355.45|365.1
39138,544.1|587.05
39139,281.55|499.75
39140,467.0|397.75
39141,536.65|531.85
39142,462.95|543.0
39143,543.1|588.1
39144,277.15|219.2
39145,415.05|234.35
39146,563.05|445.65
39147,296.6|359.9
39148,552.5|297.1
39149,267.3|301.65
39150,389.45|311.6
39151,372.15|575.75
39152,527.45|554.25
39153,428.45|303.75
39154,209.65|230.9
39155,556.85|302.35
39156,351.65|376.2
39157,446.55|388.75
39158,497.3|418.75
39159,210.05|364.5
39160,212.4|506.55
39161,261.45|344.35
39162,272.5|315.2
39163,419.65|433.2
39164,442.2|390.25
39165,277.45|534.65
39166,562.7|468.35
39167,432.85|442.65
39168,402.0|556.0
39169,370.25|210.35
39170,474.65|301.3
39171,455.0|431.45
39172,593.55|547.25
39173,590.25|569.8
39174,540.6|538.35
39175,234.15|440.4
39176,591.1|272.25
39177,591.75|465.55
39178,523.15|544.85
39179,467.75|312.2
39180,409.25|480.0
39181,393.5|312.15
39182,276.95|347.95
39183,277.35|571.45
39184,382.35|265.75
39185,303.9|343.1
39186,481.55|341.1
39187,437.85|483.25
39188,236.05|581.05
39189,494.95|428.7
39190,551.3|257.05
39191,254.55|212.75
39192,527.4|563.0
39193,288.25|305.4
39194,588.0|479.2
39195,302.1|509.5
39196,325.45|364.15
39197,493.7|307.9
39198,210.1|373.25
39199,452.45|376.85
39200,252.65|388.75
39201,285.3|253.15
39202,565.95|579.05
39203,456.15|509.4
39204,422.65|257.9
39205,347.35|368.95
39206,470.05|396.25
39207,581.8|573.1
39208,474.55|496.1
39209,255.95|493.4
39210,575.8|206.95
39211,577.4|466.2
39212,269.75|275.8
39213,466.55|562.6
39214,467.1|290.25
39215,233.3|564.6
39216,350.3|374.25
39217,546.5|525.7
39218,448.7|590.55
39219,419.1|463.1
39220,469.45|468.4
39221,228.05|515.9
39222,548.6|255.1
39223,563.0|332.55
39224,417.25|479.8
39225,409.5|343.55
39226,592.85|586.9
39227,213.9|461.8
39228,556.85|519.65
39229,539.55|292.25
39230,224.1|209.6
39231,274.4|445.65
39232,350.7|229.9
39233,239.75|350.25
39234,320.65|323.1
39235,216.35|234.6
39236,536.0|429.4
39237,234.05|441.45
39238,270.65|379.6
39239,349.25|511.9
39240,468.4|220.1
39241,392.65|557.8
39242,223.3|415.8
39243,427.45|554.45
39244,479.0|545.2
39245,270.45|274.65
39246,566.6|591.3
39247,415.5|536.25
39248,565.0|243.65
39249,222.15|442.95
39250,243.0|441.25
39251,530.35|329.8
39252,454.1|388.4
39253,373.4|221.9
39254,352.2|279.7
39255,264.35|275.5
39256,482.75|241.55
39257,456.6|328.3
39258,468.45|570.45
39259,564.85|290.35
39260,372.95|233.65
39261,459.65|429.7
39262,571.1|245.65
39263,445.3|392.65
39264,463.9|244.2
39265,358.1|589.4
39266,473.05|341.5
39267,389.7|463.0
39268,428.85|326.75
39269,383.9|223.85
39270,428.3|434.35
39271,471.2|287.55
39272,425.8|315.6
39273,579.8|515.15
39274,289.3|335.05
39275,393.6|356.1
39276,393.25|594.0
39277,583.4|415.0
39278,370.6|357.5
39279,360.85|334.5
39280,282.1|287.5
39281,399.5|561.65
39282,524.35|405.95
39283,254.5|428.6
39284,414.8|541.8
39285,487.75|497.15
39286,526.65|562.65
39287,515.4|493.45
39288,580.25|589.7
39289,254.1|559.1
39290,274.85|440.95
39291,271.35|366.3
39292,445.05|276.65
39293,579.0|328.15
39294,372.05|223.9
39295,436.4|310.75
39296,391.75|362.25
39297,590.85|567.55
39298,546.9|234.5
39299,303.3|310.15
39300,278.95|415.0
39301,207.4|568.35
39302,451.75|338.3
39303,408.75|525.6
39304,418.1|538.6
39305,395.6|204.6
39306,340.4|208.2
39307,556.1|276.5
39308,575.5|459.6
39309,267.2|349.85
39310,476.9|277.4
39311,412.55|372.15
39312,348.15|514.15
39313,344.9|379.15
39314,551.2|243.15
39315,548.35|535.5
39316,211.15|491.5
39317,251.85|573.35
39318,399.25|449.9
39319,521.85|414.65
39320,397.95|536.45
39321,542.0|306.5
39322,409.65|337.3
39323,568.15|546.2
39324,449.0|454.9
39325,528.7|552.5
39326,238.1|261.2
39327,374.95|351.0
39328,252.85|440.9
39329,354.7|239.15
39330,371.4|379.95
39331,558.9|232.85
39332,267.35|557.0
39333,564.85|465.9
39334,365.25|311.5
39335,284.5|550.4
39336,238.35|390.2
39337,571.2|241.45
39338,435.35|322.8
39339,428.65|325.85
39340,337.2|325.6
39341,577.5|258.9
39342,494.75|230.85
39343,540.95|532.05
39344,471.8|317.35
39345,306.35|387.5
39346,349.75|358.4
39347,280.1|445.7
39348,231.05|420.15
39349,274.45|397.5
39350,338.1|418.2
39351,436.35|320.6
39352,349.65|570.25
39353,342.05|553.4
39354,414.35|383.7
39355,564.15|239.25
39356,243.9|475.95
39357,427.1|394.9
39358,454.45|261.65
39359,532.55|511.35
39360,293.3|357.95
39361,447.15|246.05
39362,361.65|350.3
39363,227.2|377.85
39364,417.0|496.7
39365,458.1|311.3
39366,276.05|449.1
39367,450.35|447.55
39368,444.25|447.05
39369,332.9|237.15
39370,421.35|572.3
39371,407.1|277.65
39372,209.95|409.45
39373,336.95|368.55
39374,493.95|356.7
39375,380.5|287.95
39376,579.6|519.0
39377,551.7|384.65
39378,548.05|288.5
39379,547.0|351.85
39380,380.8|344.4
39381,450.55|440.55
39382,226.85|481.85
39383,433.45|519.3
39384,434.95|554.85
39385,218.3|573.6
39386,453.15|545.65
39387,586.2|351.55
39388,410.35|507.65
39389,386.8|575.15
39390,361.1|275.2
39391,590.15|557.0
39392,289.0|430.95
39393,482.3|242.8
39394,553.2|465.9
39395,343.1|243.6
39396,550.55|463.75
39397,217.7|357.6
39398,298.35|378.25
39399,475.1|348.1
39400,457.2|257.45
39401,328.5|433.1
39402,578.25|414.25
39403,587.9|421.2
39404,220.25|584.65
39405,408.1|372.35
39406,257.7|544.95
39407,386.25|233.5
39408,369.85|442.7
39409,283.9|453.05
39410,450.15|392.3
39411,572.35|332.4
39412,324.25|564.9
39413,234.4|295.8
39414,265.15|221.0
39415,555.65|570.4
39416,435.95|259.9
39417,337.8|379.0
39418,333.95|375.2
39419,360.65|526.05
39420,356.1|437.95
39421,393.1|517.35
39422,435.05|358.3
39423,344.9|524.75
39424,286.85|433.35
39425,395.45|492.65
39426,406.75|315.75
39427,544.1|276.85
39428,393.3|444.8
39429,211.8|239.5
39430,442.1|473.15
39431,341.8|424.05
39432,340.6|347.5
39433,214.7|247.8
39434,571.35|349.7
39435,535.35|304.7
39436,253.1|271.2
39437,287.05|456.5
39438,545.45|546.6
39439,445.25|248.85
39440,368.3|572.0
39441,269.15|538.45
39442,383.6|468.35
39443,474.05|485.75
39444,529.25|287.4
39445,431.9|332.55
39446,284.05|500.95
39447,346.65|335.0
39448,259.25|261.05
39449,391.8|225.15
39450,208.7|393.6
39451,358.75|508.1
39452,326.55|338.9
39453,557.25|346.15
39454,359.65|256.1
39455,443.25|258.95
39456,443.35|552.35
39457,524.8|420.65
39458,424.0|361.5
39459,341.7|363.75
39460,563.6|471.4
39461,458.15|350.45
39462,449.15|518.15
39463,435.35|355.0
39464,382.9|423.75
39465,234.1|492.7
39466,539.2|543.05
39467,228.4|407.3
39468,342.45|590.4
39469,321.55|515.9
39470,582.45|341.2
39471,399.3|466.25
39472,377.15|529.3
39473,389.9|449.95
39474,585.35|217.15
39475,357.6|313.3
39476,217.8|278.05
39477,519.0|357.05
39478,535.2|352.65
39479,362.75|579.6
39480,586.6|336.9
39481,462.75|326.25
39482,453.2|289.5
39483,357.2|322.45
39484,400.15|483.5
39485,433.9|401.9
39486,526.0|463.3
39487,475.05|477.8
39488,459.85|220.9
39489,407.85|413.2
39490,373.55|272.7
39491,474.65|503.35
39492,315.8|589.15
39493,382.45|587.4
39494,577.25|517.75
39495,388.95|325.1
39496,235.75|587.8
39497,335.35|340.7
39498,578.3|287.1
39499,538.2|448.05
39500,583.45|487.55
39501,343.2|541.8
39502,592.6|381.35
39503,336.9|383.5
39504,572.65|295.15
39505,558.85|280.95
39506,562.85|317.85
39507,246.65|292.7
39508,290.1|459.85
39509,527.05|577.15
39510,276.1|445.05
39511,345.9|263.75
39512,578.95|212.9
39513,293.55|451.75
39514,215.7|360.1
39515,359.2|231.05
39516,257.7|325.5
39517,233.45|218.3
39518,392.5|410.85
39519,234.75|511.8
39520,446.25|588.5
39521,318.9|412.65
39522,223.5|262.1
39523,555.75|453.9
39524,564.6|225.15
39525,472.6|365.35
39526,556.65|542.95
39527,586.55|346.45
39528,217.45|418.65
39529,457.95|560.0
39530,222.85|317.2
39531,251.2|261.5
39532,535.45|507.05
39533,235.55|472.3
39534,559.25|236.15
39535,384.7|379.35
39536,251.15|348.55
39537,292.65|370.15
39538,569.05|268.95
39539,577.7|319.7
39540,230.05|509.4
39541,473.5|458.25
39542,465.35|314.05
39543,210.25|557.4
39544,424.1|585.25
39545,227.75|430.05
39546,227.65|383.15
39547,410.05|475.05
39548,493.15|313.9
39549,240.35|581.55
39550,439.3|586.65
39551,581.65|426.75
39552,412.5|383.95
39553,390.45|291.0
39554,467.95|454.95
39555,249.0|243.95
39556,225.35|530.45
39557,350.9|538.7
39558,557.4|280.6
39559,355.2|491.0
39560,469.35|353.05
39561,281.4|541.75
39562,399.4|287.65
39563,468.75|534.7
39564,324.7|566.05
39565,465.5|447.95
39566,415.9|543.4
39567,418.1|569.45
39568,362.15|210.55
39569,580.7|590.75
39570,303.85|378.1
39571,553.05|458.7
39572,547.25|230.3
39573,576.25|355.45
39574,228.55|581.7
39575,272.25|544.8
39576,230.25|269.0
39577,240.7|385.85
39578,239.5|308.3
39579,411.8|318.9
39580,417.6|264.15
39581,450.15|561.3
39582,594.7|560.4
39583,227.0|461.65
39584,513.85|512.55
39585,393.55|559.5
39586,539.4|337.05
39587,283.4|424.6
39588,278.0|431.35
39589,555.3|538.45
39590,551.2|536.75
39591,321.05|297.85
39592,428.15|432.8
39593,417.05|456.05
39594,407.25|577.85
39595,356.35|376.8
39596,288.45|451.35
39597,354.95|420.65
39598,395.4|507.8
39599,413.05|247.65
39600,295.7|440.9
39601,408.85|484.4
39602,572.5|473.05
39603,281.7|531.1
39604,415.7|416.8
39605,544.7|540.6
39606,228.1|571.15
39607,400.2|288.2
39608,451.0|536.85
39609,217.7|264.4
39610,276.55|257.25
39611,478.15|343.45
39612,283.55|450.2
39613,284.9|426.05
39614,566.35|243.9
39615,543.5|301.35
39616,562.2|523.3
39617,214.85|510.1
39618,441.0|313.9
39619,354.7|211.2
39620,564.2|335.95
39621,248.75|396.8
39622,475.4|392.2
39623,287.0|350.2
39624,264.5|257.65
39625,436.9|364.3
39626,283.5|535.95
39627,517.05|361.65
39628,418.25|362.3
39629,283.2|587.85
39630,412.7|503.7
39631,593.25|354.65
39632,443.5|336.6
39633,231.2|428.2
39634,378.85|481.1
39635,383.15|327.4
39636,555.2|531.1
39637,371.8|408.7
39638,512.6|468.8
39639,293.2|545.6
39640,408.5|592.9
39641,354.45|418.5
39642,568.6|258.75
39643,271.95|280.2
39644,422.4|505.9
39645,582.3|401.65
39646,342.65|270.4
39647,343.2|551.15
39648,471.9|341.0
39649,523.35|412.6
39650,480.85|431.6
39651,245.9|237.35
39652,486.85|482.3
39653,387.35|360.9
39654,434.85|483.35
39655,482.55|326.8
39656,268.95|421.1
39657,234.1|490.35
39658,534.95|321.1
39659,274.6|569.4
39660,461.5|574.6
39661,577.4|312.5
39662,587.25|415.9
39663,430.2|593.15
39664,444.45|492.3
39665,465.25|247.0
39666,478.4|435.45
39667,270.9|403.6
39668,376.55|210.2
39669,218.0|493.25
39670,390.65|235.55
39671,247.8|287.65
39672,226.25|576.7
39673,570.55|353.6
39674,273.45|583.55
39675,522.7|297.4
39676,227.3|481.4
39677,295.85|324.45
39678,445.85|329.6
39679,588.3|340.55
39680,288.4|369.0
39681,467.05|388.3
39682,348.9|421.75
39683,286.6|401.75
39684,214.6|406.1
39685,548.05|589.05
39686,352.6|446.55
39687,425.1|224.15
39688,517.55|264.9
39689,251.25|416.95
39690,543.1|515.65
39691,422.65|263.0
39692,209.65|538.5
39693,298.5|327.45
39694,527.55|454.75
39695,267.85|553.0
39696,399.05|584.25
39697,249.85|355.25
39698,529.3|295.35
39699,423.15|517.9
39700,586.95|255.45
39701,349.95|311.1
39702,451.1|343.55
39703,273.6|575.85
39704,486.45|375.15
39705,523.0|521.5
39706,547.2|539.05
39707,292.1|507.3
39708,554.55|490.55
39709,405.05|256.8
39710,283.4|528.8
39711,424.7|490.1
39712,558.85|519.1
39713,286.25|487.4
39714,286.8|379.45
39715,262.45|526.05
39716,469.5|310.6
39717,445.9|568.5
39718,593.65|491.45
39719,402.65|427.3
39720,225.0|240.45
39721,500.5|585.75
39722,553.7|574.05
39723,229.35|325.25
39724,306.4|348.55
39725,561.2|365.45
39726,452.8|537.55
39727,546.75|526.2
39728,346.05|357.05
39729,370.2|497.6
39730,320.6|409.5
39731,479.15|474.0
39732,560.75|446.35
39733,541.15|244.6
39734,525.8|418.0
39735,483.75|232.3
39736,345.3|543.1
39737,241.55|549.3
39738,394.55|268.1
39739,468.4|323.0
39740,209.65|240.95
39741,587.85|255.2
39742,367.4|241.7
39743,431.8|223.35
39744,355.8|390.0
39745,456.5|522.25
39746,426.05|486.1
39747,264.0|285.35
39748,554.35|228.55
39749,452.65|526.75
39750,345.95|297.15
39751,272.7|564.15
39752,337.0|500.4
39753,370.4|220.65
39754,344.5|225.5
39755,375.75|246.65
39756,374.6|216.0
39757,392.6|301.05
39758,276.8|406.35
39759,246.45|276.7
39760,459.8|434.8
39761,223.85|582.55
39762,487.95|518.85
39763,545.1|519.8
39764,589.9|370.6
39765,434.6|456.4
39766,285.45|342.95
39767,304.4|429.65
39768,414.45|337.65
39769,439.15|593.55
39770,413.3|284.4
39771,466.2|326.45
39772,230.75|230.0
39773,581.35|439.0
39774,287.2|388.85
39775,424.15|533.4
39776,418.75|530.0
39777,436.55|246.15
39778,454.45|361.55
39779,215.65|474.55
39780,213.45|522.9
39781,418.5|580.65
39782,366.85|217.2
39783,469.25|475.7
39784,333.65|324.5
39785,208.95|272.5
39786,259.35|420.55
39787,368.4|217.15
39788,533.6|334.95
39789,582.4|484.25
39790,264.7|439.05
39791,473.8|259.2
39792,532.55|431.75
39793,582.45|510.65
39794,363.2|207.9
39795,275.95|228.6
39796,486.3|349.75
39797,390.95|380.9
39798,420.8|548.9
39799,222.1|251.55
39800,497.75|398.9
39801,439.55|564.1
39802,395.1|346.5
39803,354.6|596.1
39804,537.8|297.9
39805,262.65|433.7
39806,563.4|590.85
39807,473.7|497.7
39808,224.15|310.1
39809,256.75|295.55
39810,412.25|391.8
39811,584.95|342.95
39812,244.75|480.4
39813,215.0|472.7
39814,476.65|564.6
39815,590.7|375.05
39816,370.65|211.25
39817,534.35|412.15
39818,335.1|249.25
39819,561.6|251.55
39820,355.1|447.05
39821,359.55|214.5
39822,246.65|249.1
39823,230.75|373.15
39824,252.4|445.3
39825,235.0|578.6
39826,588.5|478.1
39827,541.2|539.25
39828,262.5|366.9
39829,371.85|335.7
39830,431.25|589.2
39831,577.6|441.5
39832,340.15|215.05
39833,433.4|233.1
39834,591.55|208.85
39835,230.1|277.65
39836,355.8|496.3
39837,455.9|366.25
39838,257.1|210.35
39839,550.55|537.45
39840,586.55|567.9
39841,592.4|554.1
39842,213.7|295.65
39843,410.05|396.5
39844,238.05|210.25
39845,248.35|550.5
39846,239.9|299.55
39847,339.95|584.95
39848,475.7|511.25
39849,357.4|525.0
39850,252.1|349.7
39851,284.55|577.65
39852,309.6|394.3
39853,413.6|440.5
39854,540.3|527.45
39855,583.5|532.3
39856,476.0|496.7
39857,403.75|468.55
39858,350.7|329.25
39859,533.2|337.85
39860,335.7|561.05
39861,592.55|527.15
39862,399.3|299.6
39863,395.6|297.9
39864,468.9|484.7
39865,529.4|342.6
39866,226.9|533.3
39867,529.5|446.15
39868,426.55|536.2
39869,529.8|552.4
39870,359.45|284.7
39871,280.35|441.35
39872,341.2|411.45
39873,336.95|432.25
39874,254.9|564.5
39875,339.15|421.2
39876,241.0|366.55
39877,290.15|574.0
39878,227.5|446.25
39879,252.45|479.5
39880,377.95|321.9
39881,267.5|334.3
39882,254.45|581.15
39883,567.05|300.8
39884,460.4|315.1
39885,413.55|569.3
39886,280.5|583.65
39887,314.3|327.25
39888,401.75|222.8
39889,448.25|585.6
39890,494.1|267.6
39891,488.9|332.95
39892,556.05|585.9
39893,220.5|217.15
39894,276.1|276.8
39895,479.95|305.1
39896,358.9|594.3
39897,271.8|556.35
39898,486.95|380.6
39899,428.45|414.3
39900,526.65|527.8
39901,291.4|420.75
39902,479.15|481.15
39903,547.55|536.35
39904,582.4|349.2
39905,235.75|310.0
39906,332.35|528.7
39907,384.55|579.85
39908,225.6|586.7
39909,229.55|427.55
39910,372.9|337.1
39911,462.25|287.25
39912,276.6|279.25
39913,395.25|503.9
39914,422.35|309.3
39915,552.15|335.75
39916,351.2|275.95
39917,249.0|399.7
39918,439.8|491.0
39919,275.15|337.65
39920,415.4|359.2
39921,589.4|588.85
39922,556.1|289.45
39923,407.25|386.85
39924,523.0|324.8
39925,398.6|485.6
39926,587.55|215.7
39927,589.1|380.25
39928,398.45|443.3
39929,392.55|259.2
39930,263.65|579.25
39931,560.6|424.2
39932,241.05|540.4
39933,322.9|360.05
39934,458.95|225.3
39935,282.85|324.1
39936,388.05|406.05
39937,297.9|383.9
39938,268.6|389.9
39939,366.7|588.5
39940,470.2|524.95
39941,243.35|352.0
39942,456.65|462.8
39943,567.35|452.15
39944,404.75|500.2
39945,347.4|539.75
39946,579.5|347.0
39947,231.5|533.5
39948,580.6|562.6
39949,473.8|379.15
39950,530.8|535.65
39951,555.5|476.15
39952,284.1|327.45
39953,244.85|482.8
39954,529.4|544.2
39955,249.05|526.5
39956,244.05|426.85
39957,333.6|327.5
39958,418.85|273.75
39959,551.2|494.9
39960,275.85|567.65
39961,355.65|317.45
39962,531.45|432.75
39963,491.75|464.8
39964,456.85|409.35
39965,570.45|219.7
39966,264.85|580.95
39967,219.6|511.45
39968,273.0|420.0
39969,303.75|562.4
39970,432.1|312.7
39971,408.0|300.75
39972,368.6|278.3
39973,359.1|567.9
39974,474.85|326.5
39975,511.5|521.9
39976,587.3|557.85
39977,224.6|428.0
39978,567.6|453.05
39979,349.6|433.8
39980,237.85|234.75
39981,428.65|225.1
39982,372.75|596.7
39983,375.2|205.75
39984,447.25|321.35
39985,267.15|247.5
39986,396.4|235.2
39987,437.7|464.75
39988,340.85|561.65
39989,416.7|290.45
39990,345.45|404.05
39991,570.75|576.15
39992,387.85|465.0
39993,248.75|423.35
39994,304.15|404.1
39995,554.5|255.45
39996,349.5|274.3
39997,468.55|219.35
39998,243.7|457.25
39999,416.5|522.95
40000,341.1|260.2
40001,526.0|461.1
40002,409.95|307.15
40003,335.8|356.7
40004,208.7|317.25
40005,360.35|427.75
40006,432.65|312.2
40007,365.25|270.6
40008,417.45|473.9
40009,281.2|330.9
40010,369.65|270.85
40011,369.85|462.55
40012,498.2|215.95
40013,405.0|273.8
40014,214.1|461.0
40015,360.5|250.85
40016,555.6|325.85
40017,460.75|490.45
40018,233.25|370.05
40019,353.1|276.1
40020,413.7|471.15
40021,477.9|357.05
40022,238.0|222.2
40023,211.6|222.25
40024,411.6|394.9
40025,346.45|234.45
40026,224.25|524.65
40027,373.5|376.8
40028,553.1|261.45
40029,577.0|270.1
40030,368.4|482.6
40031,590.4|536.65
40032,484.6|497.9
40033,533.0|543.75
40034,285.3|324.7
40035,411.45|302.9
40036,350.45|437.5
40037,258.1|439.45
40038,432.05|421.05
40039,591.05|263.15
40040,436.1|355.55
40041,214.25|230.05
40042,299.85|335.9
40043,360.7|280.7
40044,382.85|260.15
40045,226.95|411.85
40046,478.45|318.95
40047,272.85|594.4
40048,472.1|340.5
40049,582.9|393.45
40050,216.9|383.45
40051,309.0|373.15
40052,388.15|357.0
40053,466.95|416.5
40054,460.95|280.05
40055,295.95|328.0
40056,305.2|426.65
40057,431.65|503.45
40058,273.45|424.1
40059,222.75|520.2
40060,410.4|451.35
40061,386.35|579.85
40062,374.45|528.65
40063,220.15|294.05
40064,304.3|329.1
40065,376.7|594.35
40066,582.85|307.2
40067,251.85|575.15
40068,470.2|286.9
40069,519.8|443.4
40070,321.15|405.8
40071,354.05|212.35
40072,409.3|450.9
40073,414.25|441.4
40074,321.7|560.75
40075,210.2|325.7
40076,248.25|444.5
40077,552.6|294.7
40078,459.75|479.1
40079,487.2|487.65
40080,445.95|536.1
40081,451.85|311.7
40082,228.35|404.55
40083,356.7|393.4
40084,595.0|571.15
40085,341.4|209.95
40086,390.45|360.15
40087,442.85|411.8
40088,568.35|456.0
40089,290.6|288.25
40090,450.4|346.6
40091,583.8|253.05
40092,427.5|350.35
40093,557.5|251.3
40094,421.25|231.55
40095,396.65|339.5
40096,445.6|238.8
40097,440.5|316.2
40098,296.9|403.65
40099,231.75|340.55
40100,385.6|482.65
40101,221.9|476.0
40102,351.95|457.05
40103,457.7|469.3
40104,552.3|282.55
40105,333.45|498.35
40106,350.0|388.3
40107,537.75|508.9
40108,220.0|278.6
40109,409.7|533.65
40110,422.2|370.95
40111,417.05|391.9
40112,249.35|226.95
40113,260.5|558.5
40114,468.25|417.7
40115,266.6|440.2
40116,474.15|462.6
40117,542.95|548.65
40118,509.85|492.65
40119,299.7|323.1
40120,211.9|260.5
40121,525.95|559.0
40122,475.6|456.6
40123,458.1|393.7
40124,457.45|384.65
40125,577.5|439.6
40126,283.45|451.2
40127,235.2|253.05
40128,207.05|452.8
40129,443.6|526.55
40130,585.35|406.7
40131,270.55|576.35
40132,296.4|284.6
40133,567.8|581.75
40134,426.1|590.1
40135,274.15|401.65
40136,577.55|434.1
40137,470.65|455.15
40138,237.6|510.2
40139,587.2|362.9
40140,412.1|278.3
40141,588.7|569.15
40142,256.75|361.3
40143,473.9|361.1
40144,477.4|345.75
40145,487.2|457.35
40146,561.4|381.15
40147,562.55|279.55
40148,502.55|317.5
40149,561.1|454.95
40150,328.4|567.05
40151,577.8|444.95
40152,425.6|547.05
40153,463.85|511.9
40154,461.95|481.4
40155,346.35|555.25
40156,503.55|252.4
40157,219.3|353.9
40158,299.75|365.15
40159,377.6|252.3
40160,461.95|450.7
40161,493.3|481.05
40162,578.2|398.4
40163,554.95|429.95
40164,250.75|366.15
40165,252.9|368.35
40166,449.8|561.05
40167,522.85|441.45
40168,569.55|414.05
40169,588.95|353.75
40170,264.95|444.65
40171,336.75|339.65
40172,371.4|478.65
40173,562.7|594.35
40174,426.8|392.8
40175,291.7|379.4
40176,379.8|283.25
40177,339.05|351.8
40178,225.05|502.6
40179,224.65|321.85
40180,423.7|580.8
40181,545.4|592.3
40182,225.65|438.05
40183,372.05|348.6
40184,583.75|374.9
40185,451.25|485.5
40186,460.85|445.05
40187,378.4|469.25
40188,594.2|481.55
40189,592.9|555.65
40190,379.3|524.6
40191,557.95|538.1
40192,336.85|345.45
40193,454.6|529.75
40194,543.35|543.65
40195,396.95|330.6
40196,303.95|371.45
40197,541.35|524.4
40198,588.3|351.2
40199,471.65|545.15
40200,554.55|437.0
40201,509.45|357.0
40202,276.4|561.1
40203,531.9|462.1
40204,301.6|342.15
40205,215.7|584.15
40206,290.35|582.75
40207,393.0|397.3
40208,470.85|353.35
40209,268.7|383.05
40210,213.85|343.65
40211,395.55|489.75
40212,227.45|513.55
40213,363.9|348.5
40214,582.9|582.3
40215,553.4|234.05
40216,265.5|282.75
40217,557.1|244.75
40218,386.5|574.2
40219,371.5|554.95
40220,411.45|523.55
40221,274.75|536.85
40222,584.2|570.45
40223,448.75|509.8
40224,270.65|544.7
40225,569.85|585.7
40226,325.3|347.85
40227,440.8|383.5
40228,390.15|345.15
40229,541.0|326.1
40230,392.6|238.7
40231,472.55|426.75
40232,418.75|224.55
40233,469.4|290.1
40234,419.25|497.9
40235,585.55|272.05
40236,290.3|450.1
40237,394.35|452.35
40238,347.05|529.35
40239,554.6|332.8
40240,321.15|359.85
40241,576.9|581.45
40242,466.0|518.55
40243,484.45|234.75
40244,487.95|224.6
40245,470.4|273.15
40246,587.9|276.6
40247,463.8|362.85
40248,465.6|225.05
40249,397.55|485.65
40250,589.75|423.3
40251,287.3|456.0
40252,456.25|394.4
40253,412.6|374.7
40254,340.95|532.4
40255,369.7|361.6
40256,452.1|458.65
40257,496.75|440.6
40258,523.65|541.85
40259,265.65|231.4
40260,464.95|509.7
40261,551.3|350.2
40262,445.85|539.25
40263,588.15|378.15
40264,568.8|522.3
40265,436.55|382.75
40266,472.55|358.05
40267,227.05|505.25
40268,584.8|585.05
40269,427.35|435.3
40270,258.3|355.35
40271,494.1|243.3
40272,393.15|551.25
40273,534.1|328.6
40274,486.3|295.5
40275,229.45|511.1
40276,488.1|344.6
40277,547.4|236.1
40278,451.0|537.25
40279,477.05|431.2
40280,368.05|259.9
40281,341.45|312.15
40282,373.3|549.4
40283,404.9|542.6
40284,383.85|563.45
40285,282.3|547.1
40286,582.85|414.45
40287,375.15|361.6
40288,208.15|536.5
40289,355.2|544.1
40290,579.3|499.35
40291,581.0|425.75
40292,243.75|550.35
40293,570.3|228.8
40294,454.35|427.45
40295,364.6|424.0
40296,531.7|434.6
40297,420.15|346.7
40298,423.55|319.5
40299,265.3|423.95
40300,593.45|580.8
40301,433.2|400.7
40302,556.0|314.85
40303,223.1|577.55
40304,399.85|313.75
40305,531.2|347.0
40306,268.4|578.6
40307,235.15|416.0
40308,398.55|513.15
40309,363.3|593.95
40310,340.5|372.05
40311,304.05|364.55
40312,595.4|375.75
40313,222.05|210.75
40314,259.25|434.85
40315,340.05|566.6
40316,360.5|517.9
40317,441.85|376.7
40318,580.8|514.8
40319,360.3|253.05
40320,550.8|591.1
40321,399.1|499.3
40322,455.2|510.0
40323,425.2|383.25
40324,229.75|419.95
40325,482.65|330.5
40326,576.7|405.75
40327,256.15|427.05
40328,537.5|437.9
40329,286.85|338.5
40330,252.15|444.55
40331,237.2|413.4
40332,218.6|419.9
40333,526.35|508.0
40334,557.3|587.25
40335,535.25|306.25
40336,355.3|492.35
40337,285.85|257.1
40338,557.75|577.0
40339,435.85|240.9
40340,563.35|591.2
40341,344.1|295.05
40342,364.85|270.2
40343,207.1|474.05
40344,380.75|594.75
40345,460.5|464.55
40346,404.1|589.4
40347,403.65|436.4
40348,534.4|282.35
40349,256.3|219.95
40350,566.7|316.05
40351,516.75|386.3
40352,470.8|411.95
40353,582.7|587.35
40354,388.95|244.9
40355,236.95|444.85
40356,320.15|383.2
40357,286.25|581.85
40358,319.25|356.0
40359,308.7|278.65
40360,487.45|325.75
40361,482.95|504.75
40362,582.55|257.0
40363,457.15|466.9
40364,232.1|399.85
40365,394.95|460.0
40366,526.65|526.05
40367,254.0|431.05
40368,292.2|372.4
40369,349.55|269.1
40370,223.65|398.85
40371,413.55|285.0
40372,215.8|282.75
40373,389.5|576.55
40374,578.8|520.85
40375,461.85|277.3
40376,584.5|427.45
40377,300.75|320.95
40378,526.2|530.25
40379,576.4|268.0
40380,383.75|549.4
40381,414.9|480.15
40382,446.3|575.7
40383,431.9|538.8
40384,354.25|272.95
40385,561.95|349.2
40386,252.7|506.4
40387,314.25|529.85
40388,338.55|526.5
40389,580.05|386.55
40390,267.6|529.8
40391,278.1|436.75
40392,531.75|516.65
40393,288.0|553.55
40394,254.5|418.65
40395,447.6|380.5
40396,482.95|408.2
40397,569.0|229.5
40398,239.95|565.55
40399,280.1|328.65
40400,349.9|356.25
40401,463.4|399.65
40402,352.05|371.75
40403,417.6|511.55
40404,255.85|216.75
40405,572.2|333.35
40406,589.3|476.95
40407,429.35|305.6
40408,429.9|524.95
40409,423.95|412.35
40410,280.9|336.9
40411,484.45|359.45
40412,229.85|280.15
40413,534.0|452.85
40414,373.15|519.3
40415,339.3|327.0
40416,586.0|486.0
40417,536.85|457.25
40418,547.75|226.05
40419,285.35|430.2
40420,377.3|227.15
40421,346.9|254.4
40422,442.05|438.6
40423,219.65|405.75
40424,282.9|410.95
40425,358.75|268.6
40426,400.6|366.0
40427,535.55|515.7
40428,322.3|411.0
40429,350.6|250.6
40430,281.05|568.55
40431,370.15|456.5
40432,229.1|216.95
40433,554.05|414.55
40434,533.9|291.4
40435,415.0|592.7
40436,218.3|337.3
40437,562.3|496.35
40438,565.7|482.5
40439,240.0|566.2
40440,365.45|435.3
40441,445.75|514.1
40442,581.1|384.7
40443,429.25|329.85
40444,334.95|580.2
40445,272.4|298.1
40446,446.7|226.6
40447,228.8|570.45
40448,383.25|277.0
40449,284.65|564.25
40450,560.25|296.15
40451,580.95|538.75
40452,290.65|591.35
40453,583.0|275.65
40454,262.4|282.25
40455,354.75|437.55
40456,251.35|522.7
40457,275.35|367.85
40458,258.35|582.55
40459,251.15|277.75
40460,345.0|549.75
40461,393.0|349.25
40462,252.5|428.1
40463,271.75|223.2
40464,440.65|312.3
40465,234.9|432.35
40466,560.8|406.9
40467,483.7|384.95
40468,438.75|586.2
40469,419.9|537.75
40470,468.05|529.9
40471,418.0|530.0
40472,462.7|518.15
40473,351.7|238.7
40474,522.15|558.55
40475,492.0|487.35
40476,359.9|207.6
40477,569.2|433.4
40478,213.2|234.1
40479,578.95|382.0
40480,427.75|360.35
40481,221.8|244.1
40482,229.6|517.2
40483,478.6|251.05
40484,593.45|275.55
40485,564.45|494.2
40486,222.25|459.85
40487,258.9|309.9
40488,276.2|324.45
40489,214.3|582.7
40490,419.45|261.45
40491,258.4|494.25
40492,455.85|513.95
40493,237.6|371.65
40494,249.75|560.35
40495,574.95|533.35
40496,364.0|445.75
40497,446.3|283.95
40498,223.0|588.45
40499,237.8|418.3
40500,356.85|557.9
40501,358.2|567.95
40502,463.05|581.15
40503,558.45|571.05
40504,485.45|298.25
40505,467.45|566.3
40506,419.15|499.15
40507,554.45|423.2
40508,229.55|494.35
40509,568.15|466.7
40510,347.15|505.8
40511,385.55|399.85
40512,235.45|342.15
40513,591.0|369.75
40514,533.75|503.1
40515,594.4|236.75
40516,470.35|488.45
40517,331.2|520.9
40518,423.0|324.25
40519,570.95|336.95
40520,521.65|359.0
40521,309.9|413.65
40522,474.9|262.15
40523,464.35|531.65
40524,482.95|340.45
40525,342.6|549.75
40526,394.8|251.15
40527,439.45|336.25
40528,215.4|324.85
40529,398.6|549.8
40530,434.85|251.8
40531,262.4|285.6
40532,382.2|372.55
40533,404.5|420.9
40534,249.35|564.35
40535,456.2|566.15
40536,581.25|330.75
40537,409.8|210.85
40538,534.7|346.8
40539,216.85|216.5
40540,376.5|464.55
40541,389.55|293.85
40542,232.9|576.9
40543,582.75|216.6
40544,264.45|555.4
40545,234.85|320.55
40546,427.7|423.85
40547,587.2|549.35
40548,350.25|520.25
40549,280.9|385.4
40550,461.85|278.45
40551,443.0|550.15
40552,543.75|312.65
40553,587.75|337.65
40554,212.6|574.35
40555,576.5|514.1
40556,457.5|490.8
40557,465.75|540.2
40558,362.4|566.4
40559,302.1|534.8
40560,466.3|221.4
40561,248.65|508.55
40562,436.2|401.75
40563,341.1|523.25
40564,435.55|257.55
40565,256.65|266.2
40566,449.15|586.8
40567,359.35|370.75
40568,347.6|432.0
40569,306.45|407.6
40570,560.35|582.3
40571,534.0|557.6
40572,235.6|505.2
40573,393.8|437.85
40574,271.95|570.6
40575,424.6|495.1
40576,410.95|502.45
40577,353.5|232.55
40578,403.8|488.3
40579,471.05|272.5
40580,542.1|330.75
40581,577.15|526.35
40582,318.0|399.55
40583,212.35|440.8
40584,523.4|359.3
40585,291.75|522.4
40586,421.5|533.65
40587,584.25|297.25
40588,263.4|514.3
40589,569.75|419.8
40590,483.7|310.9
40591,249.2|372.6
40592,480.7|509.55
40593,264.85|209.75
40594,546.35|588.1
40595,273.35|573.4
40596,476.4|273.6
40597,452.9|229.6
40598,474.55|343.8
40599,466.5|536.75
40600,344.25|238.75
40601,332.1|340.65
40602,470.35|502.6
40603,261.75|263.65
40604,346.6|234.35
40605,265.75|425.25
40606,445.9|414.6
40607,266.8|242.6
40608,429.25|517.25
40609,242.9|410.15
40610,338.1|418.15
40611,535.35|283.6
40612,379.2|480.95
40613,293.55|531.85
40614,469.55|237.0
40615,221.0|336.35
40616,251.95|256.15
40617,377.95|213.8
40618,217.3|247.75
40619,588.4|511.6
40620,378.95|253.8
40621,593.3|281.75
40622,559.85|450.8
40623,534.85|587.2
40624,299.05|293.9
40625,595.25|585.05
40626,223.85|359.6
40627,320.3|500.8
40628,209.55|411.4
40629,214.05|249.75
40630,280.5|356.9
40631,533.3|560.5
40632,555.15|437.05
40633,517.85|498.65
40634,245.25|284.65
40635,260.35|406.85
40636,399.5|496.5
40637,231.0|513.45
40638,281.75|394.9
40639,520.4|493.85
40640,404.55|549.15
40641,400.7|420.65
40642,467.35|443.6
40643,398.95|561.8
40644,208.55|512.05
40645,572.25|461.4
40646,211.5|513.35
40647,414.75|530.65
40648,273.25|396.35
40649,530.55|433.6
40650,229.25|253.55
40651,529.9|539.2
40652,417.05|584.4
40653,445.4|250.8
40654,287.0|417.65
40655,252.15|486.1
40656,591.3|360.05
40657,537.75|565.5
40658,539.7|549.55
40659,466.05|549.65
40660,247.95|556.6
40661,387.55|297.95
40662,519.3|482.85
40663,242.1|349.45
40664,521.7|220.0
40665,224.7|351.0
40666,465.5|498.2
40667,478.35|520.5
40668,468.0|354.4
40669,381.35|452.4
40670,414.8|236.1
40671,379.75|206.2
40672,576.85|469.35
40673,465.4|517.8
40674,490.4|393.65
40675,539.7|457.65
40676,228.2|332.35
40677,395.35|252.65
40678,372.25|449.4
40679,255.65|571.75
40680,242.65|568.5
40681,286.45|293.5
40682,309.2|295.75
40683,342.95|312.05
40684,418.85|390.0
40685,444.3|259.95
40686,585.7|403.75
40687,286.5|507.6
40688,355.45|442.9
40689,209.55|253.5
40690,412.5|543.35
40691,462.3|332.05
40692,348.05|587.25
40693,393.9|294.65
40694,553.55|441.05
40695,205.9|451.95
40696,260.6|312.5
40697,380.3|593.05
40698,434.6|256.85
40699,316.15|363.15
40700,473.7|229.7
40701,578.25|375.5
40702,342.35|217.55
40703,514.85|459.1
40704,255.85|237.2
40705,372.55|346.35
40706,413.0|360.95
40707,321.85|407.0
40708,407.7|522.6
40709,382.3|512.7
40710,594.55|483.3
40711,447.45|400.15
40712,587.25|359.8
40713,408.3|535.6
40714,581.8|256.15
40715,387.0|368.8
40716,218.45|467.95
40717,369.4|470.8
40718,520.7|330.6
40719,467.6|388.2
40720,459.95|233.0
40721,573.4|308.85
40722,247.2|214.95
40723,231.25|352.45
40724,215.1|376.55
40725,407.55|484.15
40726,213.0|580.6
40727,578.75|336.4
40728,567.25|456.7
40729,577.5|469.65
40730,378.7|550.3
40731,424.7|346.15
40732,557.4|583.4
40733,518.8|493.8
40734,405.25|223.95
40735,570.2|451.2
40736,397.5|352.5
40737,582.7|590.0
40738,209.45|417.55
40739,344.6|411.25
40740,211.65|292.0
40741,372.4|439.05
40742,459.25|397.45
40743,428.25|568.05
40744,237.85|376.8
40745,348.45|305.7
40746,286.8|453.4
40747,352.65|544.4
40748,228.8|575.9
40749,384.35|269.7
40750,344.75|228.9
40751,544.05|552.7
40752,326.65|553.35
40753,577.75|287.7
40754,341.2|398.35
40755,537.2|226.7
40756,406.65|572.05
40757,220.2|452.05
40758,534.15|577.8
40759,409.8|332.8
40760,234.35|534.5
40761,438.0|235.3
40762,335.75|313.75
40763,580.6|227.95
40764,562.75|229.5
40765,578.05|228.2
40766,212.4|319.8
40767,393.35|253.2
40768,322.2|343.6
40769,534.4|574.5
40770,269.05|249.75
40771,208.95|235.25
40772,245.45|583.9
40773,449.9|300.65
40774,453.65|230.65
40775,356.2|453.65
40776,419.75|584.9
40777,571.6|404.35
40778,428.65|464.65
40779,400.7|591.0
40780,372.35|566.5
40781,462.95|330.0
40782,296.45|389.75
40783,395.05|294.35
40784,393.95|576.35
40785,366.2|387.1
40786,342.65|456.95
40787,561.5|275.35
40788,221.75|463.1
40789,584.2|396.25
40790,447.45|267.55
40791,403.9|571.45
40792,466.15|251.35
40793,397.45|543.6
40794,256.9|267.4
40795,468.2|490.95
40796,567.9|301.35
40797,300.3|225.2
40798,560.75|516.5
40799,318.3|364.55
40800,400.95|499.2
40801,257.05|351.95
40802,400.55|568.7
40803,413.9|285.0
40804,364.7|214.75
40805,577.0|459.55
40806,213.9|588.0
40807,338.05|251.25
40808,549.05|241.45
40809,542.7|324.65
40810,358.1|341.85
40811,347.6|383.5
40812,303.0|505.1
40813,420.05|283.95
40814,466.6|560.25
40815,435.4|372.75
40816,362.4|506.3
40817,456.35|358.7
40818,415.8|257.3
40819,552.95|530.55
40820,575.9|242.75
40821,234.4|330.4
40822,567.95|402.65
40823,337.4|216.1
40824,571.7|441.85
40825,408.3|433.25
40826,459.15|434.55
40827,551.5|245.15
40828,407.8|492.45
40829,394.25|445.35
40830,474.35|323.9
40831,543.85|317.8
40832,416.85|487.1
40833,455.8|365.8
40834,406.3|267.15
40835,454.5|351.7
40836,232.8|311.6
40837,347.55|228.65
40838,582.1|560.15
40839,337.85|324.55
40840,268.4|561.7
40841,225.35|471.05
40842,520.0|508.25
40843,458.3|448.6
40844,559.85|572.3
40845,544.85|267.3
40846,444.55|215.4
40847,588.55|239.95
40848,464.9|403.7
40849,245.15|269.15
40850,250.15|284.75
40851,474.45|210.15
40852,546.6|430.9
40853,475.8|465.15
40854,405.6|367.65
40855,472.95|213.95
40856,514.75|505.8
40857,229.0|581.9
40858,519.8|547.95
40859,424.3|382.65
40860,531.15|435.95
40861,238.15|512.35
40862,555.8|246.3
40863,461.75|479.0
40864,566.15|441.85
40865,386.3|587.0
40866,581.15|298.5
40867,462.65|554.8
40868,590.7|580.35
40869,468.15|322.15
40870,447.15|550.45
40871,548.8|589.15
40872,538.7|547.7
40873,210.8|418.9
40874,291.8|485.55
40875,428.55|476.75
40876,430.9|506.35
40877,476.3|355.0
40878,531.9|572.3
40879,215.8|524.1
40880,250.95|239.55
40881,459.8|385.85
40882,578.85|539.95
40883,556.75|554.8
40884,430.9|213.35
40885,287.6|575.45
40886,528.25|459.3
40887,407.5|339.95
40888,575.75|580.7
40889,354.2|255.8
40890,283.45|479.4
40891,577.9|454.15
40892,398.35|346.65
40893,536.4|345.25
40894,390.95|562.9
40895,263.5|303.1
40896,362.15|350.25
40897,473.1|223.15
40898,218.6|490.75
40899,525.4|438.85
40900,379.55|588.55
40901,564.9|300.4
40902,248.3|407.7
40903,481.1|352.4
40904,456.5|559.4
40905,551.4|314.4
40906,350.05|221.1
40907,466.7|450.15
40908,423.75|392.5
40909,569.25|408.7
40910,396.25|273.75
40911,280.9|376.05
40912,221.6|483.35
40913,539.45|538.2
40914,425.25|532.75
40915,375.7|555.25
40916,588.75|254.75
40917,555.4|555.65
40918,261.7|565.5
40919,397.7|536.25
40920,588.05|573.2
40921,575.85|466.95
40922,318.0|376.55
40923,299.4|340.45
40924,278.25|272.5
40925,583.4|264.65
40926,279.8|588.75
40927,382.3|232.55
40928,563.6|513.25
40929,362.6|579.15
40930,400.2|487.15
40931,349.65|279.75
40932,260.8|305.05
40933,359.8|512.75
40934,337.95|315.05
40935,583.65|379.6
40936,589.1|430.75
40937,459.05|572.35
40938,494.25|279.6
40939,280.25|332.9
40940,231.7|213.85
40941,428.5|405.05
40942,396.2|380.8
40943,286.8|333.5
40944,511.6|383.0
40945,416.05|495.45
40946,462.65|555.25
40947,358.3|215.85
40948,319.5|338.6
40949,557.75|521.8
40950,261.5|522.2
40951,543.1|313.95
40952,371.1|372.35
40953,379.6|419.5
40954,576.9|581.75
40955,377.9|520.5
40956,462.0|338.05
40957,481.2|469.45
40958,546.2|570.5
40959,402.5|343.25
40960,264.45|590.3
40961,592.1|352.75
40962,271.4|370.1
40963,456.4|512.25
40964,373.85|576.2
40965,521.0|476.5
40966,400.05|488.65
40967,400.5|479.85
40968,374.1|337.8
40969,499.5|225.45
40970,459.85|523.45
40971,497.35|286.1
40972,380.15|220.5
40973,563.55|577.4
40974,382.15|396.9
40975,208.7|265.55
40976,398.5|591.25
40977,577.3|537.25
40978,468.65|476.15
40979,580.8|399.5
40980,263.1|417.35
40981,382.9|326.7
40982,248.65|448.05
40983,354.0|350.1
40984,441.55|392.85
40985,582.5|443.75
40986,565.75|348.8
40987,344.65|551.4
40988,292.85|540.55
40989,556.25|558.4
40990,454.8|589.55
40991,253.75|261.05
40992,435.6|300.8
40993,393.0|505.15
40994,566.35|445.6
40995,396.65|547.95
40996,274.0|399.75
40997,563.8|277.45
40998,209.5|320.2
40999,547.5|449.35
41000,578.85|510.2
41001,448.5|449.6
41002,457.4|588.75
41003,406.65|371.25
41004,352.1|442.2
41005,453.9|356.95
41006,348.85|351.05
41007,354.0|538.0
41008,254.35|437.45
41009,484.2|420.05
41010,590.7|508.8
41011,468.95|224.35
41012,370.9|496.35
41013,260.55|269.9
41014,343.8|551.95
41015,365.0|487.95
41016,465.35|503.55
41017,344.7|260.6
41018,405.9|420.15
41019,554.25|234.0
41020,386.85|270.9
41021,537.0|533.8
41022,224.05|590.65
41023,207.25|458.8
41024,539.85|392.75
41025,578.1|363.75
41026,443.95|560.6
41027,263.4|492.6
41028,361.7|315.8
41029,378.45|220.45
41030,466.65|320.45
41031,457.35|531.95
41032,425.65|261.25
41033,402.25|478.4
41034,292.45|437.45
41035,353.6|268.65
41036,428.65|373.35
41037,444.55|528.75
41038,368.3|236.6
41039,429.75|478.7
41040,390.95|283.65
41041,242.25|215.4
41042,477.1|372.45
41043,410.05|551.15
41044,253.6|216.75
41045,591.65|442.35
41046,444.15|239.1
41047,231.9|319.95
41048,464.0|245.1
41049,251.35|286.1
41050,532.15|499.55
41051,588.55|537.15
41052,533.85|340.6
41053,350.25|529.55
41054,396.95|593.6
41055,424.1|401.25
41056,396.4|360.0
41057,339.35|228.6
41058,213.0|585.85
41059,215.25|307.7
41060,417.35|479.5
41061,439.75|474.35
41062,314.8|324.7
41063,266.3|229.85
41064,546.1|577.5
41065,241.45|485.05
41066,266.85|367.2
41067,321.85|335.4
41068,466.4|446.5
41069,220.25|588.15
41070,208.25|524.9
41071,471.25|509.05
41072,395.35|487.15
41073,212.2|402.9
41074,575.4|250.05
41075,264.85|297.4
41076,437.6|401.3
41077,593.2|267.1
41078,567.8|565.3
41079,245.3|438.35
41080,229.25|361.7
41081,383.35|565.2
41082,256.35|503.9
41083,373.8|365.55
41084,404.85|361.9
41085,592.5|563.9
41086,282.2|540.75
41087,487.5|335.85
41088,353.85|593.2
41089,232.35|294.0
41090,490.95|494.95
41091,456.95|332.7
41092,265.7|228.15
41093,347.9|557.7
41094,228.15|547.4
41095,451.55|508.25
41096,207.55|296.2
41097,578.35|390.3
41098,212.25|541.45
41099,205.5|532.95
41100,368.95|210.0
41101,242.7|449.15
41102,262.15|306.75
41103,501.85|363.7
41104,416.3|584.0
41105,412.2|388.8
41106,557.6|423.5
41107,244.65|230.65
41108,363.45|281.95
41109,425.7|321.25
41110,218.6|231.95
41111,249.15|431.1
41112,380.95|484.8
41113,487.55|483.65
41114,418.75|594.45
41115,241.75|303.15
41116,498.95|309.3
41117,472.1|330.85
41118,268.85|205.9
41119,423.45|415.75
41120,381.2|494.55
41121,286.8|503.25
41122,417.4|467.3
41123,239.6|423.5
41124,450.7|574.6
41125,346.05|227.85
41126,466.2|290.6
41127,377.9|213.6
41128,384.9|309.55
41129,362.25|444.85
41130,208.85|392.25
41131,416.65|506.7
41132,209.45|578.85
41133,357.55|341.85
41134,372.2|224.8
41135,244.95|305.35
41136,348.25|235.4
41137,535.15|298.2
41138,254.3|435.8
41139,280.35|482.0
41140,353.9|515.4
41141,501.75|474.65
41142,554.0|283.0
41143,589.35|358.95
41144,558.95|296.0
41145,225.6|520.15
41146,251.1|513.9
41147,371.05|497.4
41148,368.7|550.1
41149,568.35|312.4
41150,341.25|332.55
41151,451.2|404.4
41152,232.3|426.55
41153,226.75|507.95
41154,284.0|504.55
41155,471.55|414.1
41156,428.8|354.35
41157,384.7|208.8
41158,387.7|589.8
41159,211.8|224.2
41160,335.2|340.35
41161,441.75|539.95
41162,296.15|514.45
41163,564.85|580.25
41164,570.65|561.75
41165,510.1|243.75
41166,300.75|403.85
41167,397.55|278.55
41168,487.4|467.7
41169,420.95|379.6
41170,273.25|466.0
41171,338.1|214.15
41172,343.45|315.45
41173,210.5|248.2
41174,515.4|532.65
41175,268.25|213.4
41176,354.7|300.65
41177,256.75|470.95
41178,476.65|561.85
41179,277.8|285.25
41180,506.7|337.4
41181,459.3|238.8
41182,499.9|441.1
41183,360.35|243.4
41184,525.3|563.5
41185,455.0|230.7
41186,408.4|389.05
41187,530.3|395.3
41188,504.05|472.3
41189,236.0|260.65
41190,587.7|267.45
41191,570.15|468.1
41192,362.4|213.65
41193,592.0|480.1
41194,229.1|473.75
41195,574.0|422.9
41196,385.4|324.75
41197,365.45|248.55
41198,417.95|431.95
41199,354.4|281.7
41200,583.6|272.5
41201,286.0|590.75
41202,569.6|503.5
41203,588.05|361.1
41204,223.1|484.65
41205,220.8|406.3
41206,578.8|446.55
41207,481.7|232.75
41208,424.75|473.0
41209,523.8|478.55
41210,219.05|432.4
41211,296.25|561.8
41212,434.15|442.7
41213,555.4|586.05
41214,244.85|291.15
41215,409.55|568.5
41216,232.7|428.75
41217,242.75|319.35
41218,444.95|463.55
41219,587.3|558.35
41220,372.95|291.6
41221,530.9|560.9
41222,268.3|555.4
41223,325.9|425.6
41224,544.85|524.05
41225,411.15|560.1
41226,548.75|467.15
41227,366.55|583.5
41228,532.05|318.9
41229,248.9|293.5
41230,238.75|587.15
41231,454.55|354.4
41232,336.95|370.7
41233,450.75|561.65
41234,398.1|360.1
41235,584.2|465.15
41236,255.5|377.25
41237,427.7|231.2
41238,473.1|405.5
41239,224.5|324.5
41240,291.35|578.8
41241,419.7|546.8
41242,470.0|479.3
41243,271.3|493.7
41244,438.6|435.95
41245,256.5|581.1
41246,222.15|576.05
41247,349.65|496.7
41248,372.8|247.85
41249,328.1|342.3
41250,476.65|363.75
41251,423.25|382.2
41252,236.0|243.6
41253,446.25|303.1
41254,534.1|547.65
41255,544.65|570.85
41256,569.95|492.4
41257,536.4|518.5
41258,255.75|405.65
41259,210.85|244.8
41260,347.9|333.55
41261,454.45|560.25
41262,446.5|385.6
41263,509.3|484.45
41264,403.35|486.55
41265,572.6|231.2
41266,551.8|272.3
41267,595.25|491.05
41268,437.6|441.3
41269,207.55|570.75
41270,250.55|426.25
41271,521.8|417.95
41272,546.85|523.8
41273,403.0|394.1
41274,583.95|216.55
41275,572.0|356.15
41276,393.15|575.15
41277,584.05|410.5
41278,241.0|217.95
41279,451.15|465.0
41280,555.9|525.05
41281,505.45|487.5
41282,415.95|491.7
41283,554.75|268.85
41284,418.35|434.75
41285,387.45|440.7
41286,449.45|457.7
41287,270.75|271.2
41288,527.6|429.95
41289,569.7|486.65
41290,233.95|340.0
41291,298.3|331.25
41292,475.8|246.65
41293,351.05|546.15
41294,236.55|472.85
41295,379.45|348.8
41296,303.1|451.65
41297,470.95|347.35
41298,466.95|468.3
41299,551.45|227.95
41300,334.05|416.25
41301,220.95|223.9
41302,232.85|554.2
41303,405.1|363.9
41304,397.75|592.85
41305,467.25|223.35
41306,284.65|585.6
41307,564.95|222.6
41308,214.75|578.6
41309,249.75|428.5
41310,441.3|377.1
41311,315.1|255.5
41312,399.05|295.75
41313,386.5|257.75
41314,570.0|271.45
41315,381.2|576.6
41316,394.0|569.25
41317,484.0|336.9
41318,344.2|268.85
41319,350.9|366.6
41320,390.25|590.25
41321,591.7|561.25
41322,460.75|525.6
41323,476.1|362.95
41324,545.45|551.55
41325,265.8|575.65
41326,517.85|338.05
41327,578.85|559.05
41328,210.1|327.2
41329,420.4|399.9
41330,211.85|475.0
41331,360.1|209.05
41332,580.45|346.25
41333,422.4|269.8
41334,244.75|284.8
41335,468.6|373.05
41336,543.4|236.2
41337,365.25|297.3
41338,476.2|561.25
41339,338.5|277.25
41340,273.1|230.55
41341,444.9|308.5
41342,424.9|538.45
41343,405.55|513.15
41344,456.65|589.4
41345,469.9|283.4
41346,560.95|514.4
41347,261.75|271.45
41348,492.55|482.05
41349,476.5|331.3
41350,382.45|322.45
41351,234.85|462.25
41352,361.8|299.25
41353,546.0|585.65
41354,431.55|377.35
41355,579.75|400.8
41356,274.4|586.25
41357,284.2|414.75
41358,455.45|474.4
41359,209.0|460.35
41360,397.3|317.65
41361,469.15|334.8
41362,524.05|570.75
41363,459.65|553.3
41364,557.1|249.15
41365,462.5|384.0
41366,353.2|271.4
41367,537.1|547.3
41368,275.35|432.65
41369,244.85|530.2
41370,446.95|308.2
41371,485.55|355.25
41372,455.4|446.95
41373,551.85|356.8
41374,344.8|416.0
41375,523.65|477.3
41376,212.4|505.7
41377,257.45|536.7
41378,366.6|570.55
41379,594.4|465.25
41380,413.9|291.0
41381,265.3|576.2
41382,228.15|483.85
41383,512.0|384.4
41384,331.05|591.7
41385,555.6|426.45
41386,323.2|301.1
41387,211.8|590.95
41388,521.15|434.7
41389,231.8|205.8
41390,293.2|357.45
41391,498.55|448.6
41392,313.85|556.05
41393,402.45|233.05
41394,468.6|467.1
41395,356.35|226.45
41396,453.15|302.3
41397,387.4|215.25
41398,472.4|332.0
41399,288.15|375.45
41400,536.4|311.9
41401,520.2|436.05
41402,281.65|333.25
41403,473.05|286.4
41404,388.85|412.35
41405,537.95|533.35
41406,373.2|351.15
41407,398.15|411.25
41408,567.55|404.2
41409,266.55|566.45
41410,583.55|543.9
41411,277.6|417.25
41412,281.65|305.0
41413,388.25|291.4
41414,580.45|448.2
41415,325.5|573.6
41416,279.1|578.7
41417,217.85|402.7
41418,432.3|582.0
41419,359.35|522.15
41420,285.55|350.3
41421,561.7|263.75
41422,570.9|511.5
41423,573.3|573.65
41424,219.4|289.3
41425,321.1|565.85
41426,588.7|590.85
41427,417.6|589.25
41428,264.35|209.15
41429,392.55|509.45
41430,389.65|474.4
41431,382.6|247.6
41432,209.9|209.35
41433,283.8|373.6
41434,251.9|216.15
41435,216.35|402.7
41436,343.7|321.65
41437,263.5|410.25
41438,488.95|217.1
41439,351.95|347.75
41440,284.15|424.0
41441,415.7|293.1
41442,384.9|451.9
41443,246.9|564.5
41444,376.4|564.0
41445,218.05|591.65
41446,377.0|424.4
41447,325.25|583.45
41448,493.15|511.3
41449,412.95|285.95
41450,427.0|296.15
41451,562.45|567.05
41452,388.75|226.75
41453,385.5|287.7
41454,521.85|490.05
41455,530.4|354.7
41456,402.1|376.15
41457,535.25|545.5
41458,457.6|457.85
41459,328.15|207.35
41460,290.85|475.5
41461,422.2|455.2
41462,507.4|517.25
41463,207.1|220.05
41464,566.6|541.9
41465,217.95|238.95
41466,588.4|360.1
41467,576.95|556.75
41468,220.75|496.1
41469,252.4|560.45
41470,563.1|581.75
41471,369.7|489.1
41472,387.45|512.8
41473,214.8|501.9
41474,405.7|375.95
41475,471.7|218.45
41476,444.95|560.1
41477,352.7|443.4
41478,343.0|312.6
41479,551.1|584.75
41480,468.3|454.35
41481,238.6|444.55
41482,253.45|406.4
41483,260.6|367.45
41484,224.0|363.95
41485,439.4|438.7
41486,241.2|527.6
41487,385.75|480.85
41488,372.6|360.3
41489,462.25|221.05
41490,585.55|548.2
41491,407.15|410.6
41492,412.45|225.65
41493,343.4|522.0
41494,212.75|383.25
41495,384.6|466.4
41496,536.25|335.85
41497,573.8|246.65
41498,473.25|545.85
41499,360.85|584.35
41500,352.0|266.6
41501,468.65|494.25
41502,284.15|529.05
41503,250.25|554.65
41504,357.9|214.8
41505,433.3|464.5
41506,482.4|496.3
41507,216.35|455.75
41508,312.55|533.25
41509,402.9|574.4
41510,585.5|423.65
41511,431.4|424.45
41512,551.6|244.2
41513,342.9|265.25
41514,583.2|571.65
41515,344.5|582.9
41516,567.95|568.45
41517,436.4|397.9
41518,384.55|244.05
41519,239.45|593.1
41520,359.35|440.65
41521,381.7|358.5
41522,525.45|337.15
41523,257.55|439.05
41524,424.5|237.6
41525,400.2|260.25
41526,310.55|360.3
41527,509.8|454.5
41528,432.0|375.6
41529,251.95|413.9
41530,301.8|335.1
41531,435.95|396.1
41532,453.05|327.9
41533,273.9|373.9
41534,538.85|486.1
41535,277.1|583.55
41536,218.0|485.85
41537,219.55|507.45
41538,377.45|225.05
41539,358.5|208.1
41540,474.15|495.25
41541,559.0|217.3
41542,250.65|377.8
41543,562.2|256.65
41544,374.8|342.75
41545,229.85|315.4
41546,409.55|365.25
41547,258.45|237.75
41548,375.45|513.7
41549,469.1|342.0
41550,443.65|507.65
41551,420.85|208.3
41552,459.55|528.4
41553,402.65|271.6
41554,539.5|306.75
41555,445.6|475.25
41556,436.6|585.9
41557,504.7|274.65
41558,563.7|552.55
41559,406.3|341.1
41560,533.75|308.35
41561,334.45|346.8
41562,270.7|590.4
41563,466.75|247.8
41564,392.15|517.8
41565,357.65|275.85
41566,347.8|243.6
41567,534.45|399.6
41568,225.75|498.7
41569,410.25|552.2
41570,242.25|508.55
41571,584.3|459.5
41572,297.0|337.2
41573,238.75|547.85
41574,229.45|575.6
41575,513.25|442.75
41576,412.55|591.75
41577,223.3|419.6
41578,584.9|355.7
41579,449.9|274.4
41580,283.6|317.45
41581,573.45|551.65
41582,337.7|569.2
41583,279.3|368.65
41584,244.2|463.1
41585,209.3|578.05
41586,550.05|587.8
41587,563.6|379.3
41588,450.5|446.3
41589,230.45|399.7
41590,464.35|319.0
41591,565.2|419.95
41592,215.35|390.55
41593,253.1|405.3
41594,221.9|434.1
41595,371.8|397.85
41596,287.35|325.15
41597,434.25|238.4
41598,473.5|290.3
41599,440.45|430.85
41600,260.95|368.8
41601,421.05|294.55
41602,210.95|479.55
41603,237.1|442.3
41604,531.75|457.4
41605,500.65|346.85
41606,291.9|220.15
41607,302.2|313.05
41608,217.7|483.45
41609,571.55|455.45
41610,568.3|270.15
41611,435.0|501.85
41612,343.25|279.7
41613,440.4|334.85
41614,478.0|465.15
41615,211.9|477.6
41616,473.9|496.9
41617,463.4|222.65
41618,580.7|484.35
41619,542.3|252.85
41620,213.7|320.1
41621,467.45|344.85
41622,527.6|348.65
41623,560.1|215.9
41624,562.8|524.25
41625,281.2|283.15
41626,388.75|475.25
41627,537.45|344.55
41628,373.0|551.9
41629,378.0|511.15
41630,580.55|493.55
41631,226.6|405.0
41632,507.75|568.95
41633,241.6|474.35
41634,382.05|484.15
41635,237.95|277.1
41636,267.9|242.4
41637,345.4|400.7
41638,578.15|508.55
41639,324.9|440.75
41640,284.5|523.3
41641,287.5|501.05
41642,292.2|531.8
41643,234.65|296.5
41644,421.75|477.1
41645,324.0|357.2
41646,286.5|421.6
41647,537.5|262.25
41648,534.1|576.6
41649,450.05|589.2
41650,207.75|296.1
41651,206.8|503.35
41652,405.35|374.4
41653,439.1|583.55
41654,213.3|387.0
41655,281.4|541.85
41656,258.3|363.85
41657,262.75|448.55
41658,461.2|434.75
41659,421.95|575.6
41660,471.75|386.55
41661,570.35|397.35
41662,376.1|590.1
41663,461.4|434.7
41664,442.3|568.9
41665,400.8|517.55
41666,446.25|412.1
41667,462.75|246.1
41668,451.3|245.55
41669,256.9|566.25
41670,313.05|391.65
41671,441.2|290.0
41672,389.25|217.75
41673,354.65|298.8
41674,440.55|260.5
41675,423.2|258.65
41676,467.3|357.6
41677,564.7|461.85
41678,431.15|361.9
41679,462.25|287.45
41680,580.05|459.1
41681,454.7|368.05
41682,317.15|321.7
41683,578.35|488.2
41684,400.85|570.95
41685,368.4|349.9
41686,235.05|545.4
41687,218.35|306.2
41688,398.25|361.05
41689,352.25|320.7
41690,474.1|461.5
41691,539.7|306.0
41692,567.25|400.25
41693,242.05|435.5
41694,385.1|214.4
41695,544.75|546.45
41696,426.55|477.7
41697,543.95|591.7
41698,415.65|216.35
41699,439.35|567.75
41700,521.65|447.1
41701,449.8|426.85
41702,240.15|310.85
41703,583.0|206.15
41704,245.3|213.0
41705,413.45|571.7
41706,219.55|245.7
41707,268.85|260.05
41708,561.65|574.1
41709,218.0|223.55
41710,531.25|579.45
41711,253.45|465.75
41712,437.4|416.35
41713,468.45|231.6
41714,271.6|270.55
41715,393.9|369.5
41716,452.55|555.6
41717,231.8|258.7
41718,577.55|550.05
41719,526.95|503.3
41720,527.1|438.6
41721,253.8|561.5
41722,241.35|415.65
41723,562.05|340.75
41724,531.05|403.0
41725,594.8|269.5
41726,464.7|303.75
41727,320.35|320.2
41728,404.5|211.25
41729,566.7|589.65
41730,470.4|545.65
41731,340.5|233.8
41732,388.1|342.5
41733,284.8|331.0
41734,215.6|358.8
41735,226.4|462.5
41736,384.55|343.6
41737,520.6|355.65
41738,340.85|389.75
41739,338.95|238.65
41740,392.7|346.8
41741,459.1|573.9
41742,588.2|483.15
41743,505.85|465.75
41744,440.9|584.45
41745,279.45|292.65
41746,474.35|349.05
41747,215.9|591.4
41748,360.35|239.7
41749,363.4|207.3
41750,284.0|573.5
41751,235.7|569.15
41752,283.45|582.65
41753,577.95|441.4
41754,361.6|539.9
41755,352.9|431.35
41756,573.1|281.1
41757,222.25|366.0
41758,246.85|452.7
41759,225.1|399.75
41760,403.9|445.85
41761,501.45|386.3
41762,476.3|501.7
41763,250.9|510.35
41764,445.85|321.85
41765,408.15|394.55
41766,207.9|579.4
41767,347.0|470.45
41768,445.25|350.3
41769,290.6|385.85
41770,560.5|521.65
41771,262.35|556.45
41772,457.2|390.45
41773,467.85|296.7
41774,443.1|449.2
41775,277.2|590.95
41776,567.35|537.9
41777,216.95|464.65
41778,253.1|433.0
41779,297.9|358.1
41780,533.1|439.65
41781,488.35|219.7
41782,445.8|383.8
41783,384.0|327.95
41784,544.95|220.45
41785,406.85|498.15
41786,441.45|531.85
41787,265.45|397.35
41788,462.15|513.2
41789,450.9|319.45
41790,469.0|248.1
41791,214.15|504.1
41792,421.55|564.0
41793,428.6|445.3
41794,521.8|565.85
41795,346.75|493.5
41796,471.5|555.95
41797,429.3|327.75
41798,446.1|591.9
41799,571.1|264.0
41800,355.1|343.4
41801,469.95|213.2
41802,345.45|538.35
41803,231.05|578.05
41804,227.05|584.05
41805,467.05|480.45
41806,368.8|285.15
41807,233.9|421.75
41808,538.2|438.3
41809,579.3|454.55
41810,579.85|395.35
41811,436.35|294.45
41812,365.85|514.3
41813,257.0|437.75
41814,581.25|424.2
41815,356.05|279.85
41816,538.1|501.8
41817,302.85|563.15
41818,567.1|336.05
41819,224.85|464.35
41820,545.1|226.5
41821,592.45|363.05
41822,440.75|525.9
41823,360.7|230.8
41824,533.1|380.55
41825,400.85|557.2
41826,461.4|551.35
41827,347.6|376.6
41828,324.15|421.45
41829,380.5|486.5
41830,541.55|360.45
41831,281.8|448.55
41832,283.15|442.55
41833,586.2|263.55
41834,275.75|377.2
41835,272.8|324.25
41836,257.9|332.1
41837,377.8|278.9
41838,432.75|220.45
41839,453.0|536.05
41840,230.2|524.75
41841,389.65|553.95
41842,464.55|237.75
41843,397.2|588.5
41844,275.2|459.75
41845,245.05|262.25
41846,439.95|519.75
41847,226.85|550.15
41848,356.1|276.95
41849,225.3|215.4
41850,579.1|361.1
41851,232.45|521.45
41852,464.05|295.7
41853,432.85|455.55
41854,364.9|489.25
41855,249.15|409.25
41856,574.85|306.95
41857,218.4|426.85
41858,214.2|291.8
41859,416.05|220.75
41860,382.05|286.45
41861,590.05|501.55
41862,552.8|413.8
41863,563.6|218.6
41864,523.15|256.0
41865,568.85|218.65
41866,552.0|225.9
41867,439.1|350.0
41868,550.0|451.7
41869,301.45|497.7
41870,271.35|280.75
41871,435.7|225.6
41872,244.6|408.6
41873,325.3|331.4
41874,260.6|331.65
41875,347.95|542.2
41876,539.1|232.1
41877,390.35|511.7
41878,541.95|404.65
41879,427.15|510.6
41880,255.75|489.45
41881,440.05|490.35
41882,469.5|370.55
41883,300.95|379.1
41884,222.7|469.9
41885,557.95|434.6
41886,547.65|288.0
41887,480.9|268.4
41888,346.7|542.7
41889,467.75|313.0
41890,390.4|464.05
41891,550.7|527.3
41892,543.6|551.05
41893,320.1|530.7
41894,423.95|309.4
41895,410.35|591.5
41896,431.7|244.75
41897,382.55|242.05
41898,358.4|260.2
41899,287.9|400.0
41900,574.0|580.7
41901,442.0|523.25
41902,578.05|399.55
41903,223.65|471.15
41904,299.9|458.9
41905,574.3|406.35
41906,260.05|257.55
41907,332.45|326.25
41908,270.0|334.5
41909,341.65|524.45
41910,229.9|412.65
41911,265.95|406.85
41912,470.65|553.15
41913,542.45|582.45
41914,538.65|574.05
41915,528.4|320.65
41916,391.05|273.85
41917,222.3|298.5
41918,488.75|371.9
41919,366.9|382.4
41920,462.45|386.05
41921,301.1|376.9
41922,489.35|348.9
41923,558.65|588.55
41924,485.45|345.25
41925,288.05|322.2
41926,381.8|448.95
41927,299.7|424.45
41928,481.45|467.95
41929,281.7|425.65
41930,256.4|579.15
41931,450.95|273.2
41932,434.35|512.3
41933,359.0|265.5
41934,246.65|281.7
41935,489.65|486.5
41936,209.55|383.25
41937,235.1|492.0
41938,461.65|518.3
41939,393.35|583.7
41940,429.35|563.7
41941,237.7|274.85
41942,245.45|230.65
41943,213.0|383.15
41944,582.85|457.55
41945,289.9|534.2
41946,208.9|576.25
41947,413.5|327.6
41948,487.9|359.3
41949,301.85|388.65
41950,422.5|377.8
41951,266.3|367.75
41952,483.05|215.2
41953,420.65|294.15
41954,409.3|506.35
41955,582.1|329.45
41956,289.05|542.9
41957,448.4|455.25
41958,583.6|361.25
41959,351.8|306.85
41960,508.4|329.85
41961,533.4|417.6
41962,541.45|505.4
41963,549.75|263.5
41964,214.35|588.1
41965,449.4|270.1
41966,272.2|317.2
41967,396.75|397.15
41968,409.95|255.8
41969,342.3|539.05
41970,282.1|440.05
41971,568.95|361.35
41972,354.3|243.1
41973,230.7|557.3
41974,554.0|457.8
41975,579.05|331.35
41976,214.65|486.35
41977,211.2|575.8
41978,524.1|418.25
41979,299.65|384.65
41980,489.7|377.5
41981,587.5|331.9
41982,476.85|318.25
41983,547.85|255.95
41984,223.3|287.1
41985,566.0|586.15
41986,399.45|499.35
41987,453.4|428.3
41988,387.45|390.3
41989,523.5|569.25
41990,352.55|298.2
41991,348.5|229.9
41992,478.5|459.6
41993,376.4|586.65
41994,585.15|210.65
41995,411.75|376.05
41996,309.3|580.25
41997,528.75|529.2
41998,552.75|578.05
41999,254.05|226.75
42000,384.65|356.35
42001,343.85|330.4
42002,591.0|389.95
42003,577.15|405.85
42004,215.9|226.4
42005,304.3|335.2
42006,325.25|376.2
42007,403.7|298.5
42008,288.1|545.35
42009,262.75|407.45
42010,271.95|407.55
42011,429.15|365.75
42012,299.4|529.6
42013,494.6|280.45
42014,442.55|398.0
42015,273.7|452.15
42016,563.65|592.5
42017,342.95|334.55
42018,469.9|319.3
42019,209.45|358.6
42020,237.3|448.45
42021,383.3|577.15
42022,564.75|312.75
42023,300.8|322.3
42024,564.5|533.55
42025,578.75|324.25
42026,257.95|370.15
42027,372.7|279.8
42028,218.25|318.95
42029,298.9|292.85
42030,463.55|525.8
42031,222.8|238.45
42032,241.55|554.7
42033,274.8|274.8
42034,588.2|496.25
42035,550.9|349.7
42036,422.35|222.55
42037,317.95|420.2
42038,300.95|385.85
42039,587.75|222.35
42040,426.15|363.55
42041,443.6|503.85
42042,413.4|359.95
42043,450.6|243.9
42044,288.2|332.15
42045,501.1|514.55
42046,567.55|494.6
42047,387.85|591.7
42048,431.05|521.55
42049,387.2|591.2
42050,439.85|475.85
42051,383.25|388.0
42052,548.15|435.7
42053,232.7|422.2
42054,535.55|421.1
42055,352.4|544.8
42056,349.4|339.55
42057,378.05|596.75
42058,220.15|212.2
42059,380.55|391.45
42060,225.15|591.1
42061,221.3|580.7
42062,412.35|441.75
42063,286.75|439.7
42064,581.75|288.6
42065,469.85|219.0
42066,529.35|367.45
42067,330.95|356.1
42068,565.1|280.4
42069,523.75|348.9
42070,290.75|588.35
42071,469.8|340.05
42072,582.0|571.6
42073,374.05|417.1
42074,261.4|277.8
42075,458.85|445.6
42076,290.9|487.75
42077,558.35|371.5
42078,362.5|220.65
42079,390.15|590.6
42080,591.1|420.4
42081,532.15|493.75
42082,578.0|487.4
42083,323.8|331.8
42084,565.65|249.25
42085,387.7|332.55
42086,513.8|333.3
42087,217.05|484.3
42088,280.05|548.0
42089,562.1|591.4
42090,576.65|232.45
42091,460.55|302.1
42092,520.85|404.7
42093,247.5|307.5
42094,297.15|429.85
42095,241.7|315.95
42096,463.15|311.2
42097,372.55|568.7
42098,534.4|277.1
42099,555.0|295.5
42100,444.05|464.4
42101,326.4|536.25
42102,240.15|336.1
42103,580.6|443.25
42104,356.65|225.45
42105,461.15|430.5
42106,211.6|286.1
42107,260.0|416.55
42108,471.2|239.75
42109,262.75|226.45
42110,581.05|335.2
42111,349.0|492.95
42112,358.0|454.6
42113,238.55|234.8
42114,560.05|467.35
42115,528.2|433.15
42116,376.3|460.7
42117,585.9|229.5
42118,384.15|494.15
42119,479.25|542.65
42120,591.8|363.75
42121,401.25|493.9
42122,567.65|447.65
42123,373.35|253.75
42124,356.9|330.25
42125,579.25|245.8
42126,467.0|567.15
42127,239.5|288.85
42128,443.8|559.2
42129,560.05|526.2
42130,290.05|334.0
42131,584.6|340.7
42132,293.4|517.1
42133,396.65|288.45
42134,456.0|298.95
42135,296.4|368.9
42136,212.15|405.05
42137,414.1|397.8
42138,225.7|228.45
42139,568.45|588.6
42140,412.35|260.15
42141,539.6|227.7
42142,580.3|543.2
42143,209.5|588.75
42144,447.9|471.7
42145,580.65|242.1
42146,411.05|592.3
42147,272.85|350.3
42148,221.15|314.4
42149,267.9|413.7
42150,209.4|398.25
42151,577.75|389.65
42152,211.15|579.9
42153,573.85|510.0
42154,399.3|243.3
42155,424.0|425.4
42156,577.7|317.05
42157,423.5|345.5
42158,444.1|314.55
42159,461.1|432.3
42160,352.2|421.2
42161,397.95|357.05
42162,495.15|491.4
42163,573.25|299.8
42164,346.75|401.75
42165,419.6|314.05
42166,254.45|562.65
42167,561.35|369.05
42168,478.85|398.25
42169,573.9|471.25
42170,591.6|357.35
42171,212.25|521.9
42172,217.25|411.85
42173,469.8|475.8
42174,403.3|544.05
42175,392.95|587.8
42176,544.85|585.75
42177,517.6|232.85
42178,427.8|592.6
42179,543.75|350.75
42180,457.85|279.7
42181,564.45|561.05
42182,519.05|281.8
42183,448.15|300.85
42184,566.85|241.7
42185,388.9|310.1
42186,478.3|323.65
42187,208.0|467.5
42188,262.45|552.55
42189,402.35|443.4
42190,582.65|394.9
42191,590.2|584.85
42192,401.1|565.6
42193,477.95|444.7
42194,451.25|240.6
42195,245.15|398.8
42196,398.85|478.3
42197,374.4|590.8
42198,528.05|462.45
42199,383.7|236.45
42200,565.55|579.9
42201,384.15|373.45
42202,501.5|230.75
42203,415.15|389.05
42204,376.6|278.6
42205,447.95|351.85
42206,384.75|326.65
42207,395.0|583.45
42208,337.55|570.85
42209,476.85|274.15
42210,455.6|570.5
42211,582.2|486.4
42212,408.35|359.3
42213,558.9|242.85
42214,372.35|452.85
42215,444.7|449.05
42216,464.85|442.95
42217,235.45|536.4
42218,412.6|356.55
42219,342.9|574.2
42220,209.95|349.65
42221,544.1|570.95
42222,271.5|588.25
42223,371.65|482.45
42224,460.65|220.3
42225,549.4|536.65
42226,534.05|581.45
42227,408.25|554.9
42228,336.95|266.5
42229,433.15|530.75
42230,588.85|217.4
42231,425.35|408.55
42232,547.9|351.9
42233,271.1|506.0
42234,326.4|524.3
42235,436.3|577.45
42236,577.75|290.25
42237,554.85|545.45
42238,276.6|573.4
42239,381.6|476.25
42240,589.05|569.9
42241,278.95|539.7
42242,565.85|283.35
42243,419.55|465.35
42244,554.85|542.9
42245,362.95|240.6
42246,209.05|377.75
42247,365.1|414.8
42248,587.5|277.2
42249,537.65|425.4
42250,225.55|232.65
42251,364.8|343.6
42252,555.25|554.7
42253,237.2|476.85
42254,441.5|518.9
42255,248.7|459.4
42256,319.35|484.5
42257,574.1|212.3
42258,477.45|225.15
42259,445.15|246.8
42260,394.5|588.1
42261,252.0|221.9
42262,491.1|440.65
42263,527.75|571.25
42264,468.7|446.45
42265,312.7|463.65
42266,420.45|482.05
42267,246.6|481.8
42268,563.05|237.95
42269,287.95|437.05
42270,582.45|413.35
42271,213.3|242.0
42272,396.6|450.2
42273,410.5|540.95
42274,480.75|439.05
42275,584.7|210.2
42276,285.6|398.2
42277,271.95|228.9
42278,264.35|228.15
42279,259.2|550.0
42280,582.8|509.85
42281,454.9|346.2
42282,398.4|565.8
42283,341.55|548.7
42284,355.3|593.05
42285,567.9|222.75
42286,367.45|569.9
42287,258.3|412.8
42288,273.7|283.2
42289,533.65|278.25
42290,256.9|322.6
42291,284.85|361.15
42292,344.85|415.8
42293,590.1|377.5
42294,581.05|429.95
42295,289.2|415.05
42296,463.4|534.9
42297,226.7|579.55
42298,252.4|305.7
42299,528.6|573.7
42300,467.45|279.3
42301,461.65|329.65
42302,467.35|424.15
42303,259.4|546.15
42304,219.3|483.0
42305,407.05|330.45
42306,345.15|383.8
42307,370.2|327.35
42308,462.9|492.9
42309,444.55|587.95
42310,495.95|232.8
42311,413.65|585.75
42312,392.05|222.3
42313,468.6|308.4
42314,579.6|250.7
42315,212.85|237.65
42316,385.55|243.2
42317,541.3|591.25
42318,533.25|535.25
42319,407.6|539.35
42320,439.0|419.5
42321,520.35|502.25
42322,342.95|225.4
42323,350.8|350.0
42324,221.5|243.45
42325,592.3|512.9
42326,308.0|380.85
42327,353.8|595.4
42328,467.9|564.8
42329,268.0|255.0
42330,453.6|282.9
42331,302.7|527.6
42332,345.35|518.1
42333,531.4|577.95
42334,546.9|570.35
42335,562.75|230.1
42336,279.9|223.7
42337,330.8|338.0
42338,574.05|544.65
42339,548.05|237.45
42340,426.4|229.65
42341,278.9|379.3
42342,545.0|319.25
42343,268.7|319.75
42344,401.15|493.35
42345,454.25|592.85
42346,354.05|226.35
42347,424.8|360.3
42348,220.0|550.05
42349,235.85|429.3
42350,317.95|321.1
42351,257.1|380.05
42352,389.6|507.8
42353,258.2|498.3
42354,471.55|322.25
42355,422.9|574.65
42356,437.95|569.85
42357,341.95|437.85
42358,230.3|415.3
42359,470.6|343.3
42360,474.4|340.85
42361,274.2|493.05
42362,398.15|590.95
42363,458.15|524.65
42364,441.05|460.1
42365,224.85|245.35
42366,333.1|210.2
42367,476.7|347.65
42368,430.0|527.75
42369,552.8|586.85
42370,420.9|378.1
42371,428.8|492.7
42372,287.95|440.7
42373,268.25|581.05
42374,275.35|344.75
42375,469.05|540.1
42376,574.75|266.1
42377,263.3|255.45
42378,354.7|484.9
42379,405.65|528.5
42380,278.4|235.15
42381,263.75|285.2
42382,491.25|488.75
42383,241.25|584.15
42384,248.1|317.55
42385,590.4|243.6
42386,560.65|400.25
42387,543.55|364.5
42388,308.0|397.6
42389,217.9|461.6
42390,417.35|582.7
42391,420.55|523.55
42392,243.95|219.9
42393,289.5|330.0
42394,355.45|382.1
42395,276.65|290.75
42396,438.55|442.55
42397,349.4|573.95
42398,439.8|590.4
42399,413.25|569.9
42400,582.6|405.4
42401,539.45|299.15
42402,228.25|418.95
42403,567.6|290.95
42404,209.1|586.25
42405,460.9|359.8
42406,559.65|308.6
42407,478.0|371.25
42408,388.8|330.5
42409,469.2|556.4
42410,238.2|443.65
42411,271.3|536.4
42412,560.3|260.95
42413,474.7|263.7
42414,466.25|261.75
42415,305.45|287.2
42416,291.5|503.6
42417,254.75|374.9
42418,362.3|593.7
42419,535.35|334.6
42420,214.4|260.4
42421,450.15|377.75
42422,214.4|414.8
42423,568.2|230.95
42424,523.65|429.25
42425,524.95|428.8
42426,318.85|366.7
42427,555.6|583.7
42428,587.05|465.3
42429,320.9|229.6
42430,440.75|236.85
42431,236.9|500.5
42432,425.8|560.8
42433,555.8|585.4
42434,304.4|418.95
42435,274.8|423.3
42436,381.65|268.65
42437,388.7|269.3
42438,418.65|423.25
42439,446.7|518.45
42440,474.3|265.05
42441,328.85|229.95
42442,281.25|432.05
42443,341.5|345.5
42444,350.65|400.4
42445,401.0|230.5
42446,327.85|580.25
42447,227.9|430.75
42448,418.15|467.65
42449,517.1|531.75
42450,520.15|444.95
42451,268.2|395.3
42452,313.65|414.25
42453,434.05|571.95
42454,374.35|481.05
42455,467.1|560.4
42456,545.3|525.6
42457,454.8|446.8
42458,304.0|236.5
42459,430.05|529.7
42460,592.1|256.85
42461,242.35|400.55
42462,590.9|274.8
42463,265.0|247.05
42464,233.15|276.15
42465,544.9|531.55
42466,226.25|581.05
42467,484.0|228.15
42468,546.6|575.45
42469,450.45|261.75
42470,447.15|263.15
42471,345.6|213.8
42472,380.75|215.9
42473,290.15|407.6
42474,284.7|337.85
42475,464.5|237.1
42476,441.3|463.15
42477,221.05|222.35
42478,579.35|451.05
42479,518.55|380.2
42480,411.6|254.9
42481,282.95|466.3
42482,283.6|346.35
42483,258.75|448.5
42484,564.9|505.9
42485,414.25|292.25
42486,421.55|297.9
42487,375.1|563.1
42488,581.3|571.05
42489,424.45|470.4
42490,589.75|377.9
42491,351.65|547.4
42492,213.15|291.9
42493,454.55|383.15
42494,423.65|495.45
42495,454.2|463.9
42496,276.25|392.8
42497,243.2|544.45
42498,532.4|586.1
42499,222.3|412.3
42500,534.2|571.0
42501,288.95|282.9
42502,577.55|303.1
42503,225.1|431.55
42504,586.7|225.4
42505,584.95|464.35
42506,209.2|307.6
42507,585.65|486.5
42508,555.8|543.1
42509,418.1|544.35
42510,258.65|285.7
42511,334.75|340.15
42512,268.2|368.2
42513,265.25|439.15
42514,223.4|584.7
42515,363.9|223.85
42516,532.2|275.35
42517,413.3|574.4
42518,583.0|400.05
42519,577.7|341.3
42520,419.3|411.05
42521,290.05|444.15
42522,321.75|361.45
42523,567.6|271.0
42524,567.3|453.85
42525,556.35|497.8
42526,578.9|378.95
42527,367.25|343.2
42528,361.9|477.35
42529,411.85|541.85
42530,379.45|230.2
42531,208.7|286.0
42532,275.4|326.75
42533,457.85|530.75
42534,532.65|567.5
42535,587.7|330.45
42536,441.5|581.85
42537,244.85|429.7
42538,479.2|442.4
42539,436.55|384.45
42540,466.85|241.2
42541,232.2|500.3
42542,463.0|467.5
42543,474.75|217.6
42544,482.05|474.55
42545,376.05|286.45
42546,570.15|579.25
42547,580.15|329.8
42548,576.25|493.65
42549,244.75|299.5
42550,530.4|544.05
42551,589.5|573.95
42552,394.3|304.75
42553,343.55|332.7
42554,219.6|407.45
42555,212.65|242.2
42556,216.0|570.7
42557,573.65|543.9
42558,451.9|493.45
42559,345.0|563.9
42560,393.95|297.2
42561,418.7|545.4
42562,473.0|484.6
42563,580.65|287.0
42564,573.4|284.95
42565,464.55|551.9
42566,349.5|404.3
42567,526.85|471.9
42568,229.75|419.0
42569,359.65|228.45
42570,586.65|562.05
42571,348.35|256.8
42572,246.05|271.85
42573,518.3|451.75
42574,402.05|479.25
42575,342.7|517.0
42576,227.8|526.75
42577,427.15|248.5
42578,398.8|445.45
42579,547.3|441.4
42580,513.5|280.45
42581,261.45|375.8
42582,266.8|585.0
42583,570.65|493.5
42584,285.15|497.35
42585,374.55|216.55
42586,511.65|510.4
42587,335.9|232.05
42588,273.05|577.0
42589,366.95|328.85
42590,274.3|259.75
42591,462.45|554.5
42592,292.35|531.9
42593,540.95|513.55
42594,388.0|568.85
42595,227.55|577.65
42596,296.3|330.0
42597,451.75|275.0
42598,400.2|557.75
42599,280.5|434.1
42600,218.7|433.05
42601,261.8|276.8
42602,452.7|474.1
42603,460.6|359.7
42604,386.3|497.65
42605,431.15|230.45
42606,362.3|218.25
42607,335.6|451.2
42608,388.7|558.2
42609,526.65|519.25
42610,522.7|499.0
42611,388.65|495.6
42612,574.9|576.25
42613,322.05|405.8
42614,347.75|336.7
42615,327.45|395.1
42616,539.05|508.05
42617,220.1|549.0
42618,427.75|470.5
42619,391.05|291.45
42620,399.05|342.35
42621,465.0|252.8
42622,451.2|587.05
42623,396.5|312.25
42624,469.4|346.05
42625,536.8|311.55
42626,294.65|345.4
42627,405.0|229.4
42628,587.45|264.6
42629,417.3|219.2
42630,493.3|325.1
42631,583.65|247.6
42632,284.0|280.8
42633,538.1|494.1
42634,471.35|251.85
42635,445.5|303.8
42636,445.15|278.85
42637,551.3|507.85
42638,465.45|472.9
42639,473.2|349.5
42640,273.55|371.05
42641,308.45|414.4
42642,207.45|468.4
42643,250.75|543.8
42644,420.15|569.45
42645,363.25|452.65
42646,262.3|507.35
42647,400.05|497.2
42648,364.1|373.15
42649,543.45|523.7
42650,545.0|532.0
42651,515.7|482.8
42652,238.55|542.75
42653,288.6|453.55
42654,585.15|473.15
42655,405.4|564.8
42656,471.55|483.05
42657,239.65|273.7
42658,474.3|269.0
42659,239.75|579.4
42660,288.75|568.6
42661,585.95|550.6
42662,526.2|252.55
42663,369.2|389.2
42664,467.95|349.85
42665,567.45|580.55
42666,252.4|351.2
42667,453.0|510.55
42668,379.05|228.15
42669,586.55|207.95
42670,585.1|213.65
42671,465.35|382.5
42672,360.25|312.45
42673,274.25|371.55
42674,292.05|491.4
42675,405.75|562.35
42676,274.9|385.55
42677,364.85|436.6
42678,285.05|489.95
42679,576.1|300.35
42680,590.5|573.75
42681,588.5|445.1
42682,566.65|482.55
42683,583.9|337.0
42684,383.75|272.85
42685,566.2|463.8
42686,445.15|588.85
42687,442.15|308.8
42688,282.55|298.3
42689,555.65|227.05
42690,395.05|475.0
42691,534.5|497.3
42692,246.25|360.15
42693,401.0|421.7
42694,460.75|573.5
42695,443.25|354.65
42696,221.5|390.95
42697,465.75|233.45
42698,580.8|402.5
42699,343.55|558.85
42700,395.05|362.5
42701,344.75|224.15
42702,409.15|339.25
42703,479.5|298.15
42704,266.4|348.7
42705,256.25|465.8
42706,414.0|413.45
42707,272.5|277.8
42708,472.05|568.2
42709,447.55|558.65
42710,235.9|555.3
42711,441.75|244.7
42712,258.65|450.15
42713,415.85|418.2
42714,256.9|404.55
42715,287.05|231.6
42716,441.3|225.75
42717,270.25|374.5
42718,222.55|249.7
42719,382.65|354.85
42720,235.15|455.95
42721,375.35|387.1
42722,440.35|325.3
42723,557.25|329.25
42724,546.85|287.35
42725,402.55|301.9
42726,585.1|379.6
42727,274.9|244.25
42728,368.85|392.1
42729,552.15|519.1
42730,411.35|389.9
42731,477.25|480.35
42732,248.15|399.0
42733,575.6|219.1
42734,355.4|507.65
42735,459.75|307.35
42736,340.5|224.3
42737,479.0|277.2
42738,330.2|417.5
42739,474.8|500.3
42740,219.0|301.6
42741,209.05|494.0
42742,369.9|466.75
42743,455.55|317.25
42744,239.3|445.3
42745,385.9|517.3
42746,254.4|215.1
42747,287.25|416.5
42748,295.05|396.15
42749,243.65|458.2
42750,536.35|489.7
42751,460.65|383.3
42752,371.5|517.75
42753,517.8|506.4
42754,345.9|229.6
42755,575.0|248.5
42756,537.0|304.95
42757,570.15|313.85
42758,407.45|566.3
42759,231.55|368.8
42760,412.6|455.9
42761,357.5|375.45
42762,274.3|546.7
42763,559.4|494.4
42764,346.05|233.9
42765,474.9|336.85
42766,293.25|565.9
42767,340.65|488.75
42768,522.4|571.95
42769,493.95|343.75
42770,565.5|309.3
42771,542.2|371.3
42772,232.4|594.45
42773,466.45|454.6
42774,420.7|216.9
42775,480.0|474.2
42776,338.75|342.5
42777,431.6|259.9
42778,350.25|537.5
42779,430.7|293.6
42780,413.3|479.2
42781,402.25|589.45
42782,261.6|324.75
42783,359.7|441.35
42784,590.9|558.95
42785,373.65|522.6
42786,326.8|537.8
42787,321.95|409.95
42788,558.45|406.1
42789,378.5|295.45
42790,571.5|210.85
42791,240.6|551.6
42792,265.4|427.45
42793,490.55|313.6
42794,384.6|502.8
42795,570.2|244.2
42796,255.4|217.95
42797,397.4|250.75
42798,482.95|325.95
42799,323.3|333.1
42800,361.3|530.35
42801,261.1|295.35
42802,281.55|496.5
42803,295.3|326.15
42804,487.6|281.45
42805,469.95|285.8
42806,413.7|550.6
42807,241.45|314.6
42808,353.35|272.75
42809,429.35|443.05
42810,338.95|417.2
42811,541.9|330.8
42812,209.45|477.5
42813,586.2|279.25
42814,253.55|483.95
42815,236.75|468.95
42816,231.1|512.4
42817,285.7|335.65
42818,298.15|447.0
42819,532.15|543.6
42820,406.25|219.0
42821,551.8|265.45
42822,210.2|587.15
42823,587.0|419.15
42824,437.65|574.85
42825,474.4|560.1
42826,222.15|514.15
42827,299.85|331.1
42828,584.15|332.45
42829,245.2|523.7
42830,287.9|449.75
42831,235.3|279.85
42832,236.45|225.9
42833,264.1|580.4
42834,308.15|402.2
42835,292.45|419.45
42836,371.0|461.2
42837,458.65|500.95
42838,521.5|515.15
42839,578.85|572.2
42840,375.9|417.7
42841,450.65|566.95
42842,351.65|541.05
42843,335.75|354.1
42844,409.25|472.25
42845,415.9|585.45
42846,340.25|429.7
42847,587.1|214.5
42848,404.0|329.55
42849,244.35|429.05
42850,524.6|577.45
42851,210.9|592.3
42852,362.5|269.7
42853,550.55|553.65
42854,290.25|345.55
42855,450.1|258.35
42856,402.55|542.85
42857,352.0|477.35
42858,539.6|568.9
42859,469.6|312.35
42860,403.9|535.2
42861,343.85|245.3
42862,584.4|580.25
42863,481.35|326.35
42864,209.75|248.45
42865,217.15|274.55
42866,258.75|228.85
42867,575.5|501.1
42868,378.15|291.55
42869,431.1|576.0
42870,532.6|566.45
42871,561.35|418.85
42872,444.55|475.55
42873,324.9|488.3
42874,535.85|535.9
42875,573.85|306.3
42876,407.5|499.35
42877,574.45|313.2
42878,278.45|426.7
42879,271.4|455.55
42880,435.55|227.65
42881,484.65|476.9
42882,525.3|514.05
42883,545.35|400.2
42884,283.35|563.25
42885,535.6|524.35
42886,526.95|512.7
42887,305.6|417.95
42888,424.15|525.5
42889,431.15|381.95
42890,226.2|460.0
42891,518.3|303.5
42892,226.8|417.6
42893,475.55|359.25
42894,551.1|318.9
42895,407.95|342.6
42896,417.1|479.4
42897,575.8|488.8
42898,249.0|312.0
42899,215.4|589.2
42900,365.35|276.9
42901,380.75|457.3
42902,283.7|289.2
42903,241.15|280.8
42904,551.6|518.05
42905,573.3|256.3
42906,238.85|372.4
42907,555.65|223.9
42908,372.35|370.3
42909,447.1|234.0
42910,514.85|465.2
42911,384.15|592.05
42912,237.95|387.95
42913,467.05|219.6
42914,375.05|344.25
42915,584.9|450.85
42916,461.5|538.25
42917,236.15|234.5
42918,219.1|334.4
42919,205.8|555.05
42920,430.65|331.5
42921,248.9|458.8
42922,289.7|285.45
42923,399.75|379.55
42924,574.1|401.75
42925,224.85|234.6
42926,360.3|342.45
42927,346.6|540.3
42928,463.5|227.55
42929,515.9|451.3
42930,444.0|291.4
42931,260.25|423.15
42932,586.35|536.1
42933,532.5|550.25
42934,217.25|404.2
42935,525.6|470.5
42936,523.15|452.5
42937,545.45|402.85
42938,474.4|372.15
42939,416.6|550.3
42940,575.35|583.4
42941,246.6|382.35
42942,550.25|281.0
42943,373.55|398.8
42944,406.0|491.05
42945,512.95|334.55
42946,450.75|468.4
42947,466.65|326.4
42948,329.1|593.0
42949,570.65|359.9
42950,563.65|279.85
42951,268.5|281.65
42952,241.55|517.55
42953,377.5|270.95
42954,422.25|424.35
42955,354.6|431.55
42956,435.15|523.65
42957,246.9|391.2
42958,429.2|367.25
42959,447.2|337.8
42960,284.05|392.05
42961,461.15|511.3
42962,493.6|334.45
42963,269.45|415.3
42964,413.8|582.55
42965,406.75|214.6
42966,330.45|233.8
42967,582.65|328.85
42968,240.65|263.05
42969,346.5|461.55
42970,231.5|239.6
42971,576.75|483.6
42972,566.45|399.55
42973,272.5|571.95
42974,540.8|432.4
42975,470.5|264.25
42976,268.0|300.55
42977,586.5|363.55
42978,235.25|559.75
42979,588.05|287.75
42980,571.2|434.35
42981,263.0|251.6
42982,345.5|325.6
42983,474.45|339.65
42984,462.2|571.65
42985,210.05|235.95
42986,523.2|445.4
42987,351.55|380.75
42988,395.35|395.0
42989,478.1|533.45
42990,356.4|459.95
42991,554.25|243.45
42992,580.8|448.75
42993,401.0|371.2
42994,396.5|239.75
42995,399.45|394.65
42996,250.9|491.15
42997,561.0|423.8
42998,555.35|498.15
42999,553.2|220.0
43000,438.2|416.35
43001,478.25|489.05
43002,556.75|563.7
43003,384.8|273.0
43004,578.85|311.3
43005,548.95|312.45
43006,221.55|322.2
43007,406.35|423.9
43008,442.8|403.4
43009,357.0|399.6
43010,313.65|461.65
43011,342.85|418.95
43012,359.35|373.0
43013,213.85|234.15
43014,321.7|368.05
43015,281.45|381.6
43016,220.3|220.0
43017,582.1|351.2
43018,285.35|441.3
43019,511.35|520.35
43020,449.45|588.8
43021,559.0|585.6
43022,210.9|504.05
43023,465.9|352.8
43024,306.7|490.75
43025,553.5|450.35
43026,369.6|584.9
43027,265.0|280.1
43028,251.3|247.9
43029,236.75|401.75
43030,271.9|401.0
43031,243.9|362.2
43032,398.95|221.75
43033,392.8|580.7
43034,382.25|327.5
43035,229.8|535.25
43036,411.25|542.9
43037,260.25|402.15
43038,593.9|551.4
43039,274.95|574.85
43040,552.3|471.1
43041,237.95|419.05
43042,206.85|270.0
43043,255.8|209.6
43044,248.5|453.95
43045,445.2|377.3
43046,299.45|367.05
43047,416.25|263.8
43048,368.65|218.85
43049,465.4|396.65
43050,466.2|255.85
43051,318.45|491.15
43052,369.4|270.7
43053,452.85|231.35
43054,280.85|442.25
43055,568.65|402.4
43056,237.85|495.05
43057,593.3|211.95
43058,217.85|286.9
43059,542.3|536.15
43060,557.25|520.3
43061,546.75|248.75
43062,586.85|282.05
43063,381.7|586.55
43064,381.4|578.0
43065,240.45|420.3
43066,290.6|461.25
43067,467.6|436.65
43068,472.6|536.65
43069,227.2|208.5
43070,526.35|431.6
43071,367.15|276.25
43072,583.5|329.95
43073,345.7|563.65
43074,355.1|488.65
43075,449.0|561.25
43076,574.55|334.95
43077,578.75|368.65
43078,508.8|471.75
43079,345.6|554.0
43080,287.85|464.1
43081,559.85|267.15
43082,258.05|221.1
43083,397.6|329.65
43084,422.2|306.05
43085,450.15|382.05
43086,453.05|367.95
43087,227.25|223.5
43088,374.2|584.15
43089,547.55|263.25
43090,490.1|531.2
43091,401.85|334.25
43092,379.35|269.8
43093,307.25|450.3
43094,348.65|549.9
43095,472.75|354.55
43096,524.25|526.35
43097,220.35|579.75
43098,432.65|353.2
43099,233.1|546.05
43100,235.35|450.45
43101,396.9|409.15
43102,394.0|256.75
43103,534.8|508.6
43104,565.55|454.85
43105,453.55|250.5
43106,418.65|546.3
43107,206.35|484.55
43108,507.25|308.6
43109,293.2|493.5
43110,245.9|238.8
43111,476.2|520.2
43112,219.25|588.05
43113,566.8|259.75
43114,278.4|355.15
43115,224.3|252.85
43116,472.55|342.0
43117,586.55|303.35
43118,442.95|586.7
43119,557.15|212.75
43120,482.7|350.85
43121,416.9|522.3
43122,332.3|212.1
43123,238.05|341.15
43124,450.9|303.2
43125,459.25|220.85
43126,416.7|446.25
43127,540.1|290.4
43128,532.6|573.6
43129,556.1|358.5
43130,563.7|222.65
43131,425.75|372.35
43132,418.45|273.4
43133,444.35|361.8
43134,261.45|581.35
43135,283.75|314.2
43136,437.75|257.7
43137,452.25|540.8
43138,436.35|429.2
43139,555.9|466.95
43140,381.6|591.8
43141,466.45|290.75
43142,249.85|470.45
43143,358.9|324.25
43144,426.8|368.3
43145,292.05|420.95
43146,592.85|298.9
43147,539.2|435.7
43148,420.2|468.7
43149,411.7|253.2
43150,533.7|436.4
43151,205.65|481.1
43152,232.75|593.15
43153,377.45|476.1
43154,345.8|374.2
43155,401.1|345.0
43156,424.95|303.0
43157,398.55|474.2
43158,240.8|584.1
43159,331.8|513.05
43160,368.05|221.75
43161,454.05|311.9
43162,219.6|402.45
43163,426.2|466.35
43164,536.7|498.8
43165,547.95|587.95
43166,587.1|397.95
43167,340.65|317.6
43168,571.75|445.85
43169,565.6|249.8
43170,423.25|545.2
43171,254.35|343.6
43172,424.1|328.75
43173,225.0|407.15
43174,219.05|411.95
43175,479.7|543.5
43176,306.5|303.1
43177,409.3|439.8
43178,247.0|292.9
43179,569.9|285.4
43180,291.8|328.15
43181,486.9|309.7
43182,531.35|362.65
43183,559.25|545.35
43184,237.3|473.4
43185,204.95|479.1
43186,372.15|319.6
43187,218.95|547.85
43188,253.7|568.55
43189,247.95|339.35
43190,249.45|552.3
43191,410.8|340.75
43192,460.15|382.3
43193,218.55|484.2
43194,408.15|279.75
43195,227.7|410.4
43196,268.85|230.65
43197,320.45|360.85
43198,374.8|371.45
43199,284.05|269.2
43200,415.4|469.4
43201,442.9|234.2
43202,209.6|241.35
43203,537.25|343.0
43204,277.25|450.0
43205,375.0|446.1
43206,263.85|286.5
43207,381.55|232.05
43208,235.05|278.4
43209,292.1|326.3
43210,471.25|494.35
43211,446.95|310.45
43212,590.45|586.6
43213,449.5|226.85
43214,561.6|439.85
43215,212.2|462.6
43216,208.7|263.25
43217,582.35|436.75
43218,290.6|259.4
43219,474.0|279.15
43220,558.15|541.5
43221,449.0|272.5
43222,477.15|324.6
43223,586.3|368.4
43224,581.7|360.0
43225,284.1|322.35
43226,279.65|447.25
43227,461.55|330.55
43228,300.5|453.65
43229,361.35|422.35
43230,347.05|421.85
43231,335.9|333.05
43232,314.95|516.2
43233,480.1|586.45
43234,466.05|587.55
43235,435.25|259.85
43236,573.05|321.0
43237,481.8|485.1
43238,478.0|207.25
43239,526.15|426.8
43240,257.2|453.6
43241,452.0|453.15
43242,267.2|271.25
43243,333.05|231.1
43244,586.3|415.4
43245,340.0|562.45
43246,556.3|436.65
43247,514.25|343.15
43248,397.55|254.25
43249,398.95|323.9
43250,464.0|342.7
43251,365.6|270.3
43252,256.6|253.25
43253,400.1|367.5
43254,426.1|327.75
43255,528.55|444.55
43256,548.2|289.15
43257,230.65|580.85
43258,213.9|505.3
43259,424.7|250.7
43260,415.7|398.85
43261,374.05|403.7
43262,477.05|510.95
43263,554.95|488.75
43264,274.5|544.15
43265,541.85|544.75
43266,261.75|451.05
43267,531.65|580.35
43268,415.9|441.85
43269,496.4|431.1
43270,468.75|474.35
43271,397.45|496.55
43272,208.7|290.8
43273,447.35|557.25
43274,359.7|403.9
43275,520.35|479.6
43276,388.15|481.8
43277,225.2|486.1
43278,392.95|285.25
43279,583.45|493.75
43280,262.75|532.4
43281,383.55|544.5
43282,441.4|380.9
43283,541.95|530.8
43284,551.4|292.35
43285,359.1|392.25
43286,530.15|365.2
43287,556.15|438.2
43288,511.3|414.4
43289,397.7|250.5
43290,380.3|358.35
43291,450.2|561.25
43292,462.9|507.35
43293,557.0|418.15
43294,345.65|500.35
43295,466.95|435.3
43296,544.2|301.75
43297,281.15|477.95
43298,535.8|442.95
43299,524.95|540.55
43300,456.95|505.0
43301,462.3|295.1
43302,350.5|543.6
43303,568.2|562.55
43304,210.6|248.45
43305,438.3|568.05
43306,463.0|329.7
43307,587.0|294.7
43308,589.0|353.25
43309,412.8|414.85
43310,363.65|451.85
43311,215.9|586.3
43312,578.4|553.9
43313,523.0|358.3
43314,581.25|470.8
43315,479.0|449.3
43316,209.05|436.9
43317,532.75|310.55
43318,544.1|432.15
43319,465.9|218.6
43320,515.45|556.0
43321,540.45|343.75
43322,575.1|296.35
43323,354.15|590.65
43324,207.95|468.45
43325,431.35|311.15
43326,350.05|514.95
43327,369.7|383.45
43328,455.75|264.7
43329,593.85|378.2
43330,286.65|311.35
43331,354.7|516.05
43332,288.7|466.2
43333,571.85|538.45
43334,336.1|417.2
43335,374.5|221.55
43336,586.8|592.6
43337,586.85|217.45
43338,463.8|554.8
43339,470.9|210.6
43340,230.6|245.25
43341,569.7|406.55
43342,219.9|251.45
43343,591.2|283.65
43344,544.45|231.25
43345,218.6|458.95
43346,479.3|460.45
43347,229.25|467.25
43348,392.2|453.9
43349,463.95|306.65
43350,386.1|226.05
43351,268.4|460.4
43352,475.4|342.5
43353,336.8|408.35
43354,366.8|531.8
43355,402.15|283.0
43356,522.3|534.5
43357,468.55|218.85
43358,344.3|222.85
43359,262.55|224.25
43360,232.55|482.0
43361,463.65|540.95
43362,551.45|257.5
43363,491.9|510.9
43364,590.55|544.15
43365,212.55|450.45
43366,594.2|214.4
43367,257.1|347.6
43368,275.6|456.05
43369,290.0|450.8
43370,371.05|380.9
43371,353.95|208.0
43372,365.4|325.7
43373,283.85|417.1
43374,575.7|569.15
43375,341.5|532.05
43376,584.8|213.65
43377,590.8|407.65
43378,569.7|508.85
43379,559.3|459.2
43380,545.05|435.65
43381,360.7|342.2
43382,451.8|428.75
43383,216.0|353.45
43384,299.5|406.8
43385,350.95|331.95
43386,574.4|446.9
43387,489.0|434.9
43388,268.35|492.4
43389,468.8|294.35
43390,407.75|211.55
43391,358.0|349.5
43392,425.3|410.8
43393,247.55|504.4
43394,480.6|469.45
43395,350.55|537.95
43396,275.55|551.85
43397,430.35|556.7
43398,547.95|265.6
43399,572.6|530.05
43400,254.35|434.1
43401,228.0|569.95
43402,230.55|439.6
43403,243.2|407.8
43404,240.1|487.1
43405,442.45|390.65
43406,553.3|519.9
43407,433.3|584.75
43408,557.0|225.8
43409,408.55|384.5
43410,382.95|452.25
43411,228.9|470.45
43412,257.45|252.95
43413,225.4|308.5
43414,375.85|382.15
43415,458.8|521.85
43416,384.3|220.85
43417,266.9|282.5
43418,409.7|390.7
43419,568.45|250.95
43420,383.2|547.65
43421,566.3|327.8
43422,242.1|393.3
43423,411.55|278.85
43424,474.25|520.05
43425,345.8|431.55
43426,279.75|578.75
43427,563.4|276.4
43428,454.0|251.55
43429,465.75|449.45
43430,280.75|534.1
43431,310.75|241.6
43432,207.5|333.65
43433,302.05|406.15
43434,212.2|474.1
43435,457.0|483.7
43436,374.65|503.7
43437,449.3|554.2
43438,397.75|591.75
43439,444.7|314.15
43440,495.25|226.2
43441,571.25|318.9
43442,593.35|513.1
43443,454.65|355.7
43444,246.0|426.1
43445,252.85|213.3
43446,270.65|592.6
43447,347.7|446.35
43448,441.7|213.9
43449,402.05|268.15
43450,321.45|407.65
43451,446.05|253.2
43452,246.95|270.3
43453,408.7|471.95
43454,354.9|243.65
43455,552.7|484.3
43456,393.6|330.95
43457,428.55|422.45
43458,227.35|318.7
43459,391.35|473.6
43460,216.55|454.95
43461,480.0|522.95
43462,285.3|331.3
43463,514.3|484.45
43464,255.7|493.05
43465,591.5|510.55
43466,564.25|235.05
43467,539.4|353.75
43468,371.15|484.45
43469,462.2|408.3
43470,442.65|481.45
43471,585.75|437.85
43472,407.9|259.5
43473,250.4|227.5
43474,488.6|312.85
43475,382.1|368.15
43476,358.65|588.35
43477,460.0|437.05
43478,292.7|310.25
43479,309.45|401.45
43480,476.55|461.9
43481,584.9|373.1
43482,401.8|499.7
43483,349.55|275.95
43484,565.35|225.05
43485,402.4|336.7
43486,219.75|262.2
43487,414.1|347.5
43488,555.4|388.2
43489,541.1|589.05
43490,350.25|301.15
43491,573.1|351.7
43492,589.8|592.9
43493,458.65|260.15
43494,505.2|356.4
43495,267.15|262.65
43496,296.95|354.3
43497,279.65|354.05
43498,372.85|339.7
43499,591.65|359.1
43500,325.95|412.65
43501,459.9|433.35
43502,285.95|562.5
43503,281.35|440.6
43504,538.25|313.3
43505,566.95|216.3
43506,557.4|236.7
43507,345.6|587.3
43508,320.4|523.2
43509,590.7|392.65
43510,216.5|307.2
43511,444.05|575.35
43512,365.65|338.65
43513,361.8|340.4
43514,450.25|403.1
43515,534.05|549.6
43516,377.75|574.85
43517,574.25|326.75
43518,572.1|458.45
43519,409.5|586.3
43520,251.3|267.55
43521,459.95|511.6
43522,438.1|295.2
43523,239.05|485.4
43524,590.2|227.05
43525,382.85|290.85
43526,490.05|276.55
43527,586.15|277.8
43528,512.55|344.7
43529,582.35|423.15
43530,590.6|360.9
43531,222.5|574.0
43532,465.55|248.85
43533,348.5|275.3
43534,430.1|311.15
43535,436.65|432.3
43536,262.8|555.9
43537,214.15|263.5
43538,575.05|288.2
43539,241.35|489.35
43540,240.4|442.15
43541,367.3|221.35
43542,447.15|261.05
43543,567.6|520.2
43544,214.8|528.2
43545,265.1|571.8
43546,247.65|578.65
43547,477.05|524.85
43548,542.25|276.0
43549,370.4|375.0
43550,554.85|328.75
43551,564.6|520.1
43552,293.35|541.15
43553,447.45|514.4
43554,214.65|297.6
43555,229.95|239.25
43556,463.4|458.2
43557,299.35|371.9
43558,350.5|528.05
43559,420.85|308.0
43560,269.4|247.5
43561,459.4|243.95
43562,210.0|589.6
43563,363.8|507.1
43564,325.95|349.35
43565,382.6|324.1
43566,457.5|441.5
43567,525.6|439.4
43568,571.05|234.85
43569,346.2|214.2
43570,377.9|316.45
43571,285.15|434.15
43572,258.5|559.9
43573,455.85|310.3
43574,431.75|354.25
43575,347.65|395.05
43576,584.1|465.25
43577,576.85|404.05
43578,466.15|348.15
43579,411.2|436.7
43580,392.75|244.7
43581,376.45|209.4
43582,459.65|346.0
43583,363.75|521.6
43584,433.4|489.1
43585,585.75|252.75
43586,464.35|406.0
43587,360.6|385.4
43588,220.85|532.8
43589,433.7|305.35
43590,475.3|269.2
43591,303.65|373.75
43592,565.5|480.9
43593,482.45|220.95
43594,349.1|333.25
43595,550.55|523.3
43596,427.05|561.75
43597,547.2|514.9
43598,406.45|346.25
43599,573.8|438.15
43600,477.1|468.45
43601,434.85|400.6
43602,493.15|334.55
43603,398.25|245.2
43604,439.85|551.7
43605,567.65|536.9
43606,288.4|388.4
43607,493.5|247.3
43608,227.9|558.8
43609,499.7|520.95
43610,231.95|476.0
43611,212.45|582.35
43612,407.3|543.05
43613,229.05|252.9
43614,362.5|236.7
43615,427.1|375.6
43616,380.55|495.45
43617,210.0|581.7
43618,565.35|547.55
43619,370.4|436.1
43620,402.75|476.7
43621,225.4|430.85
43622,252.7|334.6
43623,239.7|426.2
43624,359.65|252.85
43625,343.05|476.65
43626,563.95|339.15
43627,239.45|343.55
43628,423.85|275.55
43629,222.45|512.8
43630,457.1|431.9
43631,390.4|470.1
43632,351.6|309.85
43633,336.15|210.75
43634,400.8|311.6
43635,472.15|360.05
43636,289.75|505.1
43637,278.35|421.8
43638,570.35|338.7
43639,217.6|554.5
43640,472.15|542.35
43641,479.1|215.7
43642,569.4|456.7
43643,529.5|449.05
43644,272.45|270.7
43645,221.15|471.65
43646,456.8|406.45
43647,570.65|452.25
43648,325.8|318.95
43649,461.45|407.8
43650,237.9|270.1
43651,581.55|314.5
43652,406.65|218.55
43653,573.85|589.35
43654,542.55|496.4
43655,340.25|352.1
43656,245.5|288.7
43657,477.8|507.65
43658,524.8|417.9
43659,404.15|431.1
43660,289.1|343.35
43661,547.65|311.35
43662,286.25|452.0
43663,436.8|450.0
43664,530.7|431.7
43665,344.6|428.8
43666,324.75|408.5
43667,403.9|515.7
43668,572.5|512.3
43669,389.35|398.4
43670,234.9|521.9
43671,473.4|312.65
43672,238.5|440.15
43673,434.8|386.7
43674,220.75|564.7
43675,232.05|382.6
43676,375.05|235.6
43677,375.0|591.6
43678,352.85|594.65
43679,564.4|313.75
43680,314.35|432.55
43681,441.85|539.2
43682,458.0|291.1
43683,558.65|410.1
43684,460.9|452.4
43685,248.3|484.75
43686,549.05|255.05
43687,315.45|456.65
43688,404.9|229.3
43689,477.85|489.15
43690,341.4|493.4
43691,466.65|314.7
43692,592.2|363.75
43693,221.2|561.7
43694,389.9|478.95
43695,430.65|358.4
43696,468.1|455.05
43697,420.75|364.25
43698,290.1|538.05
43699,399.15|391.5
43700,215.9|417.15
43701,374.95|369.95
43702,381.25|470.05
43703,374.85|556.2
43704,348.85|237.8
43705,566.05|379.85
43706,283.65|434.8
43707,476.85|399.65
43708,565.4|522.3
43709,345.85|338.2
43710,592.85|544.9
43711,563.5|584.15
43712,394.05|326.85
43713,352.2|293.8
43714,456.8|457.95
43715,214.6|230.4
43716,581.85|321.35
43717,481.0|487.5
43718,503.95|318.45
43719,583.65|283.1
43720,356.5|541.55
43721,467.65|291.25
43722,358.5|252.85
43723,380.35|489.05
43724,295.05|424.2
43725,394.5|587.55
43726,228.5|364.25
43727,390.25|273.4
43728,244.75|411.3
43729,581.35|528.9
43730,401.1|293.35
43731,268.5|263.2
43732,345.2|279.95
43733,212.25|296.55
43734,396.8|588.55
43735,363.85|289.85
43736,237.65|491.75
43737,548.85|270.2
43738,300.6|409.3
43739,288.7|488.3
43740,443.9|559.45
43741,475.55|343.9
43742,409.95|571.9
43743,344.4|484.25
43744,397.25|371.65
43745,361.85|546.95
43746,368.7|282.35
43747,539.45|567.35
43748,288.6|397.25
43749,589.35|332.75
43750,592.15|369.55
43751,427.7|251.2
43752,394.15|591.15
43753,556.05|227.35
43754,308.25|374.15
43755,211.45|409.15
43756,248.3|377.5
43757,374.35|207.75
43758,398.35|351.0
43759,246.8|472.55
43760,286.2|504.95
43761,559.75|435.05
43762,592.65|424.8
43763,211.35|295.35
43764,461.4|555.0
43765,415.3|379.2
43766,446.7|464.8
43767,445.65|355.45
43768,595.05|257.2
43769,571.0|379.3
43770,364.75|341.2
43771,590.05|280.85
43772,342.6|306.8
43773,241.85|324.3
43774,340.2|262.75
43775,392.15|417.85
43776,298.0|417.0
43777,262.15|224.3
43778,413.65|405.1
43779,284.05|530.4
43780,403.4|568.45
43781,272.05|292.45
43782,301.45|432.7
43783,453.1|537.05
43784,533.25|463.75
43785,566.1|516.25
43786,342.5|558.9
43787,219.6|501.7
43788,403.85|341.45
43789,452.25|398.9
43790,525.35|553.4
43791,503.85|320.25
43792,271.25|251.5
43793,363.0|298.4
43794,268.25|439.05
43795,590.0|318.55
43796,320.25|339.05
43797,368.95|336.5
43798,514.35|387.25
43799,426.45|588.55
43800,447.25|447.85
43801,474.2|519.8
43802,428.0|218.85
43803,261.95|453.15
43804,208.4|580.5
43805,591.0|471.65
43806,536.4|249.2
43807,563.85|491.7
43808,570.6|532.25
43809,396.6|559.65
43810,376.1|212.95
43811,410.8|341.4
43812,590.35|417.0
43813,250.4|278.05
43814,240.05|394.25
43815,534.9|407.95
43816,538.15|425.75
43817,217.8|528.6
43818,219.7|289.2
43819,273.5|517.15
43820,431.0|226.25
43821,586.2|590.2
43822,453.0|510.35
43823,463.4|222.25
43824,458.75|384.95
43825,585.15|281.3
43826,249.15|285.9
43827,397.0|487.7
43828,369.9|249.1
43829,259.7|486.25
43830,283.7|350.15
43831,341.1|212.9
43832,508.8|280.05
43833,237.8|228.0
43834,583.6|512.7
43835,443.1|307.45
43836,214.75|262.65
43837,264.0|563.7
43838,277.6|347.6
43839,431.05|559.7
43840,552.2|519.25
43841,330.2|400.65
43842,352.45|310.7
43843,290.45|522.15
43844,331.5|345.6
43845,555.35|578.25
43846,275.8|472.15
43847,587.05|416.55
43848,373.0|502.1
43849,549.9|317.55
43850,476.95|552.9
43851,362.75|426.9
43852,216.75|256.6
43853,439.7|461.75
43854,470.6|400.1
43855,421.4|304.1
43856,584.1|367.2
43857,258.05|385.3
43858,302.85|506.2
43859,570.05|330.85
43860,490.4|478.4
43861,372.3|230.95
43862,265.4|559.1
43863,537.75|559.1
43864,231.55|382.15
43865,464.1|540.2
43866,232.85|341.35
43867,354.8|323.85
43868,417.2|555.05
43869,468.9|251.65
43870,217.1|231.6
43871,572.75|245.8
43872,227.45|464.9
43873,481.1|329.0
43874,262.75|295.7
43875,586.85|220.15
43876,384.9|310.8
43877,411.25|568.1
43878,446.55|278.25
43879,228.5|493.55
43880,396.15|503.65
43881,223.05|506.45
43882,425.65|336.1
43883,547.5|536.55
43884,420.55|546.85
43885,449.2|241.85
43886,412.7|494.15
43887,467.1|422.1
43888,359.6|328.45
43889,215.65|419.7
43890,260.15|351.55
43891,452.95|500.1
43892,358.85|372.55
43893,437.1|501.35
43894,391.35|239.35
43895,341.6|404.4
43896,369.4|427.6
43897,368.15|257.4
43898,391.05|494.9
43899,586.2|356.1
43900,546.8|548.55
43901,540.35|531.7
43902,215.7|589.7
43903,580.5|454.1
43904,263.8|355.05
43905,342.6|555.85
43906,262.05|356.75
43907,415.2|591.65
43908,565.05|585.4
43909,526.25|483.65
43910,592.15|268.8
43911,362.05|291.7
43912,572.75|288.6
43913,256.95|589.75
43914,489.95|359.1
43915,341.75|546.75
43916,259.8|397.7
43917,469.4|454.95
43918,215.45|579.2
43919,585.4|492.8
43920,479.35|521.35
43921,295.05|349.35
43922,464.0|368.8
43923,478.65|368.05
43924,581.1|342.8
43925,212.4|255.05
43926,409.2|340.75
43927,237.45|538.35
43928,405.5|351.1
43929,263.0|536.75
43930,293.1|546.3
43931,430.2|355.95
43932,256.25|516.25
43933,458.8|384.5
43934,225.7|561.95
43935,342.05|370.4
43936,230.75|579.35
43937,472.9|273.65
43938,556.7|530.7
43939,244.2|397.15
43940,571.7|343.7
43941,462.7|367.1
43942,404.35|543.9
43943,542.05|534.55
43944,456.15|588.65
43945,288.8|485.65
43946,586.5|498.05
43947,345.4|313.65
43948,368.9|217.2
43949,235.85|309.4
43950,461.65|422.85
43951,228.1|316.9
43952,552.35|437.85
43953,371.4|402.5
43954,578.65|431.6
43955,215.3|585.55
43956,352.0|215.35
43957,455.35|236.7
43958,276.5|384.65
43959,397.3|532.85
43960,515.8|502.9
43961,374.6|342.15
43962,455.85|301.15
43963,351.0|358.25
43964,558.4|231.55
43965,234.35|498.2
43966,423.6|568.0
43967,341.95|555.35
43968,539.65|256.95
43969,284.55|544.0
43970,212.45|584.5
43971,466.4|460.45
43972,415.15|349.7
43973,456.7|551.45
43974,429.95|463.65
43975,585.15|493.75
43976,455.1|464.2
43977,366.0|567.1
43978,207.05|250.7
43979,478.6|417.25
43980,439.05|432.6
43981,233.5|212.35
43982,531.1|346.25
43983,349.15|518.0
43984,552.0|427.15
43985,317.1|384.75
43986,583.05|495.65
43987,237.3|255.05
43988,327.65|419.55
43989,577.85|421.1
43990,552.0|252.65
43991,438.85|394.1
43992,386.95|348.4
43993,281.7|409.5
43994,223.35|356.9
43995,549.95|586.5
43996,279.35|502.1
43997,419.85|388.65
43998,543.0|375.4
43999,459.8|468.95
44000,405.0|386.8
44001,243.3|339.7
44002,506.95|490.45
44003,481.75|234.75
44004,587.85|275.25
44005,518.0|542.0
44006,573.4|314.8
44007,441.3|300.4
44008,420.2|454.5
44009,401.85|475.05
44010,426.15|426.75
44011,292.15|337.6
44012,565.35|464.95
44013,375.35|594.9
44014,402.45|439.4
44015,455.8|373.25
44016,358.5|592.55
44017,282.75|442.2
44018,528.0|453.7
44019,298.75|395.9
44020,393.0|388.65
44021,590.9|388.0
44022,583.3|436.7
44023,221.25|471.65
44024,403.6|206.7
44025,250.95|574.4
44026,443.6|323.4
44027,434.95|579.0
44028,367.6|345.4
44029,331.3|335.1
44030,359.45|348.2
44031,546.05|543.2
44032,452.05|382.3
44033,371.55|210.05
44034,454.85|423.75
44035,220.7|470.65
44036,469.5|278.1
44037,486.1|367.8
44038,288.1|327.7
44039,205.8|459.5
44040,463.15|238.0
44041,209.75|579.25
44042,589.7|270.95
44043,258.85|280.0
44044,409.7|520.4
44045,293.0|402.7
44046,251.9|400.05
44047,214.15|486.95
44048,448.7|246.3
44049,276.15|393.4
44050,440.6|218.85
44051,248.6|259.25
44052,220.95|425.15
44053,357.2|451.0
44054,469.6|290.55
44055,315.35|313.2
44056,286.7|544.2
44057,219.25|252.0
44058,269.35|495.5
44059,207.4|456.55
44060,284.6|463.65
44061,470.85|312.55
44062,445.8|304.35
44063,207.0|586.1
44064,443.55|585.5
44065,350.75|336.25
44066,348.65|239.3
44067,213.0|462.9
44068,405.05|328.45
44069,338.65|249.75
44070,445.5|429.9
44071,542.2|271.95
44072,245.8|297.5
44073,214.3|575.35
44074,421.3|381.8
44075,537.95|509.6
44076,231.5|403.05
44077,391.1|346.4
44078,242.7|394.55
44079,261.9|574.95
44080,354.65|234.0
44081,419.05|380.35
44082,400.55|249.9
44083,450.1|293.1
44084,367.75|282.55
44085,440.55|228.95
44086,380.85|247.95
44087,416.45|454.25
44088,382.8|497.05
44089,498.8|544.8
44090,418.6|256.2
44091,447.75|593.0
44092,301.35|422.05
44093,260.05|549.55
44094,432.55|437.3
44095,416.45|494.75
44096,264.2|423.75
44097,307.3|590.1
44098,221.2|350.9
44099,233.35|269.9
44100,455.95|277.95
44101,416.05|368.15
44102,456.9|443.85
44103,568.15|215.1
44104,247.35|424.45
44105,218.3|313.6
44106,543.85|575.0
44107,404.25|217.35
44108,387.3|570.55
44109,240.2|475.55
44110,219.1|309.7
44111,317.3|492.95
44112,584.9|298.3
44113,410.5|593.1
44114,426.35|454.8
44115,454.15|380.5
44116,283.45|324.55
44117,437.9|365.15
44118,348.25|238.35
44119,277.4|437.85
44120,271.15|222.2
44121,538.45|319.05
44122,342.25|547.35
44123,348.65|338.05
44124,340.5|419.25
44125,215.0|564.55
44126,401.6|282.0
44127,355.75|555.4
44128,285.15|264.85
44129,583.2|236.3
44130,239.05|217.85
44131,466.35|383.8
44132,443.9|383.45
44133,297.8|427.8
44134,462.75|422.3
44135,287.6|227.7
44136,328.85|418.4
44137,386.35|272.55
44138,263.45|560.8
44139,439.65|572.2
44140,437.8|517.2
44141,471.8|268.0
44142,281.3|332.15
44143,220.45|254.2
44144,215.4|373.8
44145,233.8|501.0
44146,216.9|482.15
44147,363.2|513.1
44148,480.8|306.0
44149,411.25|229.85
44150,337.5|261.1
44151,531.7|529.0
44152,405.25|393.2
44153,354.8|355.15
44154,480.3|327.65
44155,301.55|324.25
44156,238.35|509.35
44157,451.0|560.1
44158,369.1|204.5
44159,215.25|589.65
44160,426.3|587.1
44161,470.45|270.55
44162,434.7|530.25
44163,593.9|404.0
44164,463.45|533.95
44165,292.75|479.2
44166,261.05|468.25
44167,587.85|574.35
44168,251.0|582.35
44169,565.35|516.25
44170,586.3|310.75
44171,394.35|308.4
44172,582.05|288.3
44173,417.0|272.1
44174,434.2|525.6
44175,361.1|229.6
44176,449.95|488.15
44177,562.3|372.95
44178,586.55|490.0
44179,590.55|382.3
44180,448.15|521.25
44181,566.5|571.2
44182,443.05|332.55
44183,470.95|355.2
44184,277.9|232.25
44185,440.4|584.15
44186,449.05|536.2
44187,463.9|574.2
44188,223.35|501.2
44189,470.8|387.25
44190,367.6|485.1
44191,417.3|258.45
44192,256.45|289.35
44193,241.8|248.3
44194,239.6|443.7
44195,529.95|567.35
44196,287.85|245.8
44197,471.5|326.3
44198,425.0|394.0
44199,419.7|382.2
44200,394.95|437.3
44201,336.25|392.65
44202,466.75|332.95
44203,265.15|549.25
44204,573.05|547.7
44205,410.0|470.8
44206,537.45|555.55
44207,591.15|307.9
44208,263.4|302.65
44209,363.65|507.9
44210,516.5|487.85
44211,464.55|461.0
44212,536.65|340.25
44213,438.25|463.25
44214,440.55|497.0
44215,206.9|449.75
44216,533.9|328.25
44217,240.5|370.3
44218,585.95|411.25
44219,459.05|253.35
44220,436.25|240.7
44221,214.25|592.8
44222,346.3|549.05
44223,354.95|317.75
44224,414.4|235.7
44225,588.5|511.5
44226,583.0|371.95
44227,341.45|547.5
44228,407.4|337.65
44229,256.3|555.35
44230,443.3|582.6
44231,252.15|281.2
44232,496.8|475.7
44233,287.45|481.3
44234,209.7|478.95
44235,555.3|274.95
44236,489.6|521.1
44237,440.05|389.25
44238,312.65|344.25
44239,474.75|487.65
44240,358.5|584.4
44241,475.6|464.95
44242,548.65|530.1
44243,227.6|455.25
44244,475.05|456.85
44245,455.05|313.4
44246,532.05|568.3
44247,383.55|473.6
44248,520.4|437.05
44249,233.95|304.75
44250,226.9|459.8
44251,274.6|275.7
44252,343.2|307.6
44253,418.35|369.4
44254,309.2|500.1
44255,409.75|242.7
44256,274.8|282.15
44257,426.5|382.45
44258,286.6|512.0
44259,461.3|443.75
44260,448.3|309.65
44261,467.4|342.55
44262,341.9|358.75
44263,592.9|354.45
44264,367.3|227.35
44265,267.8|519.55
44266,558.05|295.9
44267,325.25|345.25
44268,310.9|377.5
44269,399.35|262.6
44270,289.6|516.5
44271,348.7|493.85
44272,264.9|409.6
44273,298.45|384.3
44274,249.75|514.75
44275,369.4|390.65
44276,463.65|224.8
44277,237.4|429.25
44278,585.45|400.85
44279,585.8|378.2
44280,570.5|521.85
44281,384.3|496.5
44282,450.6|568.0
44283,219.9|290.25
44284,343.6|504.4
44285,211.35|312.05
44286,421.6|476.85
44287,528.95|418.6
44288,237.55|565.65
44289,555.45|295.45
44290,529.75|361.25
44291,377.15|551.85
44292,424.55|211.35
44293,229.15|575.75
44294,392.7|352.05
44295,581.6|443.5
44296,211.75|518.85
44297,504.75|513.35
44298,464.95|281.55
44299,303.05|492.45
44300,471.95|374.6
44301,255.5|284.8
44302,381.95|568.4
44303,494.95|505.85
44304,404.15|506.6
44305,426.05|372.25
44306,587.35|359.8
44307,374.05|336.25
44308,386.05|276.2
44309,368.1|432.5
44310,457.75|451.3
44311,294.5|367.45
44312,382.75|233.6
44313,325.2|336.9
44314,235.05|514.7
44315,538.8|424.25
44316,316.6|414.7
44317,532.9|526.7
44318,232.15|514.05
44319,223.2|358.65
44320,580.8|584.2
44321,252.1|232.75
44322,242.2|247.95
44323,582.3|310.2
44324,248.25|386.9
44325,364.65|475.6
44326,216.45|324.1
44327,219.6|411.85
44328,213.35|445.1
44329,404.5|375.3
44330,563.65|259.05
44331,386.05|441.85
44332,495.05|222.6
44333,396.25|371.6
44334,339.3|549.55
44335,228.5|586.4
44336,278.75|385.15
44337,579.7|290.2
44338,437.1|230.6
44339,276.35|546.5
44340,579.7|428.0
44341,590.7|427.8
44342,428.55|349.0
44343,557.95|254.9
44344,471.25|266.9
44345,319.9|370.7
44346,371.35|224.85
44347,430.05|590.35
44348,382.7|265.1
44349,404.9|549.25
44350,576.25|468.15
44351,264.45|380.05
44352,279.4|547.6
44353,396.25|569.2
44354,587.1|592.65
44355,480.1|285.4
44356,349.7|423.6
44357,334.25|337.85
44358,403.85|564.6
44359,279.9|373.5
44360,361.2|392.75
44361,288.9|509.15
44362,223.9|251.9
44363,556.1|447.9
44364,467.4|488.6
44365,227.7|294.0
44366,408.95|233.15
44367,585.8|310.7
44368,231.1|282.5
44369,350.05|319.95
44370,532.8|486.5
44371,242.45|540.65
44372,573.65|349.7
44373,483.1|329.95
44374,418.85|293.55
44375,291.4|566.3
44376,253.5|494.2
44377,569.7|276.15
44378,412.75|279.45
44379,536.4|426.15
44380,286.8|319.4
44381,449.75|350.2
44382,288.55|571.35
44383,255.4|468.55
44384,384.0|209.55
44385,447.75|355.1
44386,580.2|452.5
44387,280.55|596.9
44388,405.3|586.6
44389,570.6|542.15
44390,570.45|594.7
44391,351.55|280.8
44392,461.8|454.1
44393,251.6|301.0
44394,244.7|534.3
44395,574.75|343.7
44396,496.15|308.45
44397,537.25|577.2
44398,281.45|507.5
44399,213.9|501.6
44400,307.6|488.4
44401,276.7|256.85
44402,479.0|350.7
44403,442.95|443.4
44404,256.15|220.9
44405,235.95|386.3
44406,581.7|244.8
44407,458.15|239.55
44408,237.1|230.8
44409,409.65|206.45
44410,340.4|550.5
44411,396.55|587.4
44412,223.75|573.7
44413,236.5|419.9
44414,280.35|429.1
44415,562.75|549.25
44416,365.9|530.2
44417,243.2|403.05
44418,368.7|412.1
44419,586.25|572.45
44420,361.1|493.45
44421,322.1|397.8
44422,270.0|332.65
44423,237.6|567.45
44424,570.65|451.2
44425,572.6|573.55
44426,539.35|491.8
44427,404.2|335.6
44428,467.95|490.85
44429,582.35|527.55
44430,554.9|477.9
44431,481.95|276.15
44432,359.2|535.45
44433,271.15|584.9
44434,424.45|368.25
44435,238.0|271.75
44436,403.85|593.8
44437,563.05|237.65
44438,210.05|392.25
44439,593.7|568.15
44440,452.3|370.1
44441,389.2|515.4
44442,206.9|383.65
44443,425.45|574.0
44444,532.5|340.4
44445,382.35|511.15
44446,535.75|359.0
44447,445.35|382.4
44448,208.25|449.65
44449,407.15|538.8
44450,208.05|462.8
44451,548.1|542.85
44452,362.85|502.35
44453,407.25|318.2
44454,292.05|457.8
44455,435.0|416.75
44456,474.3|342.3
44457,247.7|478.7
44458,433.55|379.0
44459,382.1|340.4
44460,247.3|497.45
44461,368.8|333.75
44462,364.8|264.55
44463,215.95|321.5
44464,582.85|286.15
44465,414.9|262.8
44466,434.15|322.1
44467,565.6|276.45
44468,234.65|306.3
44469,464.4|363.3
44470,344.45|374.4
44471,401.55|521.05
44472,344.6|248.1
44473,382.85|457.4
44474,369.0|442.35
44475,373.2|264.95
44476,435.5|583.2
44477,351.95|226.05
44478,268.7|583.4
44479,209.35|314.05
44480,217.2|526.45
44481,579.45|219.15
44482,518.8|372.2
44483,276.35|586.65
44484,461.9|468.4
44485,244.4|571.3
44486,395.2|331.0
44487,459.3|262.4
44488,551.65|229.95
44489,453.75|402.4
44490,204.15|561.65
44491,366.45|540.85
44492,413.95|308.55
44493,554.4|357.7
44494,446.2|316.35
44495,245.25|553.6
44496,262.5|232.15
44497,341.65|256.8
44498,259.7|350.9
44499,208.55|323.15
44500,493.5|263.85
44501,349.35|561.8
44502,276.3|252.0
44503,466.5|218.65
44504,549.25|301.65
44505,346.6|569.9
44506,467.2|419.7
44507,574.65|403.3
44508,424.1|388.7
44509,528.45|501.4
44510,561.85|219.85
44511,249.1|579.45
44512,211.3|254.25
44513,514.35|285.2
44514,533.25|563.4
44515,240.4|361.3
44516,532.85|547.8
44517,535.15|526.0
44518,229.75|567.95
44519,359.2|373.15
44520,244.4|445.75
44521,222.15|299.1
44522,215.2|229.5
44523,530.95|458.1
44524,386.75|482.85
44525,356.15|428.8
44526,436.75|527.05
44527,287.45|377.6
44528,324.75|428.9
44529,573.2|225.2
44530,265.05|555.2
44531,316.35|497.95
44532,414.35|554.45
44533,208.2|252.9
44534,438.6|228.8
44535,230.85|238.4
44536,393.95|570.0
44537,577.6|305.75
44538,558.2|291.95
44539,345.65|542.65
44540,593.35|402.95
44541,248.2|334.3
44542,398.7|552.3
44543,470.75|216.25
44544,223.6|330.95
44545,436.1|517.35
44546,443.25|470.15
44547,446.05|589.15
44548,358.9|446.75
44549,434.45|400.45
44550,218.3|579.5
44551,563.6|428.35
44552,495.4|492.15
44553,561.05|431.6
44554,211.65|259.45
44555,269.1|283.0
44556,444.4|590.1
44557,451.5|543.05
44558,212.4|218.55
44559,432.2|347.4
44560,468.8|439.8
44561,464.25|465.8
44562,429.8|458.1
44563,247.3|554.0
44564,264.6|345.15
44565,573.2|248.7
44566,533.15|511.25
44567,468.95|217.05
44568,234.05|550.15
44569,398.05|591.7
44570,348.2|371.4
44571,233.9|307.65
44572,417.5|385.35
44573,588.7|398.6
44574,399.2|228.7
44575,364.75|345.85
44576,358.5|568.2
44577,286.3|584.7
44578,540.95|309.9
44579,452.65|256.1
44580,476.25|477.15
44581,328.9|320.7
44582,220.8|280.45
44583,531.2|297.15
44584,218.15|462.35
44585,457.7|453.1
44586,209.8|397.6
44587,279.45|326.4
44588,404.8|548.15
44589,453.4|564.2
44590,341.5|424.3
44591,476.6|467.55
44592,395.6|566.25
44593,549.6|350.4
44594,376.15|216.1
44595,459.55|577.95
44596,233.0|396.4
44597,297.8|373.0
44598,476.55|367.9
44599,436.2|218.1
44600,458.05|444.3
44601,467.1|388.1
44602,338.65|569.6
44603,447.05|372.5
44604,228.5|492.95
44605,585.0|569.3
44606,389.8|497.15
44607,543.9|397.5
44608,368.35|497.9
44609,210.2|302.05
44610,427.45|590.85
44611,362.55|502.85
44612,212.1|471.9
44613,351.9|548.4
44614,271.3|248.2
44615,372.65|393.85
44616,276.75|293.8
44617,364.65|526.25
44618,362.65|216.95
44619,455.1|443.9
44620,449.15|450.3
44621,557.2|468.0
44622,343.9|570.8
44623,349.3|488.95
44624,575.05|438.65
44625,388.1|412.25
44626,323.85|365.25
44627,420.25|451.55
44628,259.9|501.45
44629,236.7|209.65
44630,558.55|444.35
44631,377.8|372.8
44632,435.45|590.1
44633,586.9|221.75
44634,555.6|582.7
44635,497.6|524.95
44636,242.4|284.4
44637,467.35|552.75
44638,577.1|448.6
44639,351.65|417.85
44640,576.35|431.05
44641,440.55|399.35
44642,584.55|490.95
44643,422.05|492.1
44644,462.8|220.05
44645,250.05|221.55
44646,574.55|219.25
44647,421.8|367.95
44648,532.8|547.5
44649,525.85|351.5
44650,591.2|300.1
44651,458.95|259.45
44652,413.85|289.05
44653,569.15|255.0
44654,595.3|407.9
44655,542.5|532.05
44656,220.35|430.15
44657,587.95|570.35
44658,318.7|329.65
44659,573.15|401.3
44660,407.75|443.65
44661,532.2|556.5
44662,418.7|266.0
44663,234.15|461.45
44664,284.65|309.35
44665,329.95|274.6
44666,424.25|497.3
44667,341.25|560.2
44668,397.7|365.4
44669,280.7|542.85
44670,586.75|487.3
44671,241.2|496.25
44672,261.25|500.55
44673,217.0|375.5
44674,214.75|306.25
44675,356.75|390.5
44676,457.15|462.65
44677,360.2|219.95
44678,284.8|393.6
44679,266.35|465.5
44680,269.3|424.8
44681,221.45|227.15
44682,210.45|259.75
44683,220.65|404.55
44684,576.55|252.55
44685,224.95|238.35
44686,427.55|491.75
44687,370.15|563.85
44688,443.55|585.8
44689,248.35|581.1
44690,450.75|325.6
44691,540.25|524.95
44692,217.7|380.25
44693,388.5|477.9
44694,235.2|534.2
44695,223.0|317.5
44696,249.0|446.05
44697,581.8|481.85
44698,375.15|415.55
44699,474.6|386.8
44700,525.8|532.85
44701,386.7|244.25
44702,266.95|345.95
44703,590.35|394.95
44704,504.8|217.75
44705,468.55|361.55
44706,489.3|499.45
44707,247.4|590.05
44708,466.35|382.6
44709,559.05|518.2
44710,340.9|594.25
44711,445.3|386.35
44712,500.15|381.8
44713,290.65|342.6
44714,571.55|579.05
44715,482.95|277.15
44716,240.2|463.1
44717,397.95|498.45
44718,407.1|210.6
44719,434.35|371.45
44720,457.8|432.2
44721,382.05|485.0
44722,376.05|475.95
44723,251.5|442.2
44724,400.0|306.85
44725,455.05|590.9
44726,213.95|246.4
44727,462.6|412.1
44728,533.3|571.2
44729,358.0|260.25
44730,565.7|528.5
44731,462.2|245.15
44732,287.2|330.9
44733,381.2|270.05
44734,583.9|497.0
44735,208.85|250.3
44736,514.8|516.9
44737,553.1|531.15
44738,224.4|284.1
44739,477.7|248.85
44740,289.9|569.15
44741,414.6|412.65
44742,591.5|262.5
44743,213.8|467.5
44744,365.4|369.95
44745,373.4|208.1
44746,235.25|513.25
44747,586.2|512.85
44748,233.3|346.8
44749,566.65|286.45
44750,305.1|574.45
44751,258.8|434.35
44752,405.1|221.25
44753,401.15|498.85
44754,344.35|337.9
44755,583.4|415.45
44756,241.05|506.45
44757,383.65|481.3
44758,558.3|375.3
44759,384.7|217.65
44760,254.65|294.8
44761,216.45|301.0
44762,216.0|295.3
44763,578.75|452.05
44764,270.9|469.35
44765,453.55|322.35
44766,211.2|529.15
44767,391.25|306.3
44768,394.55|413.15
44769,594.4|209.95
44770,213.6|479.25
44771,401.65|304.95
44772,252.75|579.55
44773,402.35|337.2
44774,382.1|510.5
44775,528.3|434.15
44776,561.7|545.5
44777,214.7|581.75
44778,391.25|472.2
44779,300.95|427.8
44780,292.65|577.7
44781,233.15|215.75
44782,314.7|371.35
44783,556.75|534.75
44784,321.7|408.35
44785,340.7|320.4
44786,386.15|567.0
44787,521.6|516.45
44788,373.05|209.15
44789,250.15|444.6
44790,392.6|396.75
44791,485.85|273.45
44792,471.3|465.8
44793,206.75|318.2
44794,410.75|529.55
44795,214.2|304.35
44796,539.7|570.1
44797,517.2|446.45
44798,233.2|498.25
44799,461.35|222.9
44800,288.1|387.15
44801,225.3|263.25
44802,431.15|324.1
44803,393.95|248.3
44804,487.4|234.95
44805,246.0|267.9
44806,267.2|560.1
44807,459.75|532.25
44808,240.8|436.9
44809,354.15|225.1
44810,526.25|372.75
44811,211.55|584.2
44812,274.15|232.2
44813,400.05|591.85
44814,336.5|421.95
44815,462.15|529.35
44816,294.9|347.95
44817,320.75|308.2
44818,219.65|580.9
44819,259.95|486.65
44820,353.25|455.5
44821,231.1|387.95
44822,424.55|494.15
44823,405.5|404.65
44824,262.9|253.35
44825,427.65|419.9
44826,585.65|261.95
44827,464.3|331.85
44828,383.15|558.15
44829,468.7|378.35
44830,293.4|494.2
44831,424.55|577.6
44832,284.65|550.3
44833,564.4|572.3
44834,574.3|533.7
44835,397.45|372.45
44836,467.15|478.6
44837,257.75|568.2
44838,344.55|527.35
44839,518.2|420.85
44840,236.1|460.95
44841,370.7|364.65
44842,217.15|519.75
44843,228.2|283.75
44844,581.95|498.2
44845,233.2|523.45
44846,223.5|452.7
44847,533.25|586.85
44848,281.75|492.9
44849,550.1|214.85
44850,474.35|475.3
44851,450.45|225.9
44852,298.6|363.9
44853,563.9|277.55
44854,585.95|449.15
44855,584.65|373.7
44856,292.2|397.5
44857,218.55|578.95
44858,249.2|263.5
44859,576.5|361.85
44860,319.0|538.8
44861,317.05|362.8
44862,459.85|401.6
44863,585.7|526.75
44864,519.05|376.75
44865,211.85|403.75
44866,282.15|503.3
44867,379.75|485.3
44868,284.55|379.35
44869,401.4|261.35
44870,282.95|380.9
44871,570.25|242.9
44872,298.7|492.6
44873,419.3|502.65
44874,268.0|566.2
44875,543.25|537.05
44876,239.65|233.25
44877,532.2|443.35
44878,472.65|515.0
44879,376.5|297.7
44880,591.55|206.3
44881,567.25|328.2
44882,460.25|466.95
44883,349.4|485.75
44884,259.1|420.35
44885,530.75|328.6
44886,211.45|390.8
44887,546.4|249.65
44888,477.65|383.7
44889,253.3|319.35
44890,232.75|230.55
44891,364.3|210.8
44892,437.15|558.9
44893,362.3|332.25
44894,284.15|584.2
44895,502.5|335.45
44896,369.15|456.55
44897,507.8|460.65
44898,582.9|568.25
44899,559.55|460.95
44900,425.0|573.5
44901,340.45|215.95
44902,341.65|427.05
44903,315.95|367.25
44904,585.75|347.75
44905,482.45|339.35
44906,339.75|380.45
44907,217.5|343.25
44908,558.1|421.85
44909,439.8|585.65
44910,377.75|345.3
44911,255.65|282.7
44912,260.65|591.3
44913,262.75|411.8
44914,305.65|404.45
44915,471.55|228.65
44916,542.4|254.45
44917,409.2|396.0
44918,574.0|284.3
44919,463.4|393.95
44920,452.2|359.1
44921,253.45|550.8
44922,473.25|363.55
44923,458.65|564.65
44924,471.5|477.15
44925,534.85|397.2
44926,468.85|268.9
44927,568.35|546.6
44928,587.1|327.95
44929,296.55|368.7
44930,585.7|279.05
44931,591.6|303.1
44932,542.6|579.4
44933,578.7|528.7
44934,456.85|319.05
44935,354.2|329.7
44936,214.2|474.45
44937,208.1|497.5
44938,267.2|264.95
44939,443.0|302.2
44940,214.55|481.55
44941,474.7|456.85
44942,260.05|335.05
44943,375.45|215.0
44944,477.85|468.15
44945,353.65|559.45
44946,279.3|476.2
44947,474.1|248.9
44948,575.8|412.3
44949,468.85|302.85
44950,430.75|420.95
44951,594.75|549.85
44952,392.8|206.2
44953,260.2|298.05
44954,458.6|448.8
44955,371.3|253.95
44956,556.35|269.25
44957,336.7|336.6
44958,225.15|243.2
44959,464.15|416.25
44960,559.5|454.7
44961,345.4|380.9
44962,455.85|551.85
44963,228.3|460.45
44964,281.6|337.4
44965,350.45|229.75
44966,292.5|331.2
44967,420.75|589.95
44968,231.75|262.3
44969,342.15|582.0
44970,249.2|561.05
44971,300.9|393.3
44972,285.45|563.85
44973,480.55|358.2
44974,479.9|246.35
44975,270.45|352.9
44976,225.65|323.15
44977,586.6|343.3
44978,319.8|398.55
44979,459.85|215.0
44980,216.75|458.55
44981,256.75|422.85
44982,221.5|300.45
44983,412.25|364.7
44984,250.0|379.0
44985,561.6|461.0
44986,548.15|362.3
44987,552.95|280.35
44988,278.3|292.75
44989,529.2|562.65
44990,360.85|594.0
44991,300.75|567.2
44992,433.2|479.9
44993,307.25|344.3
44994,424.05|524.35
44995,538.65|565.7
44996,296.8|446.25
44997,257.45|280.75
44998,570.8|242.6
44999,272.4|435.4
45000,357.9|267.6
45001,414.1|521.45
45002,511.5|279.75
45003,298.05|479.2
45004,416.65|554.1
45005,234.5|565.5
45006,292.95|373.75
45007,537.55|421.3
45008,252.1|226.85
45009,487.1|460.2
45010,211.15|231.85
45011,268.75|213.35
45012,590.4|369.55
45013,285.75|364.6
45014,444.95|463.5
45015,593.95|352.15
45016,392.55|296.25
45017,550.65|331.05
45018,472.45|463.2
45019,334.25|549.3
45020,337.05|408.2
45021,258.7|355.9
45022,261.5|326.5
45023,229.9|289.85
45024,374.7|454.85
45025,523.4|511.8
45026,271.9|284.15
45027,469.7|341.25
45028,504.8|347.95
45029,450.75|501.25
45030,457.1|465.15
45031,473.3|484.5
45032,257.45|333.1
45033,403.55|221.0
45034,529.3|457.85
45035,589.3|242.7
45036,485.55|476.6
45037,284.65|488.45
45038,387.7|290.45
45039,526.05|574.55
45040,350.7|468.05
45041,253.85|249.0
45042,517.65|433.3
45043,464.05|420.1
45044,585.55|293.3
45045,229.25|583.85
45046,355.45|330.6
45047,520.35|533.85
45048,385.1|555.15
45049,423.4|545.8
45050,578.15|533.65
45051,457.15|291.7
45052,524.8|426.3
45053,580.4|495.05
45054,212.0|394.15
45055,345.65|275.4
45056,584.1|422.7
45057,555.15|583.0
45058,248.35|488.9
45059,522.8|342.6
45060,554.3|452.9
45061,345.5|476.05
45062,475.25|469.6
45063,344.35|227.05
45064,384.95|578.65
45065,413.25|300.8
45066,293.5|316.65
45067,479.95|280.85
45068,342.5|491.8
45069,579.5|511.5
45070,234.3|548.3
45071,465.1|351.1
45072,232.2|462.55
45073,239.2|252.45
45074,577.8|333.4
45075,206.25|535.3
45076,387.95|391.9
45077,473.45|227.2
45078,400.55|556.9
45079,250.6|268.1
45080,244.25|589.2
45081,466.9|379.85
45082,264.7|576.2
45083,416.7|484.8
45084,401.0|574.8
45085,424.95|588.35
45086,469.5|454.8
45087,286.9|431.25
45088,565.1|309.2
45089,278.65|426.7
45090,438.8|548.0
45091,336.05|309.0
45092,474.05|295.85
45093,555.35|243.15
45094,423.35|425.55
45095,440.35|470.3
45096,515.0|466.3
45097,434.5|335.25
45098,482.35|477.75
45099,394.95|334.35
45100,208.6|305.6
45101,475.55|279.75
45102,389.6|220.6
45103,466.55|235.0
45104,288.8|551.55
45105,282.3|379.0
45106,250.75|578.2
45107,517.55|521.45
45108,266.6|210.45
45109,243.25|552.0
45110,370.35|542.9
45111,477.65|533.9
45112,369.6|333.55
45113,428.55|376.0
45114,494.75|458.5
45115,452.45|586.85
45116,218.35|235.6
45117,445.35|467.85
45118,255.95|489.4
45119,216.5|302.1
45120,268.15|475.45
45121,288.9|426.7
45122,237.95|304.45
45123,442.2|562.95
45124,231.05|484.95
45125,481.3|385.85
45126,262.15|303.2
45127,474.6|357.5
45128,544.15|288.45
45129,573.6|585.2
45130,224.15|408.4
45131,453.5|320.15
45132,223.55|472.1
45133,586.6|478.8
45134,573.3|460.75
45135,225.0|574.9
45136,349.0|510.7
45137,361.25|238.55
45138,217.45|433.0
45139,275.6|337.2
45140,549.7|230.75
45141,464.25|492.2
45142,540.8|548.2
45143,556.85|254.35
45144,524.85|544.4
45145,465.1|386.85
45146,572.95|277.85
45147,525.15|436.05
45148,392.4|489.95
45149,387.85|301.25
45150,422.95|367.6
45151,266.8|584.0
45152,349.95|557.1
45153,343.95|251.85
45154,426.15|285.15
45155,471.55|501.05
45156,400.8|369.5
45157,530.0|515.3
45158,239.25|483.5
45159,240.3|353.5
45160,372.1|335.05
45161,508.35|473.75
45162,345.35|381.45
45163,297.0|227.55
45164,475.45|472.45
45165,540.35|280.6
45166,238.9|591.6
45167,265.3|540.0
45168,351.15|244.45
45169,283.95|445.0
45170,527.95|561.1
45171,229.3|296.0
45172,215.2|582.65
45173,545.65|250.9
45174,250.6|483.85
45175,494.4|456.9
45176,563.0|334.1
45177,301.7|491.65
45178,345.05|218.9
45179,249.8|514.3
45180,466.85|462.3
45181,421.6|327.25
45182,454.25|585.25
45183,394.95|247.05
45184,575.05|544.6
45185,569.25|538.95
45186,367.4|451.0
45187,257.45|353.4
45188,434.85|543.8
45189,243.9|574.6
45190,389.45|565.35
45191,312.6|522.6
45192,205.75|244.0
45193,211.4|590.35
45194,463.75|557.75
45195,536.4|428.4
45196,370.45|288.6
45197,232.15|370.35
45198,241.75|435.15
45199,234.75|212.65
45200,346.2|519.7
45201,580.3|316.95
45202,573.45|299.65
45203,377.45|229.7
45204,523.5|535.7
45205,430.05|346.8
45206,467.0|218.6
45207,553.1|580.05
45208,541.15|335.0
45209,343.55|347.9
45210,571.1|584.05
45211,417.75|487.6
45212,292.9|267.15
45213,567.4|425.35
45214,279.85|325.75
45215,541.9|293.7
45216,292.8|398.05
45217,389.5|360.7
45218,284.1|381.15
45219,387.3|477.3
45220,592.0|578.2
45221,271.8|305.9
45222,506.65|530.2
45223,418.45|492.7
45224,281.6|386.05
45225,350.15|328.65
45226,409.65|317.65
45227,332.5|280.5
45228,590.3|556.85
45229,592.65|288.4
45230,331.0|333.15
45231,582.9|351.65
45232,551.3|425.5
45233,396.75|561.05
45234,576.6|327.85
45235,277.65|531.85
45236,233.6|223.35
45237,441.7|250.1
45238,291.9|383.65
45239,333.7|534.35
45240,289.7|333.7
45241,465.45|284.05
45242,343.6|542.0
45243,406.55|566.45
45244,380.95|399.8
45245,541.4|584.95
45246,571.55|258.1
45247,489.85|451.25
45248,546.1|366.35
45249,471.25|307.8
45250,205.35|521.0
45251,592.8|388.45
45252,383.25|281.95
45253,559.1|327.75
45254,225.15|228.45
45255,257.0|411.3
45256,215.8|487.6
45257,399.85|477.8
45258,588.5|364.5
45259,370.75|579.95
45260,398.95|576.3
45261,428.1|435.65
45262,510.85|455.85
45263,531.2|466.35
45264,227.75|532.15
45265,276.85|589.2
45266,336.55|343.0
45267,546.0|276.95
45268,351.0|547.7
45269,410.85|565.45
45270,288.75|318.75
45271,443.2|587.4
45272,538.05|574.35
45273,381.8|409.05
45274,465.5|472.05
45275,580.0|396.15
45276,287.7|355.95
45277,576.6|444.95
45278,441.15|227.75
45279,587.5|505.4
45280,272.7|413.5
45281,268.4|276.85
45282,479.0|510.95
45283,227.5|573.15
45284,272.35|389.85
45285,459.6|405.6
45286,516.1|515.95
45287,573.15|550.1
45288,236.7|480.05
45289,288.9|586.1
45290,469.3|214.75
45291,349.0|297.0
45292,217.15|399.9
45293,379.1|296.8
45294,590.9|568.7
45295,342.9|547.4
45296,412.35|580.15
45297,283.8|326.3
45298,385.5|459.4
45299,461.05|240.95
45300,352.5|240.65
45301,272.65|588.65
45302,354.05|277.15
45303,564.35|470.65
45304,319.15|333.3
45305,363.0|293.85
45306,568.35|553.85
45307,575.35|251.9
45308,406.95|568.2
45309,562.1|503.25
45310,454.1|255.05
45311,514.2|515.9
45312,351.25|346.7
45313,398.4|266.7
45314,537.2|459.5
45315,280.6|591.3
45316,404.05|277.75
45317,408.9|431.05
45318,289.0|558.1
45319,349.6|356.35
45320,259.7|242.75
45321,413.75|580.1
45322,512.0|509.0
45323,446.85|401.05
45324,464.9|458.15
45325,300.15|376.5
45326,449.6|244.3
45327,443.0|330.05
45328,546.5|242.55
45329,276.4|419.55
45330,206.85|455.15
45331,405.15|271.05
45332,462.85|395.35
45333,466.85|223.2
45334,336.45|390.9
45335,290.85|556.3
45336,573.85|481.45
45337,515.4|451.75
45338,474.85|443.0
45339,458.55|510.1
45340,356.2|538.65
45341,568.6|300.75
45342,356.8|493.25
45343,436.55|226.5
45344,385.2|586.4
45345,278.85|446.45
45346,354.15|548.6
45347,237.1|222.0
45348,565.85|374.1
45349,466.0|265.25
45350,461.65|224.8
45351,268.95|311.0
45352,381.05|481.95
45353,385.85|381.05
45354,360.05|589.55
45355,284.3|237.05
45356,221.35|412.05
45357,546.3|388.5
45358,290.5|428.3
45359,386.9|275.3
45360,220.8|575.55
45361,280.0|289.55
45362,467.5|478.0
45363,429.8|483.15
45364,463.65|231.35
45365,545.8|252.9
45366,523.75|524.45
45367,405.8|257.25
45368,300.8|399.7
45369,479.55|343.65
45370,531.05|331.3
45371,452.75|425.35
45372,412.25|462.75
45373,406.5|533.0
45374,221.15|486.55
45375,591.45|268.45
45376,220.55|301.95
45377,222.3|460.7
45378,348.0|399.8
45379,472.95|463.45
45380,525.5|313.35
45381,469.5|506.75
45382,313.9|522.95
45383,571.95|455.95
45384,522.45|443.45
45385,592.85|488.45
45386,361.9|559.4
45387,588.7|227.5
45388,342.05|579.9
45389,426.7|508.0
45390,415.05|492.5
45391,379.2|480.3
45392,444.35|305.9
45393,276.4|242.05
45394,449.65|316.85
45395,254.0|312.6
45396,463.15|232.35
45397,590.65|487.35
45398,350.9|356.0
45399,411.4|551.05
45400,558.8|340.15
45401,543.95|534.6
45402,475.45|473.85
45403,421.2|579.45
45404,215.65|279.1
45405,401.1|402.0
45406,388.0|519.8
45407,213.6|566.15
45408,476.1|507.1
45409,340.15|576.75
45410,401.85|474.1
45411,423.8|456.85
45412,426.25|245.35
45413,245.6|456.75
45414,265.3|240.3
45415,458.65|320.85
45416,353.95|557.1
45417,524.6|503.75
45418,298.5|325.65
45419,530.65|547.85
45420,254.9|496.5
45421,290.1|468.4
45422,462.15|231.85
45423,474.8|503.5
45424,323.65|328.65
45425,206.45|574.05
45426,475.15|260.45
45427,470.45|324.5
45428,409.75|405.65
45429,393.25|322.0
45430,219.05|549.35
45431,472.2|240.8
45432,402.8|350.5
45433,448.4|513.1
45434,266.8|433.5
45435,572.7|307.95
45436,445.05|245.65
45437,219.4|304.6
45438,278.05|523.75
45439,451.2|552.8
45440,519.35|485.55
45441,436.25|473.1
45442,386.8|387.05
45443,529.5|429.4
45444,253.55|235.65
45445,411.2|497.2
45446,396.7|559.3
45447,215.85|575.8
45448,472.15|540.65
45449,452.9|303.35
45450,516.4|457.35
45451,414.3|408.1
45452,216.85|304.2
45453,452.35|564.0
45454,252.7|356.25
45455,466.3|222.5
45456,576.75|249.7
45457,372.9|227.05
45458,464.0|409.55
45459,348.8|222.25
45460,580.4|449.85
45461,424.3|447.65
45462,355.5|559.25
45463,278.45|550.7
45464,351.35|220.2
45465,458.3|246.75
45466,219.55|344.0
45467,471.6|462.45
45468,565.4|211.3
45469,570.05|294.6
45470,204.75|497.7
45471,447.1|227.15
45472,424.75|382.35
45473,452.8|469.85
45474,280.9|504.3
45475,488.35|304.05
45476,417.35|587.5
45477,207.8|466.7
45478,583.55|371.0
45479,567.75|216.25
45480,532.15|589.25
45481,508.55|498.55
45482,258.6|221.15
45483,417.05|518.4
45484,388.0|587.8
45485,568.8|527.45
45486,453.35|281.45
45487,344.05|507.85
45488,412.2|367.15
45489,456.55|292.85
45490,579.7|559.3
45491,558.8|585.1
45492,411.35|511.05
45493,404.65|337.0
45494,333.9|397.45
45495,471.05|463.5
45496,279.25|231.85
45497,577.3|566.25
45498,259.6|403.5
45499,527.65|268.0
45500,340.75|328.0
45501,545.2|506.6
45502,392.0|212.0
45503,297.7|481.35
45504,293.85|413.4
45505,351.3|530.5
45506,472.9|213.65
45507,263.45|572.8
45508,209.45|330.2
45509,389.8|336.5
45510,481.95|449.45
45511,485.25|348.1
45512,323.95|228.45
45513,435.05|245.0
45514,428.95|331.7
45515,522.5|493.4
45516,576.25|336.75
45517,422.55|287.35
45518,380.95|472.9
45519,392.95|590.65
45520,393.2|241.1
45521,414.6|411.95
45522,352.1|267.6
45523,472.25|362.9
45524,559.95|489.7
45525,542.95|307.1
45526,553.95|540.7
45527,353.8|313.65
45528,421.15|254.3
45529,522.8|520.7
45530,593.0|274.1
45531,408.65|486.9
45532,570.9|322.95
45533,441.95|561.15
45534,588.35|556.9
45535,413.6|523.15
45536,371.15|219.8
45537,403.6|531.95
45538,593.45|478.45
45539,359.0|315.0
45540,591.1|379.6
45541,235.25|569.8
45542,270.4|428.15
45543,413.0|278.4
45544,466.05|550.25
45545,558.25|267.65
45546,282.05|402.1
45547,293.95|277.95
45548,247.55|347.45
45549,252.45|538.85
45550,335.25|320.45
45551,572.95|384.35
45552,288.15|464.5
45553,474.2|357.4
45554,400.05|304.15
45555,349.7|434.6
45556,582.95|542.8
45557,280.3|353.3
45558,497.65|493.8
45559,308.85|413.85
45560,458.95|385.4
45561,245.9|492.55
45562,528.85|524.05
45563,267.3|239.1
45564,469.05|470.1
45565,228.05|464.3
45566,271.65|483.85
45567,574.95|497.7
45568,407.65|531.85
45569,215.35|321.05
45570,398.75|244.2
45571,521.0|418.5
45572,404.6|586.15
45573,513.1|514.15
45574,506.2|563.45
45575,384.3|374.4
45576,479.45|508.3
45577,243.3|481.15
45578,209.8|404.5
45579,584.3|465.15
45580,367.0|594.55
45581,302.45|540.15
45582,241.3|377.35
45583,441.6|392.75
45584,212.0|317.9
45585,431.1|517.15
45586,468.65|382.7
45587,426.45|443.05
45588,550.6|524.55
45589,373.2|523.95
45590,351.45|225.85
45591,547.55|271.75
45592,382.5|358.05
45593,228.25|273.15
45594,384.4|580.35
45595,341.55|238.05
45596,279.25|499.8
45597,577.65|387.15
45598,434.8|591.2
45599,324.05|340.25
45600,439.2|390.0
45601,554.65|221.5
45602,272.95|577.05
45603,547.4|453.2
45604,217.1|510.05
45605,577.2|549.95
45606,399.35|371.7
45607,395.25|296.35
45608,583.95|269.6
45609,402.4|330.5
45610,229.75|208.55
45611,416.2|550.2
45612,245.95|538.1
45613,435.4|531.55
45614,457.75|375.05
45615,230.3|501.15
45616,211.55|588.5
45617,465.55|307.85
45618,250.75|423.05
45619,496.0|267.95
45620,576.8|257.95
45621,223.65|498.15
45622,426.45|246.6
45623,420.55|407.4
45624,251.45|372.95
45625,388.3|587.25
45626,356.15|271.0
45627,581.1|311.8
45628,491.5|277.65
45629,566.9|387.1
45630,211.55|315.0
45631,455.25|448.1
45632,275.65|279.05
45633,237.75|529.6
45634,381.05|213.7
45635,217.3|494.6
45636,446.6|447.15
45637,381.1|373.35
45638,352.3|341.9
45639,498.15|484.65
45640,461.05|417.2
45641,464.9|468.15
45642,543.35|421.15
45643,542.85|248.6
45644,220.9|402.0
45645,562.75|247.95
45646,394.3|474.3
45647,466.55|427.4
45648,358.65|254.7
45649,240.1|570.5
45650,390.05|289.5
45651,209.6|511.2
45652,477.25|221.8
45653,464.35|222.35
45654,413.5|233.55
45655,315.05|526.25
45656,250.7|279.7
45657,586.75|416.25
45658,432.3|345.85
45659,230.7|537.8
45660,563.8|466.3
45661,265.55|285.55
45662,556.35|261.25
45663,359.9|423.95
45664,330.55|566.4
45665,448.15|560.85
45666,426.15|395.85
45667,589.45|356.75
45668,434.2|437.8
45669,420.75|304.35
45670,421.55|326.85
45671,443.85|466.75
45672,301.45|371.35
45673,217.65|280.4
45674,258.75|513.5
45675,373.7|491.3
45676,267.65|475.4
45677,557.65|368.2
45678,474.7|512.75
45679,432.05|337.45
45680,288.7|538.65
45681,216.05|494.7
45682,359.7|344.4
45683,571.65|300.2
45684,492.1|347.75
45685,466.3|423.3
45686,532.1|556.75
45687,539.6|437.1
45688,338.75|394.45
45689,338.95|342.05
45690,552.4|524.6
45691,409.05|576.8
45692,217.7|519.3
45693,509.2|495.35
45694,455.75|480.7
45695,356.3|288.95
45696,231.3|282.85
45697,581.65|355.65
45698,347.6|450.25
45699,558.6|530.55
45700,224.85|503.6
45701,576.0|384.25
45702,268.2|376.65
45703,372.9|391.65
45704,424.25|390.55
45705,404.7|499.7
45706,541.55|445.45
45707,440.75|463.1
45708,284.5|386.7
45709,335.35|395.6
45710,532.1|481.5
45711,593.85|239.7
45712,458.1|322.5
45713,371.1|333.35
45714,522.8|369.1
45715,274.9|227.0
45716,357.6|537.9
45717,238.0|574.35
45718,592.8|279.3
45719,328.5|332.55
45720,518.05|527.0
45721,473.3|315.8
45722,557.05|560.0
45723,238.65|286.05
45724,222.95|536.05
45725,559.75|481.45
45726,218.6|476.4
45727,510.85|457.0
45728,398.9|576.95
45729,552.3|524.95
45730,390.6|345.5
45731,563.65|232.25
45732,328.1|491.35
45733,366.2|447.65
45734,476.85|302.9
45735,276.3|244.2
45736,584.75|534.0
45737,217.45|224.2
45738,210.15|517.55
45739,278.1|308.8
45740,295.15|348.35
45741,355.8|223.3
45742,422.4|250.1
45743,232.15|549.95
45744,235.3|522.55
45745,492.4|213.5
45746,593.85|582.1
45747,395.55|494.95
45748,474.45|258.9
45749,339.5|592.85
45750,511.25|518.65
45751,225.6|544.7
45752,268.8|352.15
45753,541.6|248.35
45754,317.75|355.9
45755,589.5|578.45
45756,450.7|590.4
45757,295.05|445.85
45758,464.05|311.85
45759,536.7|305.75
45760,420.7|473.4
45761,457.4|427.15
45762,567.65|327.2
45763,402.4|377.65
45764,287.75|295.05
45765,378.7|376.2
45766,568.8|228.55
45767,280.75|243.9
45768,543.35|518.3
45769,393.4|537.75
45770,248.5|561.9
45771,490.05|358.95
45772,366.0|496.85
45773,592.85|208.35
45774,355.85|530.6
45775,257.7|556.3
45776,441.2|413.4
45777,592.3|488.7
45778,588.55|351.5
45779,285.95|337.05
45780,407.25|509.65
45781,235.75|235.35
45782,386.1|306.6
45783,584.95|557.2
45784,588.55|366.75
45785,393.0|469.8
45786,380.6|578.4
45787,461.15|544.05
45788,273.15|318.7
45789,590.2|410.85
45790,569.5|555.05
45791,555.65|493.3
45792,255.65|274.95
45793,218.4|372.25
45794,467.35|383.9
45795,510.85|462.75
45796,558.8|296.8
45797,403.55|534.9
45798,227.5|460.9
45799,247.85|485.45
45800,257.65|304.8
45801,576.1|561.45
45802,383.4|411.65
45803,212.7|234.45
45804,569.65|343.6
45805,251.95|432.85
45806,486.45|490.2
45807,580.85|583.9
45808,595.95|501.55
45809,461.9|282.05
45810,279.05|370.2
45811,273.25|406.8
45812,344.6|273.15
45813,356.85|443.85
45814,382.4|421.55
45815,500.05|396.0
45816,432.2|294.25
45817,259.45|283.35
45818,592.75|490.45
45819,380.3|576.9
45820,267.9|420.85
45821,426.7|322.95
45822,366.7|409.9
45823,235.85|499.9
45824,320.85|413.25
45825,308.9|427.8
45826,252.15|220.95
45827,218.45|252.7
45828,358.25|447.6
45829,453.8|508.15
45830,593.15|213.15
45831,288.05|456.9
45832,292.0|543.65
45833,378.1|302.3
45834,367.7|373.3
45835,590.8|413.75
45836,526.15|462.1
45837,286.05|321.95
45838,233.1|560.9
45839,548.35|301.7
45840,583.6|374.25
45841,268.0|545.3
45842,402.5|407.45
45843,435.5|234.7
45844,429.75|540.8
45845,532.85|350.55
45846,569.55|490.55
45847,213.6|331.9
45848,469.35|376.5
45849,487.65|473.9
45850,569.35|588.3
45851,443.85|522.65
45852,538.9|547.65
45853,423.5|479.2
45854,214.5|403.65
45855,291.5|331.5
45856,252.1|379.65
45857,375.0|351.85
45858,471.2|261.5
45859,467.25|309.6
45860,544.7|251.95
45861,267.85|574.15
45862,372.15|582.95
45863,424.85|486.4
45864,543.95|261.95
45865,547.2|386.6
45866,424.05|391.55
45867,287.25|554.55
45868,445.6|381.35
45869,517.75|353.05
45870,252.45|583.1
45871,212.1|257.0
45872,220.0|536.3
45873,454.5|367.05
45874,317.7|324.4
45875,405.7|374.85
45876,405.45|268.65
45877,248.75|342.1
45878,264.6|328.4
45879,399.65|244.35
45880,412.15|588.3
45881,449.6|575.55
45882,581.2|473.8
45883,240.6|444.25
45884,264.4|549.35
45885,409.25|221.3
45886,573.2|395.4
45887,213.6|292.85
45888,216.95|428.9
45889,476.1|482.65
45890,246.15|423.05
45891,412.65|219.3
45892,412.35|480.35
45893,559.6|581.25
45894,350.7|246.2
45895,557.95|286.7
45896,479.5|229.85
45897,340.45|405.7
45898,447.85|529.55
45899,436.4|501.15
45900,531.65|337.15
45901,409.05|264.05
45902,265.65|321.55
45903,232.9|305.75
45904,524.75|413.0
45905,296.9|431.1
45906,392.35|233.8
45907,307.3|392.2
45908,525.2|547.05
45909,585.7|262.6
45910,346.85|583.1
45911,543.25|432.65
45912,499.45|319.45
45913,444.6|566.65
45914,585.75|309.85
45915,396.1|357.8
45916,515.75|520.85
45917,399.7|240.6
45918,566.0|220.25
45919,465.05|389.9
45920,216.6|581.4
45921,393.4|524.9
45922,314.95|330.7
45923,369.05|369.7
45924,534.05|584.35
45925,461.85|241.9
45926,436.8|530.55
45927,224.05|266.95
45928,424.8|582.95
45929,509.6|500.85
45930,383.55|278.25
45931,572.25|560.8
45932,268.5|337.1
45933,264.6|262.25
45934,450.7|262.4
45935,353.7|258.45
45936,354.2|592.45
45937,356.75|366.5
45938,253.15|236.45
45939,285.6|247.35
45940,342.25|215.25
45941,551.1|474.85
45942,475.95|493.55
45943,376.55|276.55
45944,296.75|323.7
45945,373.55|219.0
45946,389.45|367.25
45947,219.7|476.25
45948,587.7|243.0
45949,380.75|402.95
45950,354.25|359.0
45951,304.4|405.1
45952,462.35|584.2
45953,575.9|210.65
45954,262.7|538.5
45955,593.6|513.3
45956,344.0|302.9
45957,290.9|325.8
45958,233.15|359.4
45959,324.5|419.8
45960,365.5|343.6
45961,476.05|338.85
45962,277.65|327.55
45963,549.9|432.95
45964,263.2|548.95
45965,585.6|276.65
45966,415.2|336.3
45967,588.75|487.95
45968,583.9|511.45
45969,586.95|489.9
45970,552.5|269.25
45971,478.45|372.25
45972,463.9|293.75
45973,560.9|224.15
45974,294.5|423.6
45975,268.15|243.95
45976,470.05|229.85
45977,270.75|580.4
45978,428.45|277.25
45979,345.9|331.15
45980,403.55|506.9
45981,570.8|466.2
45982,484.65|505.25
45983,513.4|344.0
45984,357.95|557.7
45985,248.0|439.35
45986,287.0|409.25
45987,528.95|577.65
45988,295.2|471.4
45989,220.4|500.25
45990,276.95|528.95
45991,205.0|523.75
45992,318.75|443.0
45993,464.0|501.15
45994,404.35|222.65
45995,379.3|507.2
45996,363.9|510.8
45997,438.45|385.3
45998,457.35|578.2
45999,459.5|217.75
46000,479.5|294.5
46001,389.7|302.15
46002,267.85|499.6
46003,385.8|497.35
46004,438.35|555.4
46005,475.05|329.7
46006,348.95|322.95
46007,259.05|296.8
46008,267.15|561.05
46009,423.85|486.85
46010,235.4|505.8
46011,542.7|504.7
46012,514.0|355.25
46013,347.55|350.95
46014,243.1|590.65
46015,319.6|359.4
46016,324.9|334.3
46017,275.35|592.8
46018,288.55|569.6
46019,529.5|379.9
46020,361.3|368.7
46021,516.0|482.25
46022,566.45|569.9
46023,486.85|353.1
46024,517.4|357.2
46025,207.35|582.95
46026,349.25|426.35
46027,532.35|553.6
46028,486.0|301.55
46029,327.9|325.8
46030,288.15|463.75
46031,455.9|239.6
46032,332.5|496.65
46033,252.15|239.55
46034,400.95|503.65
46035,394.9|545.4
46036,565.55|582.0
46037,302.0|297.45
46038,454.1|502.6
46039,343.05|379.1
46040,342.6|594.1
46041,264.0|520.25
46042,326.95|508.7
46043,313.1|395.55
46044,480.9|537.6
46045,349.2|540.2
46046,547.6|549.85
46047,250.55|423.1
46048,366.35|334.05
46049,417.3|419.15
46050,585.1|209.75
46051,504.4|225.65
46052,291.25|365.0
46053,223.2|319.15
46054,330.25|395.25
46055,280.6|242.25
46056,400.5|449.9
46057,295.25|319.55
46058,372.2|535.1
46059,384.65|234.55
46060,427.3|234.15
46061,293.65|427.45
46062,366.95|473.25
46063,207.8|341.05
46064,416.15|539.25
46065,447.8|216.0
46066,306.35|311.9
46067,431.4|406.1
46068,455.25|536.4
46069,272.05|296.7
46070,446.85|335.55
46071,507.35|419.0
46072,570.8|475.8
46073,206.35|541.1
46074,210.25|579.8
46075,231.95|392.45
46076,577.5|321.75
46077,436.4|576.25
46078,584.95|444.05
46079,309.15|522.0
46080,427.45|473.75
46081,419.75|344.65
46082,337.6|481.4
46083,586.0|521.75
46084,247.7|227.15
46085,440.6|584.3
46086,314.6|336.05
46087,361.05|255.5
46088,452.95|230.35
46089,317.55|357.9
46090,457.15|590.8
46091,573.7|588.0
46092,543.55|542.55
46093,219.95|457.1
46094,272.9|368.2
46095,500.5|468.1
46096,277.8|537.8
46097,405.65|360.3
46098,509.05|478.8
46099,363.1|223.9
46100,543.05|538.2
46101,414.85|506.4
46102,529.7|570.75
46103,588.55|507.9
46104,411.85|500.1
46105,405.55|341.5
46106,401.1|394.55
46107,546.0|487.45
46108,402.7|510.4
46109,582.35|251.9
46110,555.65|316.2
46111,560.65|527.85
46112,494.85|428.7
46113,531.7|351.15
46114,563.25|574.5
46115,431.2|444.65
46116,535.25|273.4
46117,430.9|329.95
46118,357.65|533.8
46119,288.95|388.75
46120,560.3|586.25
46121,258.3|284.4
46122,462.55|493.8
46123,241.4|586.0
46124,369.5|522.95
46125,225.0|488.0
46126,350.1|248.3
46127,362.1|279.2
46128,214.35|221.85
46129,212.25|376.35
46130,382.75|397.55
46131,289.25|571.0
46132,211.45|588.65
46133,542.95|235.4
46134,241.45|537.0
46135,487.45|500.75
46136,285.95|519.0
46137,447.6|242.6
46138,443.25|396.4
46139,574.0|510.4
46140,267.65|293.7
46141,261.75|231.65
46142,409.25|223.45
46143,376.25|582.65
46144,589.7|361.7
46145,437.0|542.05
46146,277.0|510.85
46147,355.8|375.7
46148,421.95|234.55
46149,535.0|550.35
46150,387.3|485.45
46151,276.3|587.25
46152,451.75|509.65
46153,228.45|582.05
46154,246.75|296.8
46155,535.4|297.65
46156,302.6|339.35
46157,368.0|383.65
46158,584.35|343.85
46159,567.95|276.05
46160,496.3|336.2
46161,287.05|586.6
46162,452.9|225.7
46163,390.8|325.6
46164,358.2|584.85
46165,404.3|208.0
46166,403.25|587.05
46167,528.8|356.55
46168,529.35|535.25
46169,568.25|235.25
46170,551.75|304.25
46171,443.4|255.0
46172,245.4|223.7
46173,591.35|207.25
46174,395.75|350.8
46175,382.1|544.05
46176,482.3|345.55
46177,543.1|593.95
46178,419.65|426.65
46179,266.3|214.05
46180,384.35|519.4
46181,256.0|416.8
46182,325.7|226.0
46183,247.2|415.1
46184,339.65|417.85
46185,247.0|247.65
46186,475.5|497.95
46187,380.7|498.05
46188,468.1|384.55
46189,555.8|411.55
46190,429.8|456.15
46191,551.45|555.9
46192,353.3|453.45
46193,373.05|235.3
46194,547.85|271.6
46195,548.8|333.65
46196,513.4|513.7
46197,483.8|483.55
46198,223.0|231.6
46199,534.85|512.0
46200,465.0|260.75
46201,343.25|341.7
46202,260.95|489.75
46203,591.4|421.9
46204,450.25|402.85
46205,217.6|504.9
46206,319.65|367.7
46207,453.85|338.6
46208,464.55|257.9
46209,278.4|356.15
46210,499.9|234.6
46211,563.25|436.85
46212,221.75|319.3
46213,299.3|380.5
46214,591.05|424.4
46215,428.65|412.9
46216,299.95|382.9
46217,346.1|397.15
46218,373.2|277.9
46219,496.35|371.85
46220,381.2|470.55
46221,208.65|454.9
46222,587.7|429.2
46223,521.3|309.8
46224,529.4|447.05
46225,472.45|468.75
46226,567.55|457.0
46227,211.85|532.95
46228,531.8|457.3
46229,251.35|513.05
46230,275.25|255.15
46231,219.4|577.05
46232,483.9|319.7
46233,228.15|450.55
46234,577.15|257.3
46235,384.95|570.8
46236,356.65|549.85
46237,584.4|266.25
46238,270.65|541.05
46239,349.75|441.5
46240,574.15|335.4
46241,450.4|501.45
46242,374.1|573.65
46243,237.75|253.1
46244,528.0|437.2
46245,353.6|237.95
46246,359.15|529.8
46247,389.85|376.65
46248,229.4|259.3
46249,553.6|363.8
46250,384.95|449.65
46251,248.8|513.65
46252,273.5|456.85
46253,450.65|436.2
46254,223.9|427.55
46255,348.15|209.95
46256,457.05|339.6
46257,520.15|358.85
46258,382.1|242.95
46259,250.8|434.9
46260,230.7|351.75
46261,262.05|225.3
46262,433.2|388.65
46263,585.8|595.05
46264,583.0|433.45
46265,378.6|290.7
46266,209.75|272.1
46267,291.8|270.1
46268,534.4|541.15
46269,211.05|402.15
46270,543.4|426.7
46271,368.6|408.8
46272,567.1|308.6
46273,541.2|569.4
46274,592.85|362.95
46275,390.3|516.15
46276,409.35|513.3
46277,249.45|587.25
46278,222.35|501.0
46279,570.3|405.0
46280,244.2|539.7
46281,235.4|575.1
46282,540.65|532.15
46283,301.15|381.2
46284,379.6|498.45
46285,524.45|237.85
46286,461.75|305.0
46287,529.2|554.55
46288,208.95|245.3
46289,303.8|478.75
46290,335.25|222.05
46291,427.35|573.45
46292,410.65|585.2
46293,343.35|399.5
46294,419.6|415.45
46295,555.8|493.9
46296,458.45|324.3
46297,558.95|288.5
46298,361.6|247.85
46299,392.95|535.25
46300,383.6|519.75
46301,591.3|417.6
46302,451.5|354.05
46303,452.4|455.5
46304,309.05|500.35
46305,407.95|210.75
46306,416.85|433.55
46307,214.15|580.0
46308,375.0|222.35
46309,418.9|525.75
46310,560.1|218.7
46311,232.15|537.85
46312,355.9|330.75
46313,239.5|304.8
46314,408.2|330.95
46315,233.4|459.3
46316,580.1|543.7
46317,394.55|575.15
46318,456.45|582.3
46319,421.65|588.35
46320,426.85|315.5
46321,272.8|355.85
46322,431.5|578.45
46323,452.75|473.45
46324,237.7|583.05
46325,396.7|314.6
46326,274.3|279.3
46327,530.75|533.55
46328,387.0|455.4
46329,581.9|594.35
46330,463.5|468.65
46331,560.05|222.1
46332,586.65|353.15
46333,481.55|271.2
46334,431.35|342.15
46335,351.8|217.85
46336,584.5|493.7
46337,253.1|483.45
46338,249.7|505.15
46339,517.15|305.55
46340,572.25|219.65
46341,372.25|492.1
46342,385.4|276.1
46343,401.95|359.05
46344,436.1|320.1
46345,327.15|321.35
46346,278.65|275.35
46347,357.65|276.75
46348,362.85|591.35
46349,541.25|484.65
46350,228.05|438.25
46351,212.85|277.2
46352,412.55|584.05
46353,385.7|351.2
46354,463.7|223.85
46355,460.45|585.75
46356,260.6|244.85
46357,509.65|341.95
46358,523.0|500.8
46359,469.8|278.05
46360,576.85|440.6
46361,368.45|406.8
46362,262.35|572.7
46363,375.7|593.7
46364,540.3|510.85
46365,441.5|471.15
46366,315.0|333.7
46367,512.65|360.25
46368,244.15|418.2
46369,434.45|447.9
46370,557.85|258.7
46371,524.6|537.05
46372,214.95|582.5
46373,348.65|522.1
46374,396.1|325.15
46375,228.05|219.2
46376,211.25|232.45
46377,352.3|227.8
46378,417.1|244.05
46379,370.45|271.95
46380,211.8|233.0
46381,265.35|536.35
46382,267.15|285.9
46383,581.65|397.45
46384,227.1|392.8
46385,591.2|237.45
46386,579.55|375.7
46387,506.25|514.15
46388,493.9|383.4
46389,521.75|529.8
46390,529.2|565.85
46391,592.15|425.85
46392,427.7|589.85
46393,472.55|334.4
46394,388.65|256.9
46395,451.8|590.0
46396,279.75|583.8
46397,518.95|428.05
46398,412.6|568.25
46399,588.45|589.5
46400,590.7|512.4
46401,232.95|389.8
46402,210.2|241.75
46403,547.05|507.85
46404,551.25|586.0
46405,387.6|223.45
46406,371.8|409.9
46407,228.55|300.4
46408,470.5|453.45
46409,589.95|360.4
46410,304.75|343.2
46411,572.15|415.0
46412,468.15|325.1
46413,470.85|233.6
46414,454.9|390.55
46415,217.6|248.55
46416,410.85|240.8
46417,583.5|246.85
46418,337.65|210.75
46419,410.0|313.95
46420,371.65|363.35
46421,418.2|235.4
46422,414.4|522.4
46423,431.75|557.8
46424,382.8|567.75
46425,465.3|439.3
46426,528.05|435.4
46427,551.05|555.55
46428,224.75|587.5
46429,382.8|488.5
46430,410.4|344.65
46431,467.25|361.2
46432,250.9|235.55
46433,405.85|579.2
46434,409.75|374.5
46435,220.1|479.2
46436,381.25|261.5
46437,418.6|357.3
46438,395.5|478.5
46439,321.0|414.2
46440,551.75|239.6
46441,371.75|340.0
46442,305.2|376.7
46443,457.25|446.55
46444,319.1|364.55
46445,522.65|451.6
46446,312.65|358.15
46447,572.7|376.65
46448,558.3|237.35
46449,409.5|419.3
46450,424.45|373.65
46451,516.95|400.1
46452,255.65|212.65
46453,581.95|436.75
46454,223.75|462.65
46455,397.15|581.4
46456,222.35|587.8
46457,555.95|266.05
46458,418.35|278.95
46459,579.45|227.4
46460,249.5|209.75
46461,469.75|485.25
46462,230.15|365.5
46463,574.75|541.6
46464,220.45|342.1
46465,578.0|391.5
46466,206.25|502.4
46467,279.0|544.4
46468,378.95|299.55
46469,583.85|284.45
46470,229.35|505.0
46471,431.3|267.05
46472,367.25|223.65
46473,262.2|217.35
46474,405.5|284.3
46475,437.6|384.4
46476,450.95|588.95
46477,570.35|537.55
46478,266.4|445.6
46479,294.0|339.15
46480,261.4|579.95
46481,409.4|538.55
46482,461.35|412.2
46483,218.6|342.85
46484,255.6|559.2
46485,460.45|373.85
46486,406.9|508.7
46487,595.05|433.05
46488,351.75|210.4
46489,287.8|436.0
46490,277.4|560.7
46491,238.05|478.1
46492,578.75|474.75
46493,592.55|473.5
46494,362.2|253.45
46495,472.4|387.15
46496,340.6|240.15
46497,528.2|357.1
46498,227.6|534.65
46499,261.3|425.65
46500,251.85|288.5
46501,246.2|444.45
46502,526.05|573.7
46503,282.35|521.45
46504,349.8|526.75
46505,530.0|539.2
46506,270.05|579.25
46507,379.95|305.35
46508,512.35|451.8
46509,322.35|579.45
46510,506.9|523.85
46511,355.7|387.9
46512,406.7|437.45
46513,552.85|324.85
46514,462.05|410.4
46515,361.85|205.6
46516,273.7|575.5
46517,574.8|392.95
46518,224.6|308.45
46519,556.35|255.6
46520,571.25|209.75
46521,296.2|532.45
46522,531.15|505.6
46523,403.7|257.55
46524,225.4|206.1
46525,280.25|485.9
46526,411.8|388.3
46527,253.8|576.85
46528,430.9|374.3
46529,564.4|457.2
46530,261.0|384.9
46531,353.8|440.3
46532,227.9|309.15
46533,234.75|286.8
46534,283.6|258.0
46535,535.35|337.3
46536,249.75|346.4
46537,231.0|376.45
46538,350.15|220.75
46539,213.3|461.7
46540,207.95|381.2
46541,428.7|304.75
46542,412.85|292.15
46543,218.2|225.2
46544,242.75|379.9
46545,449.0|423.35
46546,500.35|349.35
46547,352.55|534.65
46548,222.05|307.4
46549,467.6|262.95
46550,250.25|293.2
46551,440.75|586.95
46552,357.2|336.25
46553,585.8|270.6
46554,268.5|327.75
46555,468.35|243.45
46556,463.25|334.0
46557,352.95|274.75
46558,454.85|567.35
46559,564.3|432.15
46560,317.15|411.7
46561,472.05|320.9
46562,451.65|463.3
46563,589.75|478.75
46564,350.55|591.5
46565,425.35|495.0
46566,534.5|340.0
46567,214.35|567.4
46568,455.4|454.9
46569,287.6|305.2
46570,211.35|476.5
46571,211.65|587.4
46572,250.15|563.35
46573,209.85|498.45
46574,587.75|521.75
46575,233.9|409.55
46576,258.65|223.75
46577,389.6|367.1
46578,447.4|302.6
46579,266.45|308.0
46580,532.4|336.95
46581,583.2|353.9
46582,267.6|412.45
46583,485.6|370.4
46584,583.45|409.2
46585,464.15|532.8
46586,291.55|417.9
46587,256.8|576.05
46588,251.6|289.45
46589,400.0|353.3
46590,593.65|570.0
46591,564.7|542.35
46592,228.65|510.15
46593,208.05|583.65
46594,338.05|435.7
46595,255.75|314.7
46596,415.0|411.15
46597,287.95|449.05
46598,349.2|207.8
46599,413.4|476.4
46600,421.2|327.1
46601,481.35|273.85
46602,393.1|408.15
46603,388.55|548.85
46604,521.6|555.1
46605,384.55|550.8
46606,459.9|574.7
46607,220.6|405.25
46608,209.45|353.2
46609,467.8|240.5
46610,214.3|389.4
46611,439.4|321.1
46612,237.45|230.7
46613,273.4|588.95
46614,337.8|573.75
46615,389.15|556.55
46616,366.4|481.65
46617,373.25|527.35
46618,516.0|481.25
46619,459.05|379.5
46620,432.9|285.6
46621,441.6|555.65
46622,254.75|221.95
46623,399.3|589.95
46624,279.55|469.35
46625,433.2|325.7
46626,283.2|410.85
46627,237.0|271.95
46628,552.55|447.1
46629,588.55|569.95
46630,382.65|464.1
46631,582.9|340.25
46632,585.05|569.85
46633,464.25|249.2
46634,376.45|352.6
46635,371.4|585.55
46636,556.0|587.95
46637,534.6|523.25
46638,266.25|496.55
46639,371.7|213.65
46640,482.65|518.05
46641,278.9|517.2
46642,545.35|235.6
46643,557.1|371.3
46644,539.8|498.85
46645,556.0|456.85
46646,231.25|504.9
46647,474.3|215.0
46648,399.05|367.75
46649,478.35|271.3
46650,395.2|576.75
46651,297.3|402.5
46652,275.95|525.8
46653,343.35|290.45
46654,489.1|342.65
46655,233.8|218.35
46656,490.3|245.15
46657,550.45|280.3
46658,424.85|314.6
46659,405.8|421.75
46660,541.2|346.1
46661,298.35|396.55
46662,381.55|585.55
46663,427.2|404.25
46664,434.85|215.75
46665,532.0|525.35
46666,403.9|445.75
46667,395.25|399.8
46668,247.8|571.15
46669,231.6|432.2
46670,300.0|365.55
46671,580.05|216.85
46672,520.15|348.5
46673,512.3|513.15
46674,586.15|266.1
46675,369.65|497.4
46676,215.2|472.25
46677,252.4|221.2
46678,553.6|237.05
46679,589.85|585.7
46680,213.1|497.55
46681,210.7|294.85
46682,576.55|347.7
46683,419.1|264.0
46684,489.65|253.05
46685,362.1|341.9
46686,583.35|346.6
46687,402.8|488.1
46688,227.4|591.25
46689,253.3|441.2
46690,472.45|358.05
46691,335.85|499.6
46692,452.75|466.65
46693,427.65|401.9
46694,418.0|275.75
46695,475.75|278.5
46696,590.8|425.0
46697,380.9|280.45
46698,456.85|548.4
46699,349.7|433.0
46700,363.85|516.0
46701,509.7|466.65
46702,219.0|248.65
46703,229.35|346.75
46704,381.55|562.45
46705,501.05|303.15
46706,392.2|276.95
46707,454.3|465.05
46708,429.2|512.5
46709,483.65|356.1
46710,591.55|377.95
46711,211.4|328.7
46712,557.6|274.35
46713,516.8|542.6
46714,214.0|580.6
46715,419.15|208.85
46716,572.3|481.15
46717,469.2|274.95
46718,250.85|387.65
46719,413.15|534.55
46720,452.0|335.55
46721,214.8|459.5
46722,314.3|574.8
46723,453.25|585.4
46724,329.9|321.1
46725,351.55|512.45
46726,288.15|372.1
46727,365.6|346.55
46728,282.5|551.45
46729,546.85|381.85
46730,260.7|276.95
46731,377.85|259.35
46732,401.4|212.1
46733,337.1|326.05
46734,387.1|519.6
46735,425.0|244.95
46736,414.7|535.6
46737,266.2|419.6
46738,491.05|321.65
46739,582.85|264.4
46740,513.7|340.1
46741,228.65|301.0
46742,411.8|585.85
46743,253.5|286.0
46744,391.4|288.5
46745,580.5|583.95
46746,441.25|504.15
46747,393.9|573.3
46748,266.55|543.3
46749,559.75|268.05
46750,220.0|587.15
46751,387.7|282.0
46752,254.6|397.65
46753,427.05|344.95
46754,219.65|462.7
46755,541.05|586.8
46756,353.3|541.2
46757,554.6|270.85
46758,562.05|525.1
46759,356.35|354.25
46760,594.75|475.7
46761,233.4|309.9
46762,448.9|383.1
46763,572.5|527.6
46764,403.15|237.85
46765,234.3|574.9
46766,568.35|215.85
46767,457.7|386.95
46768,244.05|325.15
46769,471.2|454.1
46770,402.2|283.05
46771,408.45|545.55
46772,353.65|250.85
46773,280.4|277.55
46774,550.45|557.75
46775,418.2|213.35
46776,526.4|432.0
46777,518.9|493.45
46778,269.6|368.7
46779,422.55|338.3
46780,259.3|498.25
46781,411.9|365.65
46782,269.6|432.5
46783,455.9|378.15
46784,271.85|261.85
46785,332.7|538.5
46786,457.05|444.85
46787,541.65|348.5
46788,517.2|508.55
46789,376.75|328.75
46790,466.7|541.75
46791,377.4|440.2
46792,212.4|404.65
46793,237.7|444.2
46794,518.95|533.25
46795,221.15|505.25
46796,385.2|326.0
46797,282.05|418.9
46798,419.75|503.35
46799,291.85|494.25
46800,537.4|580.9
46801,245.55|214.65
46802,581.7|328.25
46803,356.75|207.75
46804,492.8|455.35
46805,251.8|271.05
46806,574.7|343.1
46807,272.25|536.65
46808,294.8|324.95
46809,469.1|379.05
46810,454.1|287.1
46811,256.5|592.95
46812,271.45|457.65
46813,244.75|503.0
46814,506.25|352.8
46815,581.5|515.7
46816,428.5|579.0
46817,541.65|265.7
46818,247.95|378.3
46819,536.65|294.4
46820,221.15|228.85
46821,549.2|528.05
46822,382.0|210.55
46823,252.45|550.85
46824,585.3|541.5
46825,343.1|325.0
46826,587.45|351.75
46827,250.15|445.6
46828,266.35|435.05
46829,254.0|574.35
46830,394.2|478.85
46831,470.1|523.3
46832,283.75|533.2
46833,292.35|370.6
46834,286.6|460.35
46835,283.4|405.3
46836,542.6|454.95
46837,409.65|332.6
46838,224.0|493.3
46839,221.0|425.25
46840,360.55|231.55
46841,346.25|545.2
46842,363.1|433.95
46843,430.25|367.8
46844,224.65|416.6
46845,577.25|303.95
46846,591.8|260.8
46847,544.6|227.55
46848,216.3|465.6
46849,505.35|216.3
46850,405.8|490.4
46851,556.05|221.4
46852,365.75|514.7
46853,299.5|382.85
46854,263.4|567.55
46855,367.9|417.95
46856,459.85|281.5
46857,567.15|504.7
46858,360.75|337.95
46859,474.2|364.9
46860,352.5|325.9
46861,277.5|588.25
46862,444.4|419.9
46863,357.45|557.05
46864,251.65|500.45
46865,296.85|314.95
46866,375.6|359.0
46867,225.45|306.35
46868,377.0|249.9
46869,485.15|351.8
46870,528.25|420.4
46871,533.3|568.05
46872,230.95|459.6
46873,225.25|400.35
46874,408.45|433.1
46875,228.3|590.8
46876,341.7|513.3
46877,563.95|502.2
46878,258.25|213.5
46879,412.05|555.8
46880,567.95|588.7
46881,401.2|218.75
46882,458.4|389.1
46883,531.55|540.55
46884,258.9|247.0
46885,561.9|319.45
46886,281.6|255.7
46887,237.15|592.2
46888,252.9|215.7
46889,564.9|234.55
46890,453.7|463.25
46891,233.05|291.1
46892,238.6|214.35
46893,444.5|592.2
46894,449.35|453.75
46895,528.5|451.8
46896,546.55|236.7
46897,524.65|527.25
46898,379.15|323.75
46899,520.2|319.3
46900,513.4|305.5
46901,379.15|497.6
46902,552.4|429.7
46903,285.35|318.25
46904,568.45|321.2
46905,250.45|385.4
46906,473.8|516.4
46907,499.25|457.3
46908,245.45|493.75
46909,253.75|265.4
46910,588.65|555.75
46911,511.65|497.5
46912,505.7|491.3
46913,583.55|395.45
46914,247.8|510.7
46915,218.55|223.15
46916,308.95|213.35
46917,534.15|544.65
46918,438.0|423.05
46919,292.75|331.5
46920,564.45|219.75
46921,455.55|541.9
46922,521.8|505.4
46923,489.1|499.55
46924,461.5|506.15
46925,590.9|357.6
46926,529.95|452.8
46927,286.7|329.5
46928,564.7|486.25
46929,546.75|346.05
46930,569.25|417.2
46931,434.05|467.5
46932,591.55|414.3
46933,342.85|262.8
46934,221.85|522.9
46935,487.9|271.65
46936,344.55|418.45
46937,214.95|370.4
46938,431.15|487.35
46939,232.95|441.2
46940,467.7|552.2
46941,424.85|375.05
46942,408.45|546.6
46943,264.85|286.55
46944,412.25|504.5
46945,554.75|579.8
46946,434.8|533.2
46947,405.55|545.2
46948,290.4|394.6
46949,270.45|566.05
46950,467.3|453.3
46951,316.85|394.2
46952,374.5|274.6
46953,468.0|225.3
46954,383.35|289.45
46955,243.1|557.95
46956,417.15|471.5
46957,576.75|384.85
46958,250.1|567.1
46959,583.1|402.85
46960,363.6|259.45
46961,278.0|424.3
46962,303.15|432.3
46963,253.1|401.15
46964,475.85|429.1
46965,392.4|407.5
46966,422.3|456.85
46967,363.05|543.3
46968,269.65|323.75
46969,578.5|243.35
46970,542.5|493.8
46971,577.35|579.4
46972,457.45|357.75
46973,356.4|385.45
46974,278.1|439.85
46975,229.3|492.95
46976,472.65|338.35
46977,550.3|271.9
46978,384.6|295.1
46979,348.2|542.0
46980,410.7|333.85
46981,413.0|274.7
46982,233.6|493.25
46983,528.1|567.3
46984,251.05|396.3
46985,409.25|551.4
46986,542.1|586.3
46987,381.55|266.95
46988,294.85|486.75
46989,250.2|327.65
46990,292.2|434.55
46991,390.85|280.45
46992,371.65|367.55
46993,390.65|523.5
46994,251.7|426.35
46995,543.3|495.1
46996,280.15|361.75
46997,249.25|501.35
46998,587.2|495.45
46999,420.5|352.35
47000,369.4|355.3
47001,226.9|549.25
47002,350.4|213.4
47003,419.65|321.15
47004,344.25|328.6
47005,532.2|316.4
47006,588.75|376.1
47007,214.9|287.45
47008,444.75|573.25
47009,345.85|385.75
47010,350.25|568.2
47011,291.7|362.25
47012,299.8|414.5
47013,396.1|214.3
47014,282.55|312.4
47015,242.75|250.15
47016,459.25|276.15
47017,213.05|574.8
47018,249.15|388.35
47019,577.1|213.45
47020,274.85|417.35
47021,435.85|338.8
47022,403.85|363.0
47023,374.05|252.9
47024,433.6|401.7
47025,455.75|371.45
47026,374.55|303.9
47027,456.9|587.05
47028,401.8|471.75
47029,331.55|410.75
47030,468.4|321.6
47031,391.0|481.0
47032,268.1|575.5
47033,239.25|369.4
47034,210.65|586.9
47035,229.25|571.9
47036,546.9|272.15
47037,298.15|413.0
47038,218.35|397.55
47039,242.9|574.65
47040,586.45|279.1
47041,225.75|388.5
47042,554.75|576.6
47043,349.75|446.8
47044,466.7|484.55
47045,264.35|580.3
47046,228.3|472.35
47047,540.6|357.75
47048,419.6|496.35
47049,412.75|357.55
47050,382.1|484.8
47051,384.65|263.55
47052,423.45|254.85
47053,255.45|464.8
47054,312.35|361.85
47055,588.7|360.2
47056,252.3|533.6
47057,372.05|573.5
47058,231.5|390.85
47059,273.3|232.9
47060,456.35|444.25
47061,272.9|246.25
47062,261.6|289.6
47063,339.8|559.1
47064,585.0|565.8
47065,515.45|443.3
47066,383.75|540.3
47067,358.45|273.85
47068,541.85|258.75
47069,415.55|226.6
47070,229.45|515.65
47071,579.6|580.65
47072,446.1|588.85
47073,572.6|224.5
47074,380.85|285.85
47075,228.15|501.7
47076,588.75|239.35
47077,388.25|364.95
47078,266.4|563.7
47079,497.8|244.2
47080,209.5|586.1
47081,394.05|268.55
47082,382.7|362.8
47083,254.15|580.25
47084,566.6|311.05
47085,410.6|218.7
47086,275.45|396.85
47087,578.55|354.0
47088,269.45|554.6
47089,463.7|468.25
47090,542.2|540.65
47091,530.15|546.5
47092,555.35|586.5
47093,567.95|316.6
47094,596.05|478.5
47095,463.4|516.7
47096,533.95|548.3
47097,462.05|535.95
47098,278.55|439.85
47099,297.0|581.55
47100,391.7|550.15
47101,216.05|305.85
47102,566.8|546.8
47103,560.75|228.2
47104,223.8|469.8
47105,215.45|392.05
47106,383.4|363.7
47107,356.1|314.6
47108,281.35|347.6
47109,462.65|483.35
47110,449.25|221.75
47111,465.8|239.75
47112,583.65|479.3
47113,352.15|232.65
47114,209.75|348.0
47115,341.7|330.65
47116,338.85|558.45
47117,267.5|277.0
47118,350.95|267.4
47119,585.95|223.6
47120,353.75|590.35
47121,435.6|393.1
47122,360.05|424.2
47123,417.95|399.05
47124,447.35|304.6
47125,481.85|482.95
47126,272.7|406.3
47127,414.05|344.5
47128,591.4|590.25
47129,378.8|564.0
47130,439.8|436.75
47131,214.5|292.35
47132,222.75|223.95
47133,464.95|288.6
47134,529.65|454.1
47135,443.35|226.35
47136,532.55|560.55
47137,409.7|246.2
47138,323.6|403.55
47139,470.0|468.75
47140,231.0|467.75
47141,535.9|344.0
47142,453.15|517.6
47143,556.35|312.55
47144,569.4|236.6
47145,312.0|425.2
47146,445.0|470.2
47147,215.25|313.35
47148,369.95|541.0
47149,592.55|567.35
47150,550.4|434.45
47151,369.2|211.0
47152,591.45|213.75
47153,473.85|257.45
47154,463.75|239.45
47155,568.95|308.0
47156,371.7|436.3
47157,534.0|278.65
47158,388.6|260.2
47159,255.55|236.35
47160,480.35|454.75
47161,218.65|429.35
47162,342.95|581.15
47163,393.5|538.8
47164,487.9|509.8
47165,276.05|395.1
47166,577.1|589.65
47167,436.55|387.4
47168,240.15|571.35
47169,368.4|454.25
47170,253.7|544.6
47171,569.25|214.45
47172,220.55|398.8
47173,465.35|223.9
47174,305.5|317.9
47175,530.4|374.05
47176,534.25|323.6
47177,359.9|488.55
47178,459.4|337.25
47179,244.8|239.2
47180,361.3|374.45
47181,457.85|226.5
47182,459.45|262.35
47183,355.25|449.1
47184,532.8|581.5
47185,544.4|592.55
47186,553.5|226.8
47187,286.55|425.25
47188,414.3|506.1
47189,406.6|390.3
47190,466.3|338.9
47191,327.95|555.75
47192,214.05|231.3
47193,384.9|522.45
47194,213.65|495.7
47195,424.8|346.1
47196,475.8|488.55
47197,527.65|557.6
47198,248.2|407.2
47199,410.45|552.7
47200,247.05|531.7
47201,543.7|294.65
47202,369.65|210.2
47203,562.25|591.1
47204,431.0|515.5
47205,563.5|382.2
47206,540.25|446.45
47207,512.8|308.0
47208,385.65|564.35
47209,450.15|589.1
47210,484.85|479.55
47211,344.4|217.6
47212,247.4|445.25
47213,466.0|319.25
47214,211.8|570.85
47215,263.15|533.15
47216,447.25|310.25
47217,291.75|416.6
47218,297.4|522.2
47219,366.15|404.75
47220,338.6|508.7
47221,323.1|234.15
47222,563.65|454.5
47223,438.5|422.1
47224,217.3|528.6
47225,279.65|567.1
47226,561.85|473.3
47227,437.65|395.5
47228,415.45|540.9
47229,404.6|353.7
47230,560.85|588.9
47231,562.4|239.45
47232,394.15|331.65
47233,444.35|479.7
47234,468.9|245.1
47235,446.65|403.05
47236,218.65|543.85
47237,280.25|330.85
47238,561.4|465.75
47239,423.4|257.2
47240,339.5|399.8
47241,570.75|444.65
47242,273.2|285.1
47243,378.6|512.5
47244,275.15|437.05
47245,216.65|588.05
47246,539.45|565.2
47247,359.9|351.35
47248,561.25|313.55
47249,540.4|295.3
47250,352.7|440.75
47251,265.25|280.95
47252,305.35|350.25
47253,444.1|387.9
47254,573.45|294.75
47255,522.4|521.2
47256,444.8|309.35
47257,360.3|267.5
47258,262.5|258.3
47259,245.6|414.3
47260,350.6|426.7
47261,353.0|339.2
47262,351.0|315.8
47263,217.0|225.2
47264,355.5|584.5
47265,591.7|463.15
47266,236.05|454.9
47267,471.25|336.65
47268,470.75|357.4
47269,575.0|499.3
47270,367.65|447.95
47271,417.6|470.65
47272,219.55|555.3
47273,419.5|587.65
47274,265.65|380.7
47275,397.55|288.2
47276,514.1|440.7
47277,386.65|267.6
47278,401.75|506.95
47279,549.15|342.15
47280,590.05|228.5
47281,340.25|371.15
47282,237.3|214.75
47283,282.35|435.85
47284,551.5|528.4
47285,422.35|535.05
47286,275.8|543.15
47287,262.4|415.7
47288,364.5|336.85
47289,413.0|364.8
47290,343.2|215.25
47291,385.2|577.35
47292,458.2|389.9
47293,449.05|224.8
47294,595.15|500.35
47295,259.55|500.5
47296,294.45|424.5
47297,582.1|367.0
47298,269.35|254.1
47299,416.1|410.85
47300,332.35|418.45
47301,221.15|577.55
47302,211.15|266.1
47303,267.55|223.3
47304,391.75|488.05
47305,355.1|221.25
47306,478.7|225.0
47307,521.85|505.0
47308,294.8|322.0
47309,255.4|564.9
47310,342.95|319.95
47311,456.2|213.0
47312,567.0|267.5
47313,241.05|581.95
47314,352.9|211.7
47315,356.8|585.25
47316,255.4|217.65
47317,453.9|349.7
47318,259.8|249.85
47319,448.7|243.6
47320,276.4|277.15
47321,204.65|513.1
47322,572.75|436.4
47323,493.65|495.9
47324,207.25|480.9
47325,586.85|270.65
47326,245.0|444.7
47327,338.55|318.3
47328,291.8|315.55
47329,526.0|434.25
47330,451.5|460.75
47331,428.65|260.2
47332,216.7|586.2
47333,246.6|570.6
47334,406.9|437.3
47335,397.95|560.5
47336,289.7|530.6
47337,593.65|354.65
47338,378.0|552.9
47339,580.15|332.1
47340,413.95|206.65
47341,557.7|436.45
47342,387.7|328.9
47343,292.35|361.6
47344,371.2|372.9
47345,467.6|224.1
47346,454.25|433.6
47347,437.95|523.75
47348,290.55|342.8
47349,392.35|427.25
47350,371.2|276.85
47351,368.2|442.05
47352,350.3|222.35
47353,347.95|255.55
47354,249.95|256.1
47355,323.15|369.05
47356,406.75|309.15
47357,371.05|465.45
47358,407.45|588.95
47359,274.45|318.7
47360,213.9|290.25
47361,564.7|531.45
47362,392.1|502.95
47363,351.85|456.65
47364,355.55|457.3
47365,278.0|241.4
47366,418.3|336.35
47367,401.55|576.15
47368,225.35|483.45
47369,574.1|573.35
47370,470.85|328.05
47371,339.6|338.2
47372,459.3|544.75
47373,472.45|461.4
47374,317.9|407.3
47375,256.45|581.45
47376,480.85|437.35
47377,452.55|298.45
47378,435.65|561.95
47379,269.3|244.05
47380,342.3|331.15
47381,476.35|334.0
47382,430.4|335.9
47383,302.3|225.1
47384,483.6|453.9
47385,462.75|380.6
47386,333.4|243.7
47387,459.45|440.4
47388,381.4|274.85
47389,399.0|214.4
47390,470.45|345.75
47391,403.95|511.0
47392,347.85|340.15
47393,218.05|382.75
47394,578.55|590.65
47395,418.45|320.6
47396,594.95|545.3
47397,451.7|587.6
47398,473.4|329.15
47399,535.65|527.25
47400,561.9|278.25
47401,246.45|570.0
47402,226.85|342.35
47403,407.7|357.7
47404,448.2|439.8
47405,293.95|443.4
47406,581.4|476.75
47407,394.9|406.1
47408,471.75|460.0
47409,540.35|346.95
47410,476.05|455.3
47411,247.4|415.6
47412,218.3|304.8
47413,580.2|361.05
47414,246.0|500.75
47415,396.85|525.65
47416,532.3|306.95
47417,461.4|267.85
47418,420.3|210.75
47419,401.35|537.55
47420,554.05|295.7
47421,204.8|461.7
47422,475.65|528.6
47423,541.85|297.0
47424,579.95|393.9
47425,560.05|282.7
47426,332.2|342.4
47427,446.25|306.45
47428,580.4|206.65
47429,226.4|549.45
47430,538.35|512.4
47431,482.7|280.1
47432,435.6|323.2
47433,340.6|334.75
47434,576.7|465.75
47435,294.45|320.25
47436,431.65|586.8
47437,383.65|585.8
47438,564.4|401.15
47439,445.35|442.2
47440,252.8|215.8
47441,423.9|580.5
47442,351.85|423.75
47443,562.2|478.65
47444,420.4|517.25
47445,316.25|318.65
47446,596.05|288.85
47447,257.1|561.5
47448,525.2|410.5
47449,360.35|274.9
47450,533.65|544.35
47451,442.95|375.75
47452,276.2|423.3
47453,417.7|271.8
47454,462.2|267.5
47455,237.6|312.6
47456,373.4|356.85
47457,378.1|207.4
47458,563.3|586.95
47459,316.65|402.8
47460,316.75|453.55
47461,284.95|586.75
47462,447.3|447.4
47463,345.4|430.1
47464,407.45|587.9
47465,546.05|578.15
47466,448.15|298.35
47467,238.5|360.55
47468,564.9|434.4
47469,576.35|492.75
47470,229.85|535.85
47471,537.35|445.6
47472,374.05|450.5
47473,212.4|251.3
47474,466.6|311.5
47475,284.7|367.35
47476,371.1|352.9
47477,554.55|349.15
47478,524.6|513.6
47479,208.45|322.15
47480,517.7|474.0
47481,410.25|220.05
47482,568.05|216.7
47483,452.95|483.5
47484,227.55|388.9
47485,574.55|590.95
47486,440.0|292.55
47487,397.55|258.7
47488,589.5|367.25
47489,273.9|371.85
47490,265.1|348.05
47491,253.95|430.05
47492,587.6|507.05
47493,253.85|390.3
47494,462.55|562.4
47495,567.8|372.35
47496,479.6|401.75
47497,458.2|443.15
47498,252.6|233.6
47499,218.65|483.2
47500,515.6|526.85
47501,390.0|555.85
47502,448.85|354.9
47503,373.4|581.05
47504,277.4|231.55
47505,537.3|454.25
47506,274.8|281.8
47507,207.6|587.6
47508,506.35|496.2
47509,481.6|285.8
47510,574.75|350.55
47511,339.65|496.7
47512,265.3|578.6
47513,346.05|354.85
47514,229.1|211.25
47515,405.25|339.4
47516,574.2|311.95
47517,408.3|466.25
47518,505.75|473.55
47519,393.5|353.25
47520,549.95|321.35
47521,281.05|407.4
47522,386.95|236.1
47523,256.45|341.4
47524,309.35|386.95
47525,417.25|359.4
47526,347.35|323.15
47527,558.05|592.75
47528,208.8|535.1
47529,214.5|584.0
47530,396.3|333.35
47531,250.6|546.95
47532,218.7|471.4
47533,424.8|327.55
47534,356.45|228.45
47535,341.7|345.25
47536,382.7|354.0
47537,455.9|227.5
47538,272.6|235.55
47539,349.05|303.75
47540,558.75|276.35
47541,368.1|448.05
47542,590.25|507.6
47543,470.65|453.4
47544,231.6|402.75
47545,436.0|584.25
47546,238.9|410.35
47547,567.2|379.45
47548,427.05|397.35
47549,570.35|227.3
47550,405.3|371.05
47551,221.2|309.1
47552,466.0|239.55
47553,382.9|275.6
47554,409.9|564.45
47555,444.55|532.65
47556,271.2|229.05
47557,229.65|414.55
47558,423.65|223.5
47559,323.15|393.75
47560,391.15|304.25
47561,433.45|486.45
47562,583.9|218.45
47563,591.7|384.3
47564,503.95|461.9
47565,432.6|458.5
47566,590.2|468.3
47567,423.25|445.35
47568,566.95|291.55
47569,286.1|538.55
47570,454.7|431.2
47571,277.7|584.7
47572,531.8|527.05
47573,382.1|301.95
47574,558.35|581.6
47575,263.1|540.2
47576,460.7|291.7
47577,471.35|407.1
47578,406.7|260.2
47579,254.95|243.95
47580,522.15|559.05
47581,270.6|579.55
47582,572.0|455.6
47583,441.95|441.1
47584,564.0|223.85
47585,284.8|589.7
47586,246.15|371.15
47587,243.45|489.65
47588,235.6|485.4
47589,235.1|320.0
47590,340.25|501.75
47591,340.05|232.4
47592,408.3|526.4
47593,435.8|580.45
47594,543.05|514.95
47595,236.85|413.45
47596,363.75|581.6
47597,466.2|521.9
47598,244.8|421.75
47599,533.25|418.6
47600,344.05|550.0
47601,582.45|510.15
47602,424.45|465.3
47603,273.8|523.95
47604,528.85|444.0
47605,280.6|394.7
47606,292.55|466.75
47607,546.5|451.15
47608,566.35|533.15
47609,590.75|210.35
47610,341.0|583.8
47611,229.25|341.25
47612,536.6|476.9
47613,424.75|488.2
47614,404.3|474.45
47615,395.9|321.95
47616,273.05|265.7
47617,404.9|594.7
47618,542.1|369.4
47619,383.55|382.7
47620,458.5|586.3
47621,434.65|585.4
47622,402.35|255.1
47623,387.45|504.3
47624,456.7|534.8
47625,528.15|345.6
47626,509.05|414.75
47627,580.1|506.1
47628,340.9|408.9
47629,465.8|545.85
47630,468.95|508.6
47631,423.6|317.55
47632,416.85|291.2
47633,359.45|512.85
47634,302.05|396.25
47635,463.75|252.65
47636,338.7|287.8
47637,580.25|409.05
47638,467.1|386.95
47639,284.45|558.75
47640,212.95|588.65
47641,424.0|578.1
47642,401.65|204.0
47643,428.9|495.05
47644,434.8|401.95
47645,526.6|356.2
47646,568.45|347.45
47647,441.4|297.55
47648,242.95|506.25
47649,291.55|247.55
47650,440.7|312.85
47651,380.1|277.0
47652,277.4|485.05
47653,547.15|232.15
47654,284.95|275.3
47655,583.55|438.75
47656,549.8|257.55
47657,453.65|230.3
47658,208.65|331.05
47659,340.95|331.05
47660,545.75|449.5
47661,542.5|587.1
47662,590.75|553.45
47663,214.0|573.5
47664,239.3|478.95
47665,456.0|438.3
47666,373.15|476.15
47667,430.35|515.95
47668,436.9|443.65
47669,569.7|304.0
47670,261.45|243.3
47671,243.5|484.15
47672,515.35|455.0
47673,368.55|365.0
47674,336.85|258.8
47675,207.1|525.2
47676,429.7|421.45
47677,362.7|260.85
47678,261.5|409.9
47679,549.8|409.35
47680,425.8|496.2
47681,352.9|333.0
47682,588.75|511.5
47683,410.7|561.0
47684,555.3|221.7
47685,527.3|325.95
47686,419.75|246.4
47687,426.8|260.55
47688,213.35|267.9
47689,215.3|222.65
47690,265.35|496.2
47691,576.65|305.55
47692,346.95|226.65
47693,404.25|370.95
47694,580.6|488.65
47695,230.55|556.35
47696,489.1|231.95
47697,432.95|593.35
47698,439.8|358.5
47699,230.95|226.45
47700,317.3|423.15
47701,430.45|464.9
47702,248.5|288.45
47703,213.7|395.95
47704,529.25|460.2
47705,564.25|395.5
47706,378.65|364.65
47707,472.2|470.1
47708,380.05|350.55
47709,559.25|574.05
47710,239.15|309.1
47711,455.0|237.8
47712,398.75|521.1
47713,569.45|549.75
47714,356.9|208.45
47715,556.65|239.55
47716,436.7|312.3
47717,240.8|431.25
47718,355.0|544.3
47719,279.35|455.45
47720,295.05|422.25
47721,437.0|382.45
47722,534.5|572.1
47723,457.8|293.3
47724,590.25|392.75
47725,377.6|422.55
47726,295.25|565.7
47727,451.55|323.75
47728,534.55|333.6
47729,220.5|427.9
47730,341.0|587.5
47731,392.25|348.65
47732,530.45|502.0
47733,317.75|419.65
47734,356.8|414.35
47735,550.75|493.75
47736,371.95|346.5
47737,594.5|582.25
47738,291.2|545.65
47739,283.6|396.8
47740,354.95|262.25
47741,480.7|253.2
47742,269.35|416.0
47743,239.45|509.2
47744,580.45|313.6
47745,212.6|245.45
47746,287.55|334.65
47747,576.65|296.2
47748,561.15|276.25
47749,533.75|450.5
47750,484.8|347.35
47751,476.9|531.8
47752,442.6|491.25
47753,419.1|275.15
47754,363.4|493.8
47755,433.4|481.45
47756,353.35|534.35
47757,383.6|283.75
47758,426.75|585.45
47759,452.2|241.75
47760,451.55|473.8
47761,353.9|417.15
47762,431.3|284.15
47763,214.85|578.55
47764,260.85|568.85
47765,395.6|302.25
47766,544.85|495.9
47767,474.75|526.3
47768,553.5|354.7
47769,440.55|533.2
47770,338.7|354.45
47771,216.5|229.35
47772,400.0|412.65
47773,583.55|336.3
47774,585.3|526.25
47775,364.1|385.2
47776,419.2|382.45
47777,537.8|523.55
47778,555.85|248.4
47779,323.6|329.3
47780,354.1|211.1
47781,381.2|588.5
47782,414.85|549.3
47783,577.65|301.9
47784,513.0|231.85
47785,535.7|450.55
47786,423.05|248.1
47787,351.6|395.2
47788,583.85|484.0
47789,588.65|569.35
47790,247.5|268.95
47791,544.35|481.6
47792,254.45|588.15
47793,256.35|446.2
47794,483.3|491.85
47795,314.4|428.8
47796,576.7|311.7
47797,341.7|399.95
47798,331.75|393.6
47799,292.5|447.95
47800,406.3|223.95
47801,359.85|340.1
47802,526.8|558.4
47803,327.55|333.35
47804,578.6|221.25
47805,387.0|321.4
47806,395.75|486.95
47807,473.55|338.4
47808,266.4|293.85
47809,436.75|522.65
47810,397.9|595.1
47811,393.25|498.6
47812,572.5|503.55
47813,447.7|442.5
47814,413.0|293.05
47815,274.25|293.25
47816,438.8|481.35
47817,254.7|399.3
47818,249.15|366.2
47819,239.85|418.7
47820,521.85|548.35
47821,404.15|364.8
47822,548.35|543.25
47823,448.55|271.15
47824,411.1|580.9
47825,572.35|325.75
47826,494.3|273.55
47827,219.45|403.55
47828,296.2|462.9
47829,260.85|417.65
47830,590.9|360.25
47831,386.25|483.5
47832,570.5|290.1
47833,465.0|560.65
47834,459.9|521.25
47835,583.65|466.75
47836,578.2|461.3
47837,244.2|422.2
47838,240.5|554.05
47839,249.6|568.15
47840,237.35|241.55
47841,482.85|484.55
47842,288.55|467.8
47843,449.45|446.0
47844,290.4|486.0
47845,275.7|334.05
47846,395.6|418.25
47847,372.75|495.7
47848,465.9|335.1
47849,442.95|373.7
47850,419.7|274.9
47851,213.65|326.45
47852,578.1|518.25
47853,401.5|347.7
47854,335.2|216.7
47855,259.15|249.75
47856,319.0|358.2
47857,256.9|390.65
47858,415.75|320.3
47859,399.45|551.4
47860,456.85|552.1
47861,512.0|515.7
47862,514.45|400.3
47863,393.45|299.65
47864,348.4|402.3
47865,272.75|360.8
47866,280.8|589.1
47867,352.1|503.95
47868,462.25|516.05
47869,590.55|494.25
47870,587.45|319.2
47871,356.25|281.55
47872,543.55|271.3
47873,537.3|548.15
47874,240.35|471.55
47875,411.25|332.05
47876,574.95|265.15
47877,334.5|507.5
47878,287.05|389.15
47879,322.6|402.75
47880,329.1|319.75
47881,239.6|422.8
47882,455.0|575.2
47883,575.7|590.6
47884,403.15|350.15
47885,359.1|553.4
47886,215.9|495.0
47887,473.05|480.85
47888,389.7|399.95
47889,342.9|553.4
47890,415.95|347.3
47891,474.5|215.3
47892,348.55|513.5
47893,367.1|393.35
47894,529.85|450.95
47895,466.1|328.8
47896,458.9|472.55
47897,351.9|286.65
47898,225.05|574.55
47899,475.15|351.65
47900,216.35|496.05
47901,574.2|338.35
47902,388.85|381.45
47903,528.55|391.3
47904,242.3|230.55
47905,285.9|358.85
47906,546.45|545.1
47907,227.6|564.55
47908,500.65|491.55
47909,221.4|529.8
47910,437.55|476.3
47911,250.05|403.4
47912,577.9|432.8
47913,572.0|216.35
47914,374.45|546.1
47915,272.0|260.75
47916,246.1|293.2
47917,592.1|251.6
47918,579.35|286.5
47919,245.4|395.7
47920,422.75|573.8
47921,226.2|303.85
47922,417.8|381.1
47923,546.85|563.85
47924,355.5|324.8
47925,396.15|332.0
47926,343.65|559.3
47927,558.35|259.9
47928,269.15|576.45
47929,265.25|219.25
47930,226.9|384.75
47931,410.1|219.3
47932,381.65|590.7
47933,378.7|473.1
47934,442.05|225.0
47935,461.6|390.2
47936,265.5|421.05
47937,244.5|358.2
47938,454.65|383.65
47939,460.35|537.15
47940,337.65|412.15
47941,580.6|310.9
47942,413.2|409.45
47943,386.35|359.4
47944,442.6|299.7
47945,551.1|270.65
47946,421.55|232.75
47947,442.4|444.25
47948,433.9|211.55
47949,226.6|294.5
47950,289.85|510.1
47951,338.1|215.05
47952,291.25|296.4
47953,396.1|492.95
47954,265.5|295.65
47955,281.1|526.2
47956,402.05|405.85
47957,459.6|239.9
47958,252.15|577.7
47959,545.3|544.4
47960,414.0|344.85
47961,349.05|412.75
47962,366.7|375.9
47963,565.45|452.85
47964,377.4|273.75
47965,295.7|258.35
47966,592.1|309.3
47967,298.75|339.6
47968,385.45|285.4
47969,544.7|430.15
47970,352.8|297.75
47971,410.65|558.0
47972,457.3|437.4
47973,432.65|249.8
47974,372.3|562.3
47975,364.2|486.55
47976,396.55|516.7
47977,502.1|537.6
47978,468.75|420.85
47979,366.65|586.45
47980,582.0|221.2
47981,255.75|571.85
47982,286.0|397.45
47983,313.6|255.8
47984,473.05|515.9
47985,523.5|269.75
47986,474.0|488.15
47987,319.8|332.65
47988,383.45|411.6
47989,268.45|507.05
47990,454.95|393.4
47991,585.7|591.35
47992,293.1|335.6
47993,475.3|460.25
47994,523.5|463.0
47995,230.95|421.4
47996,278.3|395.4
47997,210.4|355.3
47998,527.2|354.3
47999,535.35|414.9
48000,436.55|593.9
48001,369.15|410.25
48002,413.95|394.4
48003,460.3|457.5
48004,563.65|281.85
48005,275.0|254.15
48006,361.4|277.85
48007,563.3|287.35
48008,564.65|468.65
48009,354.15|422.15
48010,277.75|264.2
48011,280.35|337.85
48012,489.1|437.1
48013,573.5|369.9
48014,386.85|468.55
48015,448.8|234.55
48016,592.75|464.45
48017,265.3|356.55
48018,582.3|546.9
48019,437.8|418.8
48020,538.0|521.1
48021,452.05|513.9
48022,413.85|361.05
48023,562.85|254.1
48024,365.75|209.3
48025,218.65|394.2
48026,423.5|475.7
48027,259.55|494.15
48028,437.3|525.5
48029,411.1|302.4
48030,407.55|516.4
48031,272.1|278.8
48032,293.0|461.6
48033,495.3|379.25
48034,241.5|420.95
48035,588.9|560.25
48036,468.2|341.05
48037,375.95|440.75
48038,284.25|484.95
48039,342.0|593.25
48040,407.3|519.5
48041,564.15|268.2
48042,254.1|550.45
48043,257.9|236.25
48044,549.8|517.75
48045,405.1|407.2
48046,500.3|432.6
48047,462.55|530.5
48048,507.8|406.2
48049,280.2|377.75
48050,527.5|461.25
48051,438.45|379.15
48052,426.9|428.9
48053,576.25|261.15
48054,218.25|418.75
48055,431.85|503.1
48056,216.6|510.25
48057,421.9|550.7
48058,467.45|510.05
48059,467.35|537.2
48060,449.45|313.45
48061,229.2|349.25
48062,482.8|332.1
48063,224.85|379.1
48064,430.4|435.45
48065,252.45|566.2
48066,462.2|512.95
48067,478.9|520.8
48068,503.65|360.75
48069,268.25|520.85
48070,523.1|569.6
48071,384.45|260.75
48072,261.55|511.7
48073,568.8|375.05
48074,352.75|561.85
48075,299.5|332.35
48076,390.5|364.0
48077,376.25|510.6
48078,259.2|330.75
48079,304.15|338.0
48080,472.5|261.8
48081,239.15|451.6
48082,421.9|585.65
48083,581.85|516.35
48084,565.8|540.85
48085,463.8|221.75
48086,239.8|550.9
48087,397.9|554.2
48088,526.7|419.05
48089,415.55|219.65
48090,248.2|435.95
48091,399.65|254.35
48092,364.45|280.2
48093,569.6|438.65
48094,398.0|363.1
48095,343.85|321.2
48096,338.0|372.55
48097,382.4|352.35
48098,381.2|562.1
48099,422.45|375.85
48100,254.6|548.2
48101,448.2|567.8
48102,559.6|480.65
48103,322.3|512.5
48104,225.1|536.15
48105,343.1|230.4
48106,223.2|493.85
48107,300.45|392.55
48108,577.3|469.9
48109,537.5|582.65
48110,429.25|326.35
48111,423.55|428.4
48112,441.35|536.85
48113,225.55|314.65
48114,370.95|353.2
48115,212.15|311.9
48116,229.2|381.45
48117,291.25|521.0
48118,229.4|359.15
48119,482.3|526.5
48120,381.5|282.3
48121,552.1|447.0
48122,224.9|464.1
48123,426.5|341.3
48124,475.95|277.65
48125,404.4|545.2
48126,558.3|311.85
48127,383.95|558.8
48128,219.7|347.5
48129,406.7|356.95
48130,482.85|240.85
48131,490.6|338.45
48132,559.4|527.55
48133,554.3|506.75
48134,573.4|404.35
48135,403.2|373.4
48136,522.0|460.0
48137,242.05|442.55
48138,437.3|481.9
48139,578.65|520.45
48140,591.2|473.2
48141,571.25|447.35
48142,581.35|496.7
48143,468.45|499.2
48144,460.3|464.25
48145,337.9|552.55
48146,576.85|489.25
48147,451.9|497.15
48148,361.65|438.65
48149,447.25|589.5
48150,221.0|374.3
48151,221.45|374.15
48152,576.45|588.0
48153,478.75|312.8
48154,472.5|496.4
48155,525.05|510.65
48156,385.6|295.4
48157,435.05|360.85
48158,469.65|525.4
48159,560.75|463.8
48160,571.45|519.75
48161,345.95|581.5
48162,451.85|409.6
48163,577.3|385.75
48164,587.3|390.5
48165,263.65|410.55
48166,305.9|518.1
48167,439.6|522.5
48168,590.1|375.8
48169,350.0|284.7
48170,576.45|576.45
48171,356.8|280.15
48172,225.1|309.5
48173,382.45|225.3
48174,218.75|243.6
48175,410.95|572.1
48176,224.8|577.8
48177,274.9|249.25
48178,241.55|498.65
48179,261.95|321.6
48180,355.35|412.05
48181,271.85|305.55
48182,362.2|593.3
48183,382.45|356.55
48184,556.2|588.4
48185,568.35|440.45
48186,213.4|271.25
48187,451.7|241.0
48188,590.05|303.65
48189,267.8|371.4
48190,332.45|376.25
48191,593.7|368.95
48192,260.3|437.95
48193,461.4|214.05
48194,434.6|385.6
48195,471.95|373.8
48196,375.2|386.1
48197,430.65|487.25
48198,265.2|277.05
48199,392.3|404.75
48200,432.15|303.8
48201,238.25|405.55
48202,379.55|234.3
48203,470.2|513.25
48204,575.05|250.45
48205,402.2|491.75
48206,276.85|268.35
48207,389.7|513.4
48208,427.95|582.4
48209,578.8|272.7
48210,592.7|210.35
48211,386.7|272.65
48212,371.95|493.0
48213,579.55|577.9
48214,213.3|503.4
48215,437.5|251.6
48216,426.85|488.95
48217,218.35|308.0
48218,349.6|500.8
48219,252.9|300.7
48220,420.4|435.8
48221,242.95|312.75
48222,578.9|221.8
48223,275.7|502.75
48224,524.6|453.15
48225,531.3|260.45
48226,381.9|481.2
48227,464.95|467.8
48228,210.45|572.55
48229,227.35|343.2
48230,437.9|460.0
48231,340.6|332.6
48232,253.55|432.8
48233,255.45|556.25
48234,354.85|445.0
48235,211.1|349.1
48236,359.4|248.0
48237,347.75|396.55
48238,466.75|462.65
48239,582.6|359.55
48240,422.9|485.5
48241,335.15|275.5
48242,405.3|346.75
48243,360.15|289.8
48244,360.05|551.3
48245,394.8|543.2
48246,426.9|553.9
48247,355.55|318.3
48248,351.85|208.1
48249,232.4|475.65
48250,457.2|459.0
48251,271.1|214.8
48252,483.15|538.7
48253,220.75|569.0
48254,517.4|421.85
48255,376.5|507.05
48256,519.0|528.25
48257,531.6|441.0
48258,563.1|269.45
48259,228.4|263.05
48260,415.85|370.55
48261,269.2|593.15
48262,435.9|417.2
48263,533.9|355.4
48264,320.1|379.5
48265,454.1|459.0
48266,515.2|543.7
48267,208.95|520.3
48268,463.6|229.75
48269,247.65|371.6
48270,510.3|484.75
48271,397.5|351.0
48272,592.45|469.3
48273,341.85|338.6
48274,271.2|282.2
48275,216.25|306.55
48276,429.2|368.15
48277,552.3|572.65
48278,280.85|517.6
48279,582.4|445.7
48280,397.9|533.15
48281,394.3|448.1
48282,343.05|427.15
48283,284.55|594.15
48284,417.2|210.8
48285,387.5|236.3
48286,352.35|470.55
48287,534.65|307.7
48288,527.65|544.15
48289,353.85|421.85
48290,366.9|268.5
48291,399.65|346.65
48292,528.65|550.75
48293,349.2|432.2
48294,208.65|461.0
48295,417.5|539.2
48296,396.7|592.65
48297,388.15|296.6
48298,392.25|382.4
48299,339.95|538.8
48300,435.55|516.15
48301,291.1|353.55
48302,430.95|550.05
48303,458.1|446.7
48304,541.8|519.4
48305,238.65|313.15
48306,539.8|272.75
48307,577.25|593.15
48308,557.85|237.45
48309,465.45|498.7
48310,239.65|269.35
48311,537.7|267.95
48312,448.1|577.7
48313,448.45|464.95
48314,228.85|550.6
48315,264.55|404.35
48316,425.1|319.05
48317,344.35|589.85
48318,321.15|340.1
48319,256.4|411.45
48320,257.6|332.55
48321,528.15|404.65
48322,329.25|431.6
48323,501.35|247.0
48324,281.05|353.25
48325,570.95|445.75
48326,260.05|572.35
48327,369.15|233.15
48328,572.65|319.7
48329,283.35|385.35
48330,469.2|497.25
48331,218.4|313.4
48332,338.4|318.1
48333,346.4|552.25
48334,228.3|342.95
48335,367.7|330.8
48336,283.25|561.6
48337,322.65|409.4
48338,375.5|495.0
48339,578.05|216.3
48340,223.2|567.4
48341,348.1|426.85
48342,338.95|376.85
48343,469.45|458.0
48344,336.4|348.2
48345,452.5|502.75
48346,362.4|279.5
48347,386.2|486.75
48348,232.5|429.1
48349,374.4|563.4
48350,518.0|514.55
48351,343.5|318.4
48352,416.95|553.9
48353,250.0|406.0
48354,287.15|541.7
48355,270.55|421.9
48356,401.25|448.3
48357,454.8|535.8
48358,437.9|327.75
48359,434.3|515.55
48360,551.1|378.4
48361,455.35|419.4
48362,351.1|334.5
48363,569.45|514.0
48364,466.0|239.8
48365,462.55|488.0
48366,476.25|460.8
48367,230.45|587.4
48368,378.8|391.35
48369,558.25|322.45
48370,474.5|476.35
48371,457.15|403.65
48372,212.6|400.5
48373,350.15|388.4
48374,243.95|421.5
48375,533.5|410.35
48376,586.35|309.1
48377,552.25|370.85
48378,379.2|278.8
48379,448.0|369.35
48380,399.55|578.65
48381,439.8|352.0
48382,374.2|445.3
48383,571.1|488.45
48384,452.3|410.95
48385,540.8|426.4
48386,282.05|331.7
48387,556.8|343.9
48388,490.35|553.5
48389,530.85|276.5
48390,539.6|417.4
48391,371.0|445.8
48392,296.95|488.2
48393,541.65|503.1
48394,371.15|584.2
48395,382.95|326.8
48396,303.8|371.25
48397,532.15|261.75
48398,396.25|292.85
48399,494.2|468.6
48400,369.75|579.8
48401,426.65|521.1
48402,421.35|350.6
48403,450.45|394.8
48404,344.55|576.6
48405,254.15|520.2
48406,521.15|455.25
48407,256.9|221.35
48408,249.35|499.85
48409,211.8|359.7
48410,285.55|539.0
48411,470.2|345.3
48412,584.85|358.3
48413,583.65|232.1
48414,480.95|327.35
48415,241.25|260.05
48416,320.85|295.75
48417,408.75|396.1
48418,592.25|412.3
48419,347.05|594.75
48420,261.2|536.5
48421,433.4|459.0
48422,453.35|538.55
48423,431.3|500.2
48424,410.65|340.95
48425,342.95|556.0
48426,210.65|527.2
48427,377.2|528.35
48428,536.6|567.65
48429,341.45|320.9
48430,377.45|395.6
48431,581.95|505.05
48432,412.8|367.15
48433,467.15|497.35
48434,390.45|278.25
48435,538.6|510.7
48436,230.55|339.45
48437,543.3|401.55
48438,437.55|298.2
48439,387.1|268.9
48440,314.45|345.2
48441,350.35|389.9
48442,473.3|357.3
48443,252.5|223.75
48444,322.2|381.0
48445,415.15|359.75
48446,430.15|435.6
48447,431.3|319.45
48448,553.1|579.6
48449,474.05|338.75
48450,237.15|494.85
48451,259.2|412.7
48452,474.4|282.95
48453,229.35|577.25
48454,423.7|575.3
48455,532.55|570.55
48456,556.15|590.3
48457,550.2|541.0
48458,591.0|415.35
48459,542.45|319.65
48460,263.95|391.0
48461,402.2|452.6
48462,513.85|217.65
48463,234.0|286.25
48464,448.1|394.45
48465,565.2|326.55
48466,215.35|304.35
48467,578.8|294.95
48468,579.05|287.4
48469,518.25|496.7
48470,573.9|569.0
48471,398.45|539.3
48472,245.7|302.15
48473,538.85|543.7
48474,450.15|573.55
48475,433.9|367.8
48476,393.3|502.2
48477,469.55|445.8
48478,455.7|298.7
48479,409.2|436.65
48480,236.25|250.05
48481,569.6|236.85
48482,453.5|311.85
48483,345.5|229.9
48484,556.2|464.05
48485,223.85|321.35
48486,449.05|504.3
48487,541.55|332.35
48488,303.6|346.15
48489,219.15|263.7
48490,366.05|501.75
48491,532.6|451.0
48492,264.8|349.45
48493,402.45|543.4
48494,388.9|362.0
48495,448.45|367.9
48496,552.4|297.05
48497,397.2|567.15
48498,253.45|284.75
48499,237.85|231.25
48500,289.55|439.6
48501,513.5|325.8
48502,234.3|421.35
48503,354.4|309.1
48504,458.0|562.8
48505,267.95|281.7
48506,584.6|328.55
48507,379.15|360.4
48508,361.6|346.5
48509,429.2|360.9
48510,521.2|428.2
48511,571.6|398.2
48512,234.25|439.15
48513,283.75|405.05
48514,587.1|488.25
48515,464.55|451.85
48516,427.15|237.5
48517,458.6|429.1
48518,550.95|359.65
48519,304.75|322.9
48520,256.85|489.9
48521,545.5|247.15
48522,426.85|503.15
48523,291.55|572.0
48524,464.7|377.2
48525,216.95|588.75
48526,211.45|285.7
48527,452.65|354.35
48528,234.15|564.75
48529,450.8|519.95
48530,291.55|327.25
48531,479.5|236.6
48532,241.0|456.05
48533,564.35|405.35
48534,581.15|475.8
48535,573.3|442.85
48536,411.0|209.85
48537,588.9|370.95
48538,567.8|326.2
48539,294.65|356.5
48540,291.3|443.7
48541,251.05|574.35
48542,489.2|466.9
48543,283.8|269.7
48544,399.25|339.85
48545,474.7|514.85
48546,296.9|527.7
48547,448.35|243.1
48548,517.75|460.95
48549,403.85|448.9
48550,584.0|548.25
48551,541.5|255.65
48552,284.2|437.85
48553,331.1|361.85
48554,554.25|254.55
48555,554.8|245.0
48556,243.85|216.95
48557,512.05|497.65
48558,296.4|426.2
48559,252.6|433.15
48560,251.65|589.1
48561,412.15|483.65
48562,278.65|322.45
48563,363.5|578.2
48564,545.5|576.9
48565,472.55|340.1
48566,423.55|256.15
48567,563.2|254.4
48568,279.85|486.15
48569,348.85|596.1
48570,443.25|579.75
48571,566.25|224.55
48572,406.4|434.9
48573,430.7|482.85
48574,454.9|523.25
48575,267.05|275.2
48576,415.85|545.1
48577,582.5|362.75
48578,351.7|290.4
48579,212.3|588.1
48580,445.6|221.6
48581,223.55|389.55
48582,349.7|346.7
48583,517.25|521.4
48584,284.65|445.5
48585,443.1|498.3
48586,216.4|403.15
48587,390.4|586.2
48588,568.75|535.1
48589,358.7|388.75
48590,347.7|553.35
48591,333.6|408.4
48592,569.65|593.4
48593,540.8|445.8
48594,581.95|399.9
48595,475.2|565.9
48596,397.5|235.6
48597,590.85|471.1
48598,212.35|335.6
48599,448.85|509.6
48600,590.9|416.35
48601,208.9|576.4
48602,217.9|563.5
48603,342.5|328.75
48604,538.8|289.45
48605,281.2|551.4
48606,351.4|381.5
48607,555.35|261.8
48608,330.8|349.0
48609,482.65|469.0
48610,399.35|355.4
48611,221.55|526.5
48612,352.7|244.65
48613,407.2|217.15
48614,431.4|272.95
48615,256.55|560.25
48616,440.55|241.8
48617,536.9|556.4
48618,468.3|459.5
48619,208.95|499.6
48620,578.6|419.65
48621,458.4|358.75
48622,500.25|451.4
48623,347.1|508.45
48624,241.5|567.45
48625,212.0|553.3
48626,564.75|582.0
48627,374.25|219.35
48628,569.05|279.3
48629,240.1|560.6
48630,355.45|292.8
48631,465.55|546.75
48632,459.5|406.15
48633,567.7|435.1
48634,404.05|266.2
48635,464.25|236.0
48636,407.9|578.6
48637,377.75|592.75
48638,579.3|344.9
48639,277.15|453.8
48640,471.05|526.75
48641,266.75|333.2
48642,280.45|494.4
48643,349.45|592.75
48644,279.65|311.95
48645,358.3|239.1
48646,345.0|357.15
48647,383.15|258.5
48648,374.6|240.45
48649,298.4|487.65
48650,526.3|557.7
48651,210.4|306.25
48652,583.8|586.95
48653,273.6|465.55
48654,246.55|476.35
48655,283.6|329.9
48656,220.7|350.3
48657,368.85|521.05
48658,280.1|579.05
48659,568.9|238.05
48660,259.9|539.2
48661,467.55|262.8
48662,429.5|334.55
48663,385.2|501.8
48664,344.0|412.95
48665,522.0|397.45
48666,277.1|280.05
48667,448.4|570.5
48668,399.15|260.0
48669,240.85|438.45
48670,386.85|377.95
48671,464.45|218.85
48672,498.75|532.25
48673,468.45|481.95
48674,460.35|563.45
48675,247.95|421.5
48676,363.4|375.2
48677,299.65|322.45
48678,528.65|356.9
48679,544.25|544.8
48680,230.4|491.85
48681,582.8|568.25
48682,349.0|594.8
48683,431.9|284.05
48684,347.85|322.65
48685,384.05|481.7
48686,346.25|218.35
48687,357.85|441.1
48688,589.1|593.4
48689,400.7|296.8
48690,205.6|530.3
48691,215.2|254.25
48692,547.0|578.1
48693,585.1|390.75
48694,238.85|320.25
48695,575.35|460.95
48696,460.95|585.35
48697,517.8|518.65
48698,278.5|542.75
48699,467.3|406.7
48700,401.35|328.4
48701,558.4|222.8
48702,293.0|313.3
48703,218.55|216.7
48704,583.0|264.45
48705,591.75|364.4
48706,352.6|251.55
48707,368.1|356.6
48708,225.95|558.4
48709,353.25|541.35
48710,459.0|530.75
48711,359.95|363.45
48712,521.95|339.95
48713,260.1|389.9
48714,447.85|533.0
48715,254.05|434.85
48716,415.9|406.8
48717,368.1|568.75
48718,361.15|430.4
48719,576.65|444.0
48720,459.4|544.35
48721,226.2|321.1
48722,590.65|250.05
48723,347.65|323.45
48724,271.8|548.1
48725,271.35|475.0
48726,226.25|544.45
48727,206.55|529.55
48728,350.0|391.75
48729,211.65|382.05
48730,430.8|579.8
48731,272.7|555.0
48732,556.4|236.15
48733,575.15|222.55
48734,529.4|414.15
48735,268.1|356.05
48736,586.15|552.7
48737,266.8|561.3
48738,544.15|278.2
48739,521.0|411.2
48740,382.95|567.4
48741,449.9|406.8
48742,572.6|539.3
48743,582.95|506.9
48744,445.25|360.65
48745,293.45|466.75
48746,461.9|262.2
48747,429.0|424.5
48748,503.5|452.3
48749,413.4|333.65
48750,540.55|231.15
48751,364.85|573.6
48752,471.65|467.45
48753,257.45|281.1
48754,554.3|259.75
48755,248.45|273.75
48756,446.95|235.3
48757,344.25|536.0
48758,572.2|273.35
48759,374.0|251.65
48760,433.2|524.8
48761,374.2|322.1
48762,364.85|589.15
48763,292.0|512.7
48764,218.9|472.25
48765,578.3|584.65
48766,233.5|307.75
48767,398.5|488.3
48768,414.9|334.7
48769,402.4|228.7
48770,413.2|351.8
48771,519.5|505.15
48772,259.75|555.25
48773,398.0|254.2
48774,354.1|589.95
48775,275.15|350.5
48776,511.4|489.75
48777,477.95|462.4
48778,476.65|262.85
48779,577.45|539.8
48780,469.75|492.95
48781,401.4|359.55
48782,352.4|225.1
48783,462.15|325.1
48784,255.0|500.8
48785,543.6|446.0
48786,417.8|443.45
48787,449.3|536.55
48788,249.3|266.75
48789,252.5|310.65
48790,482.25|276.4
48791,208.85|289.9
48792,369.35|372.3
48793,562.55|535.95
48794,237.05|579.3
48795,403.65|285.15
48796,373.0|290.2
48797,466.55|380.5
48798,472.65|354.1
48799,593.55|373.35
48800,466.7|462.95
48801,434.5|399.15
48802,417.85|582.05
48803,342.3|542.3
48804,362.55|278.5
48805,408.6|329.75
48806,400.45|444.45
48807,572.7|406.5
48808,259.85|488.45
48809,570.35|480.95
48810,368.15|219.9
48811,219.15|211.65
48812,467.5|346.6
48813,441.7|470.8
48814,583.65|421.8
48815,473.1|216.9
48816,462.1|358.65
48817,585.2|355.85
48818,583.75|573.45
48819,400.85|568.65
48820,371.95|431.25
48821,407.45|581.55
48822,408.0|589.6
48823,291.9|375.5
48824,277.75|562.2
48825,589.55|523.25
48826,361.2|327.5
48827,580.45|468.25
48828,564.3|303.15
48829,278.75|585.55
48830,459.4|451.1
48831,269.55|555.35
48832,393.6|574.9
48833,241.55|357.15
48834,312.05|328.35
48835,245.7|428.05
48836,297.05|426.9
48837,318.5|374.7
48838,460.3|513.3
48839,568.3|277.95
48840,259.65|395.95
48841,558.95|592.7
48842,446.25|453.15
48843,505.25|501.05
48844,580.95|505.05
48845,459.6|424.15
48846,340.7|561.4
48847,347.2|535.6
48848,252.15|268.1
48849,438.25|458.9
48850,234.2|305.45
48851,540.6|368.0
48852,361.0|335.1
48853,453.1|547.2
48854,225.2|303.25
48855,372.55|396.2
48856,464.85|345.75
48857,247.7|396.35
48858,347.85|279.2
48859,413.75|552.7
48860,364.2|362.55
48861,293.55|572.3
48862,431.7|218.1
48863,350.8|507.2
48864,299.95|318.05
48865,552.85|463.5
48866,477.35|270.8
48867,220.45|585.75
48868,383.8|591.4
48869,456.15|226.45
48870,576.0|520.3
48871,288.8|358.2
48872,580.7|489.55
48873,337.85|352.55
48874,431.75|461.55
48875,499.75|494.15
48876,417.0|449.1
48877,296.4|466.35
48878,298.65|420.65
48879,253.3|457.5
48880,425.95|492.65
48881,356.4|352.25
48882,431.3|445.35
48883,241.45|565.25
48884,414.45|362.75
48885,325.35|440.3
48886,434.55|532.3
48887,583.45|457.45
48888,574.45|578.65
48889,436.75|570.0
48890,286.45|354.6
48891,450.05|536.55
48892,363.35|461.75
48893,528.8|416.0
48894,482.45|222.9
48895,384.4|485.4
48896,503.3|337.55
48897,337.9|422.95
48898,460.7|430.45
48899,436.35|430.7
48900,444.55|446.65
48901,480.15|355.2
48902,352.7|574.7
48903,277.85|312.8
48904,582.3|557.4
48905,324.7|351.6
48906,385.15|422.5
48907,428.3|397.4
48908,375.8|323.75
48909,286.45|433.75
48910,593.95|560.15
48911,279.25|574.4
48912,353.2|330.1
48913,336.7|231.3
48914,372.75|498.9
48915,459.05|543.05
48916,379.9|417.3
48917,511.5|510.5
48918,332.05|254.3
48919,538.0|354.05
48920,383.5|490.2
48921,541.6|295.25
48922,382.9|235.55
48923,317.6|358.05
48924,442.0|437.75
48925,586.25|251.25
48926,398.15|360.8
48927,457.4|229.5
48928,280.75|299.05
48929,432.35|580.3
48930,583.0|403.7
48931,411.75|587.2
48932,242.85|556.35
48933,222.75|354.6
48934,589.9|590.4
48935,463.15|470.85
48936,224.75|318.75
48937,385.65|398.05
48938,437.7|454.55
48939,465.0|279.35
48940,374.45|445.35
48941,548.1|434.45
48942,441.85|358.55
48943,466.9|552.7
48944,460.5|513.55
48945,539.0|504.05
48946,566.15|578.6
48947,559.45|312.65
48948,388.3|360.55
48949,317.0|341.7
48950,485.5|336.45
48951,573.15|302.35
48952,539.2|405.2
48953,455.95|592.0
48954,397.45|581.05
48955,528.1|272.6
48956,424.4|589.5
48957,223.4|233.2
48958,355.65|542.3
48959,336.3|329.35
48960,375.45|212.65
48961,582.85|241.45
48962,435.45|347.9
48963,238.75|490.05
48964,335.15|247.5
48965,552.1|285.05
48966,266.9|229.2
48967,535.35|561.9
48968,254.25|233.45
48969,465.2|299.8
48970,225.55|578.1
48971,550.6|267.55
48972,528.75|403.05
48973,423.5|401.9
48974,468.6|211.7
48975,382.35|372.1
48976,481.35|503.4
48977,542.0|320.7
48978,591.2|381.4
48979,362.55|264.65
48980,593.0|265.65
48981,309.75|367.45
48982,437.25|391.7
48983,377.65|216.35
48984,230.75|354.1
48985,298.25|266.7
48986,273.15|287.45
48987,352.75|455.8
48988,220.65|438.65
48989,577.3|535.9
48990,363.75|385.95
48991,584.05|225.15
48992,394.35|571.5
48993,233.8|374.6
48994,401.75|537.35
48995,466.1|392.7
48996,346.4|336.3
48997,257.65|561.8
48998,322.85|432.3
48999,575.25|525.45
49000,448.75|312.55
49001,245.8|219.6
49002,259.75|561.9
49003,376.65|451.15
49004,282.2|332.5
49005,274.5|495.05
49006,489.55|289.4
49007,339.65|291.45
49008,239.15|476.4
49009,328.8|416.25
49010,284.55|502.55
49011,584.35|314.55
49012,398.75|225.2
49013,541.3|510.6
49014,226.8|475.7
49015,436.1|235.85
49016,228.65|378.9
49017,474.0|339.55
49018,439.6|329.9
49019,480.35|530.5
49020,341.15|493.1
49021,553.25|441.15
49022,391.55|541.6
49023,231.45|588.5
49024,380.75|229.3
49025,451.65|289.25
49026,287.35|426.85
49027,382.55|330.25
49028,458.9|376.65
49029,227.9|542.45
49030,565.05|432.45
49031,287.1|356.15
49032,473.6|512.6
49033,294.9|395.1
49034,396.45|212.5
49035,471.35|250.2
49036,253.95|567.1
49037,392.7|264.75
49038,483.2|369.15
49039,414.75|357.55
49040,580.95|489.8
49041,482.3|257.25
49042,249.35|579.55
49043,420.35|343.25
49044,240.35|211.0
49045,290.7|451.65
49046,238.0|405.7
49047,565.1|283.4
49048,228.15|466.85
49049,255.15|426.5
49050,224.8|327.35
49051,459.95|540.95
49052,211.35|363.75
49053,588.75|550.25
49054,348.5|244.85
49055,556.3|346.15
49056,203.95|473.85
49057,452.2|429.35
49058,474.6|330.95
49059,458.95|295.7
49060,451.9|394.95
49061,247.0|347.85
49062,273.45|491.4
49063,344.3|236.8
49064,573.85|420.85
49065,592.3|496.9
49066,371.7|335.65
49067,323.45|369.25
49068,428.4|221.95
49069,479.5|222.4
49070,463.6|585.45
49071,272.65|585.8
49072,248.25|397.9
49073,410.6|438.45
49074,404.75|579.35
49075,426.95|529.6
49076,441.2|321.1
49077,361.15|340.15
49078,553.45|270.95
49079,275.25|433.55
49080,363.65|573.0
49081,447.25|479.8
49082,271.95|440.25
49083,248.85|493.3
49084,575.25|304.6
49085,497.25|305.45
49086,391.95|321.25
49087,470.2|467.4
49088,549.65|582.25
49089,531.9|408.85
49090,268.75|492.25
49091,474.6|527.1
49092,389.65|561.25
49093,235.7|267.2
49094,522.75|508.2
49095,376.85|511.45
49096,381.95|253.3
49097,426.1|454.9
49098,216.8|485.3
49099,466.0|454.9
49100,210.3|589.3
49101,466.55|256.9
49102,440.5|486.6
49103,357.0|382.25
49104,468.25|279.5
49105,372.4|316.55
49106,251.55|260.5
49107,208.6|483.2
49108,242.5|470.25
49109,283.3|282.0
49110,528.3|572.7
49111,241.15|551.15
49112,296.9|353.1
49113,418.8|297.1
49114,434.1|485.35
49115,308.7|328.75
49116,568.95|542.2
49117,591.55|385.2
49118,587.65|224.6
49119,371.35|229.5
49120,582.65|273.4
49121,449.9|314.6
49122,255.6|482.5
49123,450.05|369.85
49124,237.75|257.5
49125,465.65|272.0
49126,288.55|432.85
49127,337.45|407.55
49128,415.9|373.75
49129,404.55|404.8
49130,208.6|264.65
49131,439.85|309.8
49132,313.4|596.4
49133,261.2|367.5
49134,344.15|278.4
49135,480.85|336.75
49136,213.15|292.5
49137,259.1|219.3
49138,585.55|337.1
49139,540.95|589.55
49140,216.3|379.75
49141,556.35|587.7
49142,400.0|318.4
49143,210.1|239.9
49144,572.35|310.95
49145,318.8|339.4
49146,371.85|234.7
49147,573.55|218.7
49148,578.65|463.85
49149,449.3|494.05
49150,460.2|424.65
49151,348.25|268.7
49152,211.05|269.75
49153,417.35|572.45
49154,474.9|473.3
49155,381.9|237.45
49156,209.7|583.8
49157,379.1|383.45
49158,369.25|313.4
49159,427.25|594.3
49160,542.3|583.65
49161,385.1|445.55
49162,338.85|536.15
49163,217.8|523.55
49164,278.3|282.9
49165,361.25|208.7
49166,205.8|578.95
49167,383.5|288.4
49168,545.55|282.9
49169,550.8|240.8
49170,591.4|378.75
49171,585.05|567.3
49172,344.45|226.9
49173,591.0|464.8
49174,232.25|211.2
49175,591.25|557.0
49176,507.95|325.15
49177,277.65|383.05
49178,229.7|327.75
49179,297.95|522.35
49180,251.05|558.8
49181,219.85|268.7
49182,588.45|404.85
49183,402.25|315.85
49184,254.05|502.6
49185,470.3|246.85
49186,402.25|223.55
49187,437.5|578.7
49188,279.0|503.15
49189,558.65|226.1
49190,251.6|543.4
49191,592.2|503.3
49192,533.5|528.5
49193,357.85|277.95
49194,253.45|504.85
49195,447.4|454.5
49196,216.25|301.25
49197,579.85|299.65
49198,233.55|360.55
49199,376.2|353.55
49200,526.9|499.65
49201,367.65|270.6
49202,366.85|341.65
49203,382.9|557.5
49204,336.8|428.75
49205,342.9|228.6
49206,423.2|410.8
49207,369.05|572.1
49208,422.7|529.65
49209,209.8|322.1
49210,212.85|521.0
49211,218.8|457.6
49212,287.45|579.75
49213,414.3|438.7
49214,381.25|259.95
49215,594.3|374.45
49216,251.35|251.5
49217,240.95|221.15
49218,501.1|274.3
49219,276.55|352.6
49220,587.85|383.9
49221,304.75|248.0
49222,242.85|266.2
49223,427.75|364.45
49224,440.4|378.6
49225,222.95|586.65
49226,564.0|222.35
49227,430.9|218.1
49228,467.7|270.5
49229,467.85|443.7
49230,524.95|537.5
49231,474.3|344.4
49232,236.45|426.3
49233,227.8|407.4
49234,590.4|429.1
49235,422.25|307.55
49236,494.1|481.8
49237,386.25|450.65
49238,555.4|590.95
49239,394.65|213.3
49240,540.0|300.95
49241,562.55|275.05
49242,402.5|509.85
49243,263.75|437.7
49244,591.15|577.95
49245,448.8|431.0
49246,250.4|221.3
49247,578.4|312.25
49248,353.85|379.15
49249,349.9|438.35
49250,255.4|372.2
49251,524.5|500.55
49252,478.6|444.65
49253,544.65|332.15
49254,348.5|323.05
49255,476.05|346.6
49256,442.6|495.95
49257,210.15|456.9
49258,418.2|562.45
49259,489.2|525.75
49260,287.75|560.7
49261,348.35|227.7
49262,362.15|583.55
49263,349.35|313.75
49264,225.2|477.6
49265,509.1|464.0
49266,221.75|508.2
49267,523.5|283.05
49268,394.55|470.45
49269,347.8|249.0
49270,443.45|460.9
49271,448.2|540.0
49272,248.65|211.4
49273,285.9|532.65
49274,416.4|318.75
49275,269.2|571.3
49276,268.2|438.9
49277,269.0|373.45
49278,220.45|506.55
49279,409.8|567.5
49280,524.55|531.55
49281,438.25|365.15
49282,417.35|323.4
49283,342.25|222.35
49284,362.95|232.25
49285,519.3|495.4
49286,397.95|523.5
49287,226.55|504.85
49288,529.5|514.05
49289,404.65|435.75
49290,451.4|444.05
49291,441.3|269.55
49292,421.25|499.45
49293,264.8|560.65
49294,253.65|421.75
49295,476.0|465.4
49296,461.15|279.55
49297,406.2|572.75
49298,484.25|357.9
49299,384.0|285.2
49300,425.55|376.05
49301,358.05|546.8
49302,251.45|499.1
49303,593.0|387.1
49304,212.35|576.65
49305,578.45|216.4
49306,459.0|548.0
49307,383.7|476.55
49308,364.7|382.1
49309,558.2|492.15
49310,230.75|528.65
49311,212.55|418.85
49312,244.5|495.55
49313,241.15|483.15
49314,453.5|585.25
49315,216.4|272.15
49316,397.95|585.3
49317,330.35|413.75
49318,355.8|503.6
49319,575.9|405.85
49320,487.0|363.95
49321,585.6|352.0
49322,340.5|333.15
49323,368.1|382.9
49324,506.35|422.4
49325,292.2|319.25
49326,457.15|390.85
49327,534.8|529.75
49328,533.2|290.1
49329,261.7|533.65
49330,389.3|579.3
49331,209.0|585.2
49332,356.45|456.45
49333,575.95|587.3
49334,477.6|478.15
49335,428.65|317.4
49336,255.35|577.4
49337,578.2|375.15
49338,397.25|250.6
49339,441.35|383.7
49340,348.3|329.65
49341,248.3|504.0
49342,294.4|428.55
49343,246.25|280.7
49344,289.8|481.9
49345,542.45|340.8
49346,575.65|502.15
49347,428.35|551.9
49348,568.95|370.3
49349,208.05|484.2
49350,210.0|322.05
49351,272.35|280.3
49352,431.5|476.0
49353,342.15|407.65
49354,408.3|536.1
49355,540.35|342.15
49356,285.2|421.55
49357,348.05|507.1
49358,556.3|582.6
49359,462.2|302.35
49360,576.6|400.95
49361,547.95|457.7
49362,412.05|494.55
49363,581.6|324.15
49364,428.4|491.1
49365,566.45|324.6
49366,553.75|242.8
49367,369.65|365.3
49368,534.8|504.65
49369,290.7|447.15
49370,439.2|589.05
49371,345.15|340.85
49372,420.25|498.75
49373,423.95|246.2
49374,390.35|501.2
49375,457.15|415.2
49376,329.25|421.05
49377,230.8|291.95
49378,280.4|256.75
49379,361.3|209.7
49380,397.25|494.55
49381,206.75|586.25
49382,345.05|435.7
49383,587.85|496.1
49384,534.85|278.85
49385,268.9|376.45
49386,582.45|214.7
49387,531.45|498.35
49388,435.2|276.7
49389,458.85|506.75
49390,446.6|471.45
49391,285.4|245.9
49392,432.25|272.95
49393,363.55|591.7
49394,206.75|327.55
49395,276.25|584.1
49396,575.15|359.4
49397,355.85|286.35
49398,259.7|294.85
49399,529.25|397.1
49400,462.4|539.6
49401,557.0|286.65
49402,551.3|435.0
49403,587.95|264.75
49404,280.2|554.9
49405,420.1|367.15
49406,561.25|563.75
49407,254.45|258.25
49408,229.35|217.8
49409,231.0|574.9
49410,520.5|526.55
49411,544.45|536.8
49412,236.15|590.7
49413,237.4|246.3
49414,568.05|315.95
49415,353.9|523.6
49416,534.35|533.05
49417,240.75|366.7
49418,257.25|426.75
49419,363.35|278.4
49420,401.55|207.8
49421,481.55|218.4
49422,260.7|237.55
49423,506.3|454.7
49424,424.15|525.4
49425,234.1|372.35
49426,377.25|213.85
49427,398.6|443.6
49428,416.55|467.5
49429,383.6|557.0
49430,219.0|480.75
49431,424.65|589.05
49432,564.35|444.95
49433,396.0|554.25
49434,458.9|534.75
49435,470.9|265.2
49436,389.0|593.05
49437,351.15|375.5
49438,494.95|282.65
49439,550.7|551.65
49440,378.0|296.55
49441,346.65|252.65
49442,463.7|492.7
49443,346.25|235.95
49444,548.15|535.45
49445,456.6|444.1
49446,209.8|316.3
49447,206.95|588.15
49448,580.25|580.2
49449,460.8|279.55
49450,559.0|578.6
49451,472.9|514.95
49452,533.35|336.8
49453,590.55|278.15
49454,352.5|246.3
49455,354.35|497.15
49456,447.1|474.8
49457,351.65|576.1
49458,208.8|250.0
49459,316.7|369.4
49460,393.35|387.1
49461,286.35|580.9
49462,277.95|545.2
49463,335.55|399.5
49464,258.15|409.0
49465,223.9|507.15
49466,346.9|425.05
49467,413.7|276.65
49468,418.9|498.55
49469,235.2|229.5
49470,265.6|575.5
49471,343.05|584.05
49472,421.15|555.1
49473,367.0|350.55
49474,479.45|486.2
49475,574.1|422.6
49476,594.7|402.7
49477,434.65|243.15
49478,556.2|310.35
49479,472.05|472.65
49480,436.0|334.0
49481,253.65|486.05
49482,577.9|391.6
49483,574.6|311.7
49484,531.3|446.25
49485,375.05|354.5
49486,240.75|387.05
49487,208.95|467.75
49488,231.7|506.7
49489,574.25|268.45
49490,534.65|547.4
49491,390.45|344.85
49492,265.85|520.1
49493,455.95|385.6
49494,462.4|258.3
49495,386.0|592.65
49496,233.5|465.25
49497,292.45|430.6
49498,590.9|257.55
49499,336.25|427.75
49500,478.75|259.15
49501,582.85|461.4
49502,289.35|482.7
49503,403.3|357.45
49504,396.8|570.85
49505,444.1|323.1
49506,409.5|269.75
49507,282.2|271.65
49508,274.7|586.5
49509,246.0|344.75
49510,214.0|459.5
49511,230.85|270.65
49512,537.25|526.6
49513,381.0|594.55
49514,233.25|435.35
49515,394.7|474.35
49516,578.55|487.8
49517,245.45|551.55
49518,439.5|236.45
49519,268.85|291.4
49520,235.2|396.8
49521,473.2|503.75
49522,355.7|439.75
49523,442.2|587.55
49524,236.55|357.8
49525,474.55|343.4
49526,249.6|576.6
49527,348.55|214.2
49528,372.75|294.8
49529,364.8|589.55
49530,525.95|512.95
49531,473.55|334.6
49532,247.75|222.8
49533,452.45|259.4
49534,321.5|592.35
49535,435.95|304.65
49536,287.1|276.8
49537,236.55|256.2
49538,474.55|284.9
49539,350.5|271.45
49540,217.35|322.9
49541,471.1|523.95
49542,494.4|484.0
49543,221.85|311.65
49544,246.4|384.35
49545,393.5|231.0
49546,279.85|261.75
49547,554.9|589.2
49548,582.6|593.3
49549,473.0|451.0
49550,530.8|531.55
49551,438.0|324.15
49552,488.25|320.6
49553,343.7|319.0
49554,416.45|329.25
49555,469.95|473.85
49556,447.65|457.35
49557,362.6|444.2
49558,435.1|481.3
49559,414.1|484.3
49560,448.4|483.8
49561,454.9|446.2
49562,424.35|555.55
49563,474.35|498.2
49564,452.2|585.15
49565,253.7|279.5
49566,413.7|483.45
49567,219.0|392.6
49568,289.25|542.65
49569,219.25|507.0
49570,270.8|359.2
49571,400.85|360.0
49572,422.1|376.5
49573,387.45|225.25
49574,206.1|578.0
49575,508.55|528.4
49576,340.75|406.35
49577,305.35|419.2
49578,518.2|564.15
49579,562.05|249.3
49580,532.7|458.3
49581,326.9|300.45
49582,571.15|505.6
49583,337.75|585.85
49584,264.15|284.25
49585,552.15|466.65
49586,244.55|563.65
49587,580.65|309.1
49588,212.35|461.65
49589,576.0|355.85
49590,261.8|433.35
49591,486.4|504.05
49592,452.85|543.7
49593,392.4|317.25
49594,557.65|245.2
49595,441.0|540.0
49596,265.85|325.75
49597,251.35|471.5
49598,267.7|380.05
49599,540.7|398.75
49600,496.3|270.95
49601,359.9|234.65
49602,587.7|575.15
49603,356.1|324.15
49604,417.4|392.5
49605,337.6|423.7
49606,280.3|444.2
49607,360.9|437.6
49608,566.2|441.95
49609,430.35|233.4
49610,373.1|223.55
49611,447.0|233.55
49612,234.6|540.8
49613,391.0|248.9
49614,527.4|540.9
49615,392.0|328.45
49616,378.95|548.65
49617,214.95|376.9
49618,467.05|294.85
49619,531.55|349.2
49620,205.9|473.4
49621,211.85|565.1
49622,588.05|346.05
49623,544.5|532.15
49624,437.55|251.8
49625,410.35|336.25
49626,267.4|304.45
49627,438.95|321.5
49628,276.15|471.5
49629,250.8|277.9
49630,276.85|557.75
49631,435.1|240.3
49632,443.75|517.3
49633,252.55|418.6
49634,551.55|583.6
49635,593.0|509.35
49636,268.55|260.85
49637,396.6|387.85
49638,402.45|585.7
49639,544.1|299.8
49640,420.15|370.45
49641,390.65|282.4
49642,341.15|365.45
49643,573.25|523.25
49644,393.35|385.55
49645,264.75|285.9
49646,400.3|558.4
49647,361.75|504.15
49648,449.85|534.75
49649,482.55|568.75
49650,229.05|323.5
49651,270.2|534.1
49652,571.7|218.95
49653,417.4|498.3
49654,415.3|259.85
49655,279.55|450.45
49656,237.75|436.15
49657,421.25|317.7
49658,253.05|269.3
49659,587.5|210.7
49660,395.8|443.1
49661,235.1|394.7
49662,263.45|425.85
49663,244.3|406.15
49664,352.85|443.7
49665,457.4|313.8
49666,560.2|578.4
49667,532.25|406.35
49668,361.3|223.0
49669,575.5|584.65
49670,425.85|560.45
49671,210.6|483.4
49672,374.75|294.1
49673,466.95|570.85
49674,439.1|221.15
49675,286.3|450.0
49676,465.85|505.35
49677,288.6|405.4
49678,353.45|434.0
49679,548.45|453.0
49680,284.25|540.95
49681,239.65|424.4
49682,453.75|479.8
49683,537.75|462.4
49684,414.65|248.65
49685,232.5|590.2
49686,349.75|506.2
49687,460.6|571.8
49688,587.5|289.05
49689,269.1|284.8
49690,581.35|346.55
49691,356.05|373.7
49692,551.85|279.5
49693,297.3|387.8
49694,205.75|479.95
49695,450.9|373.65
49696,342.5|321.35
49697,530.55|529.65
49698,477.35|347.55
49699,350.1|573.95
49700,247.6|411.3
49701,533.1|535.1
49702,394.2|470.8
49703,550.9|328.35
49704,220.55|338.35
49705,577.8|257.1
49706,589.95|587.4
49707,586.15|486.0
49708,267.05|275.25
49709,269.5|320.65
49710,260.35|443.4
49711,360.0|385.75
49712,374.0|274.5
49713,317.4|349.35
49714,405.3|399.05
49715,431.65|238.2
49716,280.95|426.2
49717,397.75|385.8
49718,250.2|585.15
49719,527.75|330.8
49720,427.55|321.7
49721,527.8|526.65
49722,212.6|224.2
49723,386.3|504.8
49724,339.0|589.45
49725,486.55|362.65
49726,440.0|469.9
49727,208.25|478.75
49728,542.05|555.5
49729,206.85|339.4
49730,379.15|456.6
49731,222.9|384.3
49732,527.7|508.4
49733,451.95|510.65
49734,377.35|227.55
49735,527.45|411.35
49736,382.8|553.05
49737,556.45|292.75
49738,502.4|424.0
49739,541.85|426.0
49740,228.2|355.7
49741,530.65|481.85
49742,584.75|340.2
49743,565.65|433.85
49744,207.3|348.6
49745,592.9|552.65
49746,355.35|214.9
49747,395.4|280.9
49748,583.5|398.6
49749,391.7|339.75
49750,261.5|491.9
49751,212.2|397.85
49752,358.85|267.7
49753,570.55|310.8
49754,584.15|408.45
49755,550.25|299.45
49756,443.3|418.35
49757,226.6|348.95
49758,251.65|283.85
49759,530.55|404.65
49760,580.95|354.15
49761,291.9|390.2
49762,247.25|517.75
49763,431.15|387.25
49764,214.65|319.4
49765,409.6|339.1
49766,276.1|451.15
49767,208.55|577.3
49768,442.3|329.35
49769,539.3|267.5
49770,232.4|289.35
49771,261.55|459.35
49772,544.95|270.65
49773,515.5|495.8
49774,257.65|275.2
49775,360.4|263.65
49776,419.85|424.55
49777,397.05|301.5
49778,584.9|575.95
49779,464.3|488.9
49780,578.5|321.9
49781,437.15|515.45
49782,317.5|349.8
49783,219.5|363.0
49784,440.15|494.2
49785,538.95|283.8
49786,453.8|561.2
49787,344.7|365.75
49788,329.55|508.5
49789,410.15|366.95
49790,581.4|450.85
49791,546.75|532.2
49792,288.4|401.7
49793,474.75|474.7
49794,268.9|233.0
49795,207.55|466.9
49796,586.4|549.55
49797,228.25|478.4
49798,210.85|586.05
49799,590.95|372.1
49800,265.95|592.9
49801,479.85|520.3
49802,379.05|271.1
49803,387.45|580.65
49804,401.8|232.15
49805,575.25|460.85
49806,509.35|438.7
49807,498.95|501.4
49808,572.4|398.4
49809,384.05|399.95
49810,391.35|327.9
49811,454.8|475.05
49812,591.05|505.65
49813,591.35|362.0
49814,577.25|310.4
49815,570.8|234.1
49816,234.4|486.25
49817,572.7|263.85
49818,575.1|421.85
49819,588.05|568.65
49820,254.15|467.8
49821,536.3|590.4
49822,491.05|487.7
49823,212.0|219.4
49824,219.4|466.5
49825,471.3|313.25
49826,409.5|572.4
49827,375.95|357.95
49828,590.6|212.7
49829,210.25|449.5
49830,583.25|259.15
49831,219.2|461.7
49832,385.65|208.55
49833,341.4|516.6
49834,357.0|596.15
49835,385.15|552.9
49836,464.3|228.35
49837,381.2|262.3
49838,529.8|482.55
49839,595.1|410.4
49840,252.9|440.1
49841,244.5|389.3
49842,396.2|371.25
49843,416.45|377.55
49844,569.0|511.55
49845,428.5|472.15
49846,462.05|465.8
49847,549.05|307.0
49848,285.8|362.65
49849,583.95|451.0
49850,271.05|277.6
49851,359.2|595.85
49852,472.85|338.9
49853,233.65|366.2
49854,462.7|555.2
49855,452.55|398.2
49856,426.7|384.2
49857,377.9|553.25
49858,467.95|397.6
49859,383.6|591.1
49860,432.2|487.55
49861,476.3|322.0
49862,352.65|451.15
49863,422.05|482.7
49864,383.9|345.45
49865,213.45|277.05
49866,348.1|337.45
49867,583.0|339.0
49868,422.0|557.05
49869,437.2|339.7
49870,449.6|589.65
49871,241.6|578.35
49872,573.0|469.7
49873,448.5|587.75
49874,580.5|422.65
49875,449.2|431.95
49876,583.8|512.2
49877,448.0|555.0
49878,221.95|508.7
49879,396.55|370.65
49880,571.05|548.2
49881,468.0|466.25
49882,214.3|394.15
49883,439.85|503.35
49884,570.3|284.55
49885,385.6|354.75
49886,359.25|492.45
49887,242.45|312.4
49888,560.65|281.35
49889,473.65|433.25
49890,527.95|428.2
49891,592.3|481.25
49892,376.45|209.8
49893,350.25|279.75
49894,575.65|535.2
49895,277.35|326.0
49896,377.8|501.9
49897,391.75|306.85
49898,227.8|575.15
49899,570.55|238.65
49900,440.65|280.05
49901,411.1|347.35
49902,393.15|274.95
49903,592.65|376.55
49904,284.75|404.85
49905,460.45|555.9
49906,553.45|468.7
49907,307.95|342.7
49908,463.0|355.7
49909,305.95|415.2
49910,400.95|277.2
49911,399.15|333.0
49912,589.15|364.15
49913,206.35|236.6
49914,237.65|554.0
49915,394.1|478.4
49916,403.4|506.65
49917,586.2|501.65
49918,226.4|380.9
49919,330.65|362.2
49920,531.85|459.65
49921,252.7|569.35
49922,359.7|446.0
49923,437.95|330.0
49924,329.2|442.75
49925,463.25|511.85
49926,265.4|493.75
49927,365.65|389.85
49928,242.85|391.95
49929,351.05|225.2
49930,567.8|490.4
49931,409.2|269.85
49932,363.0|276.85
49933,227.0|572.3
49934,239.4|358.25
49935,407.3|274.05
49936,447.45|475.4
49937,392.75|540.45
49938,253.75|387.8
49939,486.35|522.4
49940,206.5|523.9
49941,290.65|405.6
49942,336.4|560.6
49943,409.7|578.6
49944,537.3|540.1
49945,236.45|253.75
49946,209.9|317.25
49947,528.1|286.9
49948,590.35|384.05
49949,433.0|306.9
49950,578.15|591.6
49951,467.7|358.35
49952,239.05|251.45
49953,358.65|278.8
49954,355.85|494.2
49955,224.2|343.7
49956,576.35|563.4
49957,280.25|451.4
49958,293.05|315.4
49959,577.85|531.25
49960,372.65|476.55
49961,552.3|248.4
49962,348.6|368.25
49963,523.1|475.75
49964,578.8|297.6
49965,549.2|421.55
49966,223.8|214.35
49967,512.45|469.2
49968,310.55|427.25
49969,365.45|216.2
49970,252.95|282.35
49971,425.75|385.15
49972,368.65|568.4
49973,415.45|227.75
49974,364.45|592.25
49975,415.0|277.65
49976,526.1|517.8
49977,530.55|533.9
49978,446.5|302.55
49979,372.3|280.9
49980,416.45|589.0
49981,557.2|492.9
49982,591.3|218.45
49983,567.35|396.25
49984,220.45|538.8
49985,377.15|286.5
49986,215.5|556.8
49987,478.45|531.9
49988,282.1|454.7
49989,282.1|522.6
49990,520.95|484.35
49991,357.0|254.55
49992,334.35|217.9
49993,487.95|215.2
49994,307.95|392.95
49995,219.9|227.55
49996,281.7|271.7
49997,453.6|371.35
49998,545.9|525.15
49999,306.65|353.6
50000,353.2|210.05
50001,206.7|570.0
50002,284.7|477.5
50003,265.6|305.65
50004,341.4|326.6
50005,573.7|518.7
50006,466.4|218.5
50007,444.6|373.7
50008,370.95|397.15
50009,254.35|439.05
50010,432.05|220.2
50011,539.85|526.55
50012,208.95|471.55
50013,587.9|578.0
50014,336.85|557.2
50015,253.85|260.8
50016,384.05|374.3
50017,261.85|429.0
50018,399.35|400.0
50019,527.55|293.8
50020,430.9|393.85
50021,211.7|236.5
50022,441.45|381.0
50023,214.15|219.65
50024,272.65|500.85
50025,241.0|400.45
50026,240.3|421.4
50027,547.3|483.3
50028,228.65|325.15
50029,389.95|400.0
50030,258.65|215.65
50031,467.95|513.65
50032,350.75|224.95
50033,575.65|408.7
50034,360.85|333.9
50035,280.8|223.2
50036,585.95|344.6
50037,527.2|227.4
50038,521.45|514.3
50039,273.4|582.2
50040,238.8|318.3
50041,385.3|384.25
50042,236.0|557.1
50043,577.8|460.8
50044,461.0|282.65
50045,290.5|403.35
50046,292.4|328.6
50047,343.05|536.75
50048,515.5|451.85
50049,213.8|329.4
50050,293.65|408.1
50051,497.45|484.0
50052,413.9|545.3
50053,476.25|558.85
50054,444.1|375.85
50055,283.35|394.15
50056,585.85|249.3
50057,475.7|245.55
50058,259.65|221.75
50059,372.0|448.6
50060,415.75|593.9
50061,271.0|277.8
50062,231.35|290.4
50063,508.0|391.1
50064,414.45|301.85
50065,235.15|293.7
50066,219.55|531.7
50067,445.95|389.9
50068,473.9|481.1
50069,235.05|398.15
50070,228.25|427.25
50071,343.75|411.55
50072,566.05|461.3
50073,470.0|537.75
50074,242.1|332.0
50075,444.05|318.65
50076,259.4|430.5
50077,228.6|500.15
50078,220.85|437.25
50079,535.05|408.0
50080,266.3|559.4
50081,588.3|418.1
50082,276.6|508.2
50083,559.6|543.0
50084,411.0|580.45
50085,394.7|217.4
50086,286.15|479.95
50087,212.65|305.3
50088,377.3|287.7
50089,232.45|415.55
50090,417.65|478.2
50091,478.05|473.65
50092,227.3|473.1
50093,382.55|552.1
50094,468.6|358.6
50095,227.95|506.6
50096,263.95|208.95
50097,468.55|507.35
50098,397.55|314.65
50099,572.3|377.45
50100,279.5|544.6
50101,241.95|366.4
50102,472.3|266.8
50103,296.25|351.35
50104,419.55|284.5
50105,450.75|461.05
50106,253.75|352.15
50107,303.9|335.0
50108,345.85|418.3
50109,468.6|436.75
50110,254.6|449.3
50111,351.3|550.4
50112,343.25|387.95
50113,308.35|585.2
50114,376.95|372.95
50115,381.35|324.4
50116,207.25|410.4
50117,580.95|228.6
50118,285.45|406.05
50119,225.8|458.5
50120,426.2|393.75
50121,354.1|501.4
50122,377.8|380.5
50123,275.0|275.35
50124,273.9|577.45
50125,406.1|534.8
50126,417.05|408.95
50127,590.5|555.35
50128,354.6|443.85
50129,251.25|394.0
50130,255.95|564.05
50131,351.9|511.1
50132,209.0|549.95
50133,476.3|280.65
50134,403.75|359.8
50135,211.45|583.5
50136,269.7|544.4
50137,212.35|579.1
50138,211.15|323.4
50139,303.25|358.3
50140,422.2|379.5
50141,259.9|340.25
50142,547.2|449.5
50143,473.5|261.35
50144,239.4|427.95
50145,424.2|392.75
50146,371.65|256.9
50147,407.0|593.25
50148,258.75|438.85
50149,459.65|319.4
50150,215.05|222.6
50151,587.5|569.65
50152,460.65|542.6
50153,476.95|475.55
50154,378.4|356.75
50155,245.4|575.35
50156,282.9|456.35
50157,540.6|279.0
50158,277.4|511.7
50159,246.65|210.95
50160,401.0|579.8
50161,438.3|575.25
50162,284.2|445.5
50163,225.25|546.6
50164,534.8|345.55
50165,554.0|233.7
50166,220.65|306.75
50167,577.35|348.1
50168,542.55|311.9
50169,581.95|529.5
50170,320.2|327.6
50171,548.2|593.9
50172,476.0|296.7
50173,525.35|383.25
50174,252.9|413.95
50175,349.95|404.3
50176,416.45|351.85
50177,525.15|436.15
50178,252.4|231.5
50179,530.0|457.05
50180,531.75|506.65
50181,588.3|573.8
50182,331.75|542.75
50183,396.6|310.85
50184,355.35|460.65
50185,365.0|444.45
50186,474.15|540.7
50187,259.0|282.25
50188,541.25|277.45
50189,232.7|579.55
50190,387.75|351.9
50191,536.05|213.75
50192,552.4|259.1
50193,394.25|303.95
50194,445.95|590.25
50195,548.6|293.95
50196,458.15|386.05
50197,560.55|216.55
50198,580.4|267.1
50199,219.1|400.3
50200,522.75|461.35
50201,470.5|455.0
50202,256.3|295.85
50203,207.4|508.1
50204,250.25|215.5
50205,244.4|483.55
50206,427.55|489.65
50207,358.3|287.6
50208,566.8|498.2
50209,554.45|225.2
50210,451.7|581.65
50211,472.85|292.05
50212,273.55|247.95
50213,452.85|590.4
50214,382.45|208.8
50215,322.15|368.6
50216,476.2|499.55
50217,531.7|430.45
50218,562.0|585.9
50219,360.2|275.0
50220,465.95|566.65
50221,245.6|590.15
50222,577.05|234.95
50223,246.4|276.4
50224,433.7|271.25
50225,476.2|244.1
50226,581.9|298.0
50227,540.0|242.4
50228,370.45|281.3
50229,256.25|271.55
50230,295.0|422.85
50231,416.45|500.7
50232,592.35|467.1
50233,308.15|410.35
50234,210.35|584.5
50235,465.4|313.7
50236,531.85|333.35
50237,392.0|207.55
50238,254.65|564.95
50239,219.55|424.7
50240,563.3|537.25
50241,390.3|470.15
50242,325.0|456.65
50243,383.7|347.3
50244,260.5|416.6
50245,467.9|449.9
50246,361.6|321.65
50247,262.35|292.9
50248,547.8|526.55
50249,318.5|388.35
50250,391.3|518.4
50251,474.75|234.0
50252,432.05|250.3
50253,493.75|356.05
50254,344.7|542.1
50255,588.4|214.4
50256,432.3|444.65
50257,451.85|447.15
50258,413.0|431.4
50259,252.55|273.65
50260,439.0|508.6
50261,210.35|260.35
50262,264.45|427.8
50263,259.2|281.55
50264,448.9|458.4
50265,560.75|504.5
50266,290.5|527.25
50267,426.8|344.9
50268,229.8|244.95
50269,462.75|230.25
50270,461.45|371.2
50271,220.65|285.05
50272,349.35|574.3
50273,389.3|349.2
50274,586.85|360.85
50275,410.8|304.65
50276,574.7|332.95
50277,330.65|257.1
50278,468.05|466.15
50279,430.65|461.85
50280,377.0|450.55
50281,391.15|374.95
50282,543.35|581.45
50283,355.55|440.8
50284,574.45|294.45
50285,576.4|465.15
50286,247.2|226.55
50287,407.5|517.7
50288,484.05|287.45
50289,207.2|527.4
50290,508.45|336.75
50291,301.55|397.15
50292,579.55|477.55
50293,592.65|262.8
50294,423.3|335.45
50295,208.5|587.05
50296,592.0|575.65
50297,390.0|301.35
50298,386.05|448.05
50299,572.7|308.7
50300,345.1|324.65
50301,383.7|456.1
50302,385.85|470.55
50303,567.6|483.7
50304,402.0|313.2
50305,381.5|221.85
50306,215.9|509.75
50307,408.25|519.1
50308,241.15|570.5
50309,574.45|390.9
50310,370.05|390.5
50311,535.15|320.1
50312,376.05|594.35
50313,300.45|381.5
50314,516.95|494.8
50315,587.2|550.05
50316,511.1|526.35
50317,538.1|474.55
50318,210.0|322.0
50319,448.9|550.85
50320,548.75|379.55
50321,542.8|568.7
50322,219.95|296.15
50323,539.6|440.65
50324,396.85|588.3
50325,338.3|241.9
50326,354.45|399.95
50327,223.85|480.3
50328,586.25|507.2
50329,286.3|584.3
50330,479.7|503.55
50331,408.7|266.8
50332,266.65|481.65
50333,494.1|468.1
50334,421.2|306.8
50335,555.2|223.5
50336,383.35|391.7
50337,573.85|426.9
50338,468.55|332.2
50339,283.9|439.45
50340,422.6|342.35
50341,392.95|572.85
50342,452.75|433.8
50343,334.8|419.15
50344,239.4|418.95
50345,549.1|523.05
50346,274.75|416.7
50347,401.55|255.45
50348,488.15|451.55
50349,209.95|472.1
50350,355.85|282.35
50351,389.75|253.15
50352,382.25|497.6
50353,345.15|547.25
50354,306.45|395.7
50355,585.1|501.55
50356,451.55|505.85
50357,291.4|228.75
50358,528.0|371.1
50359,213.65|386.5
50360,488.55|225.75
50361,410.25|540.65
50362,428.55|237.0
50363,363.45|265.0
50364,508.8|270.85
50365,451.15|429.3
50366,341.15|506.3
50367,459.35|389.9
50368,361.4|535.1
50369,477.3|318.65
50370,386.5|237.55
50371,386.05|236.05
50372,381.55|229.0
50373,403.5|338.55
50374,581.05|577.95
50375,461.7|360.05
50376,424.35|311.5
50377,481.25|344.25
50378,426.75|316.7
50379,560.9|396.9
50380,471.7|300.55
50381,575.65|478.35
50382,532.8|422.85
50383,507.55|491.25
50384,538.55|528.25
50385,455.05|535.4
50386,413.15|456.2
50387,293.9|526.95
50388,274.15|585.25
50389,251.2|364.95
50390,291.2|434.05
50391,340.85|586.95
50392,575.1|250.15
50393,381.65|445.55
50394,269.55|461.5
50395,371.55|371.45
50396,220.55|247.5
50397,558.75|478.0
50398,386.25|270.05
50399,527.0|531.8
50400,523.3|424.15
50401,277.65|433.8
50402,254.8|472.35
50403,574.05|280.05
50404,331.8|452.9
50405,573.55|213.75
50406,205.5|346.45
50407,539.45|360.85
50408,349.55|429.25
50409,399.85|342.15
50410,211.8|457.05
50411,530.05|494.5
50412,358.75|341.1
50413,387.55|248.85
50414,294.95|329.45
50415,452.7|228.85
50416,470.4|503.5
50417,264.65|347.15
50418,335.2|429.5
50419,447.15|509.35
50420,574.55|447.35
50421,344.3|232.35
50422,563.95|437.75
50423,217.15|468.0
50424,587.15|352.5
50425,350.25|532.55
50426,214.05|309.35
50427,475.3|439.0
50428,391.55|593.85
50429,386.25|487.05
50430,406.15|218.55
50431,239.9|511.2
50432,559.05|433.05
50433,488.55|358.1
50434,530.8|436.85
50435,426.55|457.4
50436,552.65|289.75
50437,530.7|363.6
50438,532.65|567.0
50439,278.4|469.15
50440,212.45|424.4
50441,471.2|456.8
50442,397.3|371.5
50443,381.7|331.45
50444,402.7|544.9
50445,533.5|578.8
50446,543.2|541.0
50447,436.15|473.45
50448,211.45|392.0
50449,421.2|316.75
50450,382.75|342.75
50451,528.7|254.35
50452,583.95|445.1
50453,432.8|376.05
50454,258.85|438.4
50455,463.3|267.7
50456,466.5|399.15
50457,425.2|268.0
50458,396.75|375.25
50459,482.1|512.05
50460,588.55|486.55
50461,542.95|326.65
50462,565.8|522.75
50463,217.5|574.75
50464,572.05|540.8
50465,217.15|580.65
50466,567.15|235.65
50467,302.05|589.6
50468,559.6|445.35
50469,218.55|582.15
50470,283.95|537.75
50471,270.2|350.45
50472,340.95|587.2
50473,553.15|279.05
50474,437.15|501.7
50475,338.6|319.55
50476,370.75|466.95
50477,237.7|443.9
50478,591.2|379.85
50479,213.6|552.55
50480,227.95|468.8
50481,591.3|369.95
50482,212.75|266.15
50483,404.35|211.85
50484,323.05|303.15
50485,482.6|244.45
50486,315.3|367.35
50487,463.55|233.3
50488,405.85|525.3
50489,268.5|242.35
50490,415.9|415.35
50491,299.65|325.65
50492,590.4|409.65
50493,416.05|503.25
50494,280.75|404.3
50495,271.25|571.05
50496,468.4|307.8
50497,240.2|386.55
50498,583.3|295.95
50499,286.8|391.95
50500,317.4|384.1
50501,332.35|237.8
50502,246.65|296.05
50503,544.8|505.7
50504,449.0|450.45
50505,522.85|525.75
50506,209.65|282.95
50507,258.8|412.8
50508,507.4|330.2
50509,569.1|295.05
50510,473.0|319.5
50511,240.4|470.7
50512,217.9|300.35
50513,291.15|375.0
50514,425.4|431.1
50515,299.5|365.3
50516,433.4|228.65
50517,369.75|358.35
50518,583.5|395.8
50519,495.45|312.85
50520,439.4|339.15
50521,402.6|507.25
50522,407.85|540.55
50523,553.65|271.9
50524,347.4|362.15
50525,460.9|314.1
50526,465.15|409.55
50527,208.85|245.8
50528,418.4|514.1
50529,423.6|459.7
50530,340.3|220.0
50531,288.45|366.45
50532,352.45|374.75
50533,374.15|419.4
50534,577.1|329.8
50535,488.55|474.55
50536,328.55|335.9
50537,414.6|210.15
50538,419.0|497.7
50539,367.1|436.4
50540,216.25|416.05
50541,412.25|506.55
50542,433.8|420.8
50543,249.9|430.55
50544,286.05|533.2
50545,387.75|285.8
50546,296.5|471.3
50547,456.85|389.45
50548,419.45|300.0
50549,453.3|425.7
50550,494.45|357.15
50551,361.95|572.4
50552,409.7|451.95
50553,480.95|475.75
50554,437.95|516.35
50555,237.55|222.1
50556,324.7|408.15
50557,563.75|279.0
50558,367.45|350.9
50559,228.55|457.9
50560,338.4|523.05
50561,588.2|545.8
50562,386.25|551.55
50563,433.6|397.4
50564,275.9|518.6
50565,211.0|476.1
50566,292.85|582.45
50567,208.6|521.55
50568,466.4|521.3
50569,343.0|242.2
50570,398.0|252.4
50571,345.5|515.3
50572,524.45|516.9
50573,561.8|241.05
50574,584.55|297.2
50575,565.75|310.4
50576,546.05|558.95
50577,229.55|549.35
50578,502.95|414.8
50579,569.5|421.7
50580,333.0|235.7
50581,436.3|430.75
50582,378.35|279.7
50583,560.25|350.15
50584,416.95|368.35
50585,562.5|534.7
50586,375.6|455.4
50587,267.65|325.95
50588,581.85|534.45
50589,279.35|326.55
50590,538.4|542.4
50591,480.25|273.8
50592,472.65|291.5
50593,378.6|590.05
50594,327.35|336.75
50595,347.65|256.1
50596,370.6|436.05
50597,236.85|480.75
50598,584.4|534.05
50599,362.1|250.8
50600,250.55|474.1
50601,476.5|313.8
50602,354.55|211.8
50603,273.7|251.7
50604,325.9|450.25
50605,219.1|391.7
50606,405.85|553.3
50607,414.9|394.55
50608,412.95|586.05
50609,218.7|489.95
50610,535.2|271.65
50611,582.8|434.7
50612,251.4|243.5
50613,553.65|287.55
50614,586.85|339.1
50615,340.35|239.95
50616,203.4|466.1
50617,229.6|285.2
50618,371.5|218.45
50619,442.85|440.4
50620,275.75|554.85
50621,334.45|366.1
50622,562.1|401.55
50623,552.15|260.45
50624,432.2|226.4
50625,380.2|589.6
50626,582.1|224.35
50627,342.15|400.9
50628,372.8|369.15
50629,588.85|583.2
50630,285.05|371.7
50631,440.7|341.95
50632,569.55|307.35
50633,458.7|344.3
50634,293.05|547.0
50635,317.15|361.5
50636,581.75|346.45
50637,422.3|355.1
50638,474.45|580.85
50639,495.05|464.2
50640,571.25|563.25
50641,424.2|430.45
50642,239.95|406.75
50643,534.4|337.7
50644,217.55|468.05
50645,585.6|539.25
50646,539.55|336.2
50647,514.55|310.4
50648,371.85|242.6
50649,320.7|348.2
50650,366.7|418.2
50651,472.5|217.55
50652,406.3|326.0
50653,570.2|394.9
50654,278.9|546.55
50655,287.8|293.35
50656,315.8|554.9
50657,414.35|590.3
50658,356.7|210.2
50659,419.3|538.0
50660,554.0|232.8
50661,414.65|581.65
50662,425.35|376.65
50663,580.3|513.2
50664,372.65|359.6
50665,396.7|593.7
50666,514.2|319.2
50667,303.45|516.0
50668,574.3|368.35
50669,567.0|573.3
50670,234.6|392.05
50671,344.2|508.85
50672,483.25|354.05
50673,230.95|320.0
50674,573.85|533.1
50675,541.6|471.6
50676,350.65|447.55
50677,556.95|549.55
50678,582.95|368.15
50679,407.2|378.7
50680,329.25|427.35
50681,563.9|483.15
50682,399.95|403.0
50683,440.2|335.8
50684,545.45|323.85
50685,455.0|332.0
50686,311.2|404.25
50687,414.9|561.7
50688,580.05|576.45
50689,440.1|504.7
50690,350.2|357.35
50691,214.65|287.6
50692,431.7|304.95
50693,260.65|363.45
50694,287.85|341.5
50695,534.65|477.05
50696,544.55|519.2
50697,474.15|274.5
50698,567.7|213.35
50699,430.9|362.9
50700,484.05|344.45
50701,304.85|277.0
50702,257.7|458.0
50703,529.4|519.9
50704,308.6|335.0
50705,271.6|527.3
50706,218.45|493.75
50707,410.6|250.3
50708,576.55|539.7
50709,586.1|341.85
50710,567.65|213.45
50711,378.75|304.95
50712,549.8|434.8
50713,306.05|410.15
50714,370.55|435.15
50715,580.85|398.2
50716,581.65|584.05
50717,435.05|507.4
50718,257.1|231.65
50719,574.75|541.35
50720,269.1|259.5
50721,237.7|499.55
50722,407.55|579.75
50723,577.7|340.45
50724,487.75|435.5
50725,346.3|502.5
50726,463.0|544.15
50727,403.8|363.75
50728,272.35|593.6
50729,221.3|589.3
50730,273.0|450.5
50731,341.95|484.4
50732,525.3|493.25
50733,259.2|416.65
50734,426.35|466.55
50735,442.55|444.5
50736,442.85|393.4
50737,578.8|211.8
50738,211.6|313.9
50739,227.9|486.45
50740,241.0|214.65
50741,360.6|337.2
50742,264.35|542.85
50743,583.55|473.5
50744,262.55|273.0
50745,290.8|335.2
50746,353.9|564.45
50747,287.5|325.4
50748,548.8|584.3
50749,412.8|330.9
50750,231.05|358.0
50751,416.05|326.55
50752,376.05|582.15
50753,543.75|459.85
50754,584.25|269.75
50755,447.2|586.35
50756,356.5|335.05
50757,264.75|300.95
50758,481.45|511.1
50759,393.75|506.65
50760,258.6|225.1
50761,510.85|459.6
50762,254.0|415.7
50763,406.3|491.25
50764,404.8|454.0
50765,476.05|246.8
50766,368.1|549.95
50767,423.2|484.5
50768,367.5|218.05
50769,549.35|348.45
50770,337.75|426.95
50771,357.95|246.95
50772,209.65|588.4
50773,223.75|551.15
50774,561.15|535.95
50775,272.85|483.9
50776,334.9|239.95
50777,375.2|586.15
50778,562.55|222.7
50779,462.4|521.4
50780,346.9|579.65
50781,518.9|419.85
50782,240.4|489.15
50783,447.15|540.3
50784,416.3|487.5
50785,311.05|343.05
50786,484.5|466.7
50787,398.0|221.7
50788,553.6|552.35
50789,327.15|419.75
50790,584.1|372.2
50791,335.35|396.8
50792,552.55|463.05
50793,378.5|209.0
50794,433.1|528.1
50795,366.6|491.0
50796,429.85|372.9
50797,448.9|443.7
50798,450.0|322.6
50799,386.15|561.75
50800,511.75|509.65
50801,287.3|577.5
50802,295.05|573.75
50803,248.6|560.55
50804,350.75|375.95
50805,572.0|322.45
50806,242.45|482.65
50807,466.3|355.95
50808,458.3|437.9
50809,594.5|363.0
50810,271.6|248.55
50811,392.8|238.7
50812,383.85|471.45
50813,461.95|462.8
50814,419.1|369.6
50815,517.05|510.25
50816,318.1|400.0
50817,414.35|308.65
50818,402.25|458.9
50819,563.1|230.35
50820,421.8|441.1
50821,344.8|419.85
50822,417.5|404.1
50823,207.4|321.5
50824,414.2|381.05
50825,349.0|447.2
50826,233.25|283.9
50827,587.05|422.05
50828,546.65|513.4
50829,531.0|339.0
50830,275.35|270.45
50831,433.8|502.4
50832,229.95|416.15
50833,253.2|509.65
50834,537.15|512.7
50835,432.8|249.85
50836,265.95|551.75
50837,471.35|345.25
50838,290.2|402.15
50839,222.65|371.2
50840,278.25|259.85
50841,472.75|348.7
50842,276.5|397.6
50843,280.5|483.55
50844,458.0|482.95
50845,469.0|556.35
50846,233.15|399.25
50847,557.3|316.0
50848,436.65|396.3
50849,586.85|303.55
50850,221.35|492.45
50851,463.2|212.7
50852,341.35|324.65
50853,289.15|476.8
50854,267.7|329.7
50855,489.05|445.35
50856,230.9|392.9
50857,590.05|272.05
50858,460.7|473.9
50859,510.9|472.55
50860,461.55|400.0
50861,250.25|481.9
50862,329.2|441.4
50863,471.8|245.8
50864,255.7|550.15
50865,434.1|533.4
50866,592.6|225.3
50867,422.95|473.55
50868,290.9|406.2
50869,281.45|370.5
50870,283.05|538.8
50871,474.9|465.05
50872,379.2|351.4
50873,272.6|375.45
50874,448.55|576.5
50875,566.3|402.8
50876,340.5|378.55
50877,289.4|332.25
50878,216.5|285.1
50879,345.7|220.0
50880,218.35|310.25
50881,532.45|578.85
50882,563.0|297.85
50883,476.45|293.6
50884,381.3|287.45
50885,541.15|541.0
50886,447.9|385.45
50887,232.1|539.75
50888,585.15|359.0
50889,350.1|306.9
50890,585.55|397.45
50891,207.4|451.95
50892,573.95|499.6
50893,352.45|574.7
50894,257.2|397.9
50895,460.1|336.85
50896,420.85|356.05
50897,447.75|463.25
50898,277.8|348.1
50899,420.4|293.15
50900,432.85|392.35
50901,504.05|293.15
50902,485.15|506.6
50903,273.65|246.5
50904,208.15|293.45
50905,479.45|281.45
50906,234.8|518.7
50907,526.3|579.2
50908,383.3|568.2
50909,264.75|398.9
50910,459.95|569.55
50911,558.4|338.1
50912,555.65|574.55
50913,356.45|512.95
50914,269.8|374.5
50915,450.25|592.1
50916,285.6|546.55
50917,515.35|516.95
50918,253.4|343.7
50919,585.8|387.1
50920,582.2|268.55
50921,442.15|456.5
50922,421.1|555.0
50923,565.7|232.6
50924,414.25|225.8
50925,464.45|239.5
50926,219.45|357.1
50927,427.75|345.1
50928,548.7|348.85
50929,208.45|457.75
50930,211.6|452.9
50931,262.7|569.35
50932,465.25|513.5
50933,299.85|443.3
50934,390.3|351.2
50935,224.35|589.15
50936,270.95|429.25
50937,231.85|573.35
50938,472.65|358.15
50939,483.95|330.2
50940,556.9|324.0
50941,447.1|447.0
50942,218.65|278.35
50943,453.2|590.0
50944,247.15|311.3
50945,568.85|450.3
50946,344.7|592.25
50947,266.05|274.6
50948,442.75|445.75
50949,453.0|420.05
50950,414.8|495.4
50951,557.7|299.95
50952,209.85|244.9
50953,289.05|346.9
50954,369.35|249.35
50955,467.5|491.15
50956,426.15|238.75
50957,425.25|218.05
50958,260.55|560.45
50959,588.0|414.6
50960,371.25|493.15
50961,289.0|328.45
50962,570.2|557.35
50963,278.6|291.65
50964,280.6|493.95
50965,233.15|580.95
50966,231.4|486.5
50967,529.0|415.2
50968,450.55|528.05
50969,475.75|406.9
50970,521.7|362.0
50971,534.4|537.85
50972,288.3|346.3
50973,367.95|239.55
50974,369.6|445.7
50975,374.95|406.4
50976,560.95|531.15
50977,275.55|580.85
50978,572.0|240.85
50979,430.9|594.4
50980,583.8|512.65
50981,588.1|417.75
50982,293.9|354.8
50983,572.75|500.9
50984,305.2|360.65
50985,295.7|580.6
50986,408.3|470.2
50987,456.8|391.3
50988,586.3|247.3
50989,458.15|443.05
50990,434.4|557.05
50991,265.1|326.55
50992,256.3|223.1
50993,550.5|456.2
50994,392.65|413.4
50995,432.95|223.8
50996,388.75|575.4
50997,336.9|372.15
50998,542.05|590.6
50999,287.0|444.1
51000,238.55|467.5
51001,471.75|242.7
51002,481.7|451.15
51003,531.95|444.85
51004,549.05|342.0
51005,210.45|572.5
51006,424.0|347.4
51007,225.05|490.05
51008,578.7|459.0
51009,210.55|390.15
51010,548.7|437.7
51011,520.7|558.6
51012,356.65|281.1
51013,359.95|385.95
51014,341.9|229.8
51015,554.35|278.15
51016,381.8|567.0
51017,531.05|335.95
51018,363.6|322.15
51019,294.45|533.6
51020,354.4|550.75
51021,286.0|410.75
51022,573.05|323.85
51023,538.75|400.05
51024,355.0|500.1
51025,550.15|425.4
51026,342.25|498.25
51027,461.15|424.1
51028,358.25|295.3
51029,417.7|367.8
51030,228.95|253.25
51031,555.9|453.2
51032,303.3|451.45
51033,540.5|587.4
51034,356.7|384.85
51035,582.65|317.55
51036,346.2|549.5
51037,586.05|382.3
51038,521.45|555.1
51039,354.3|241.3
51040,215.3|592.35
51041,553.1|578.85
51042,248.9|334.25
51043,248.85|564.35
51044,227.05|307.4
51045,227.35|255.45
51046,242.55|526.95
51047,534.45|578.9
51048,290.45|494.15
51049,376.15|514.25
51050,394.9|575.15
51051,402.15|236.85
51052,301.3|496.15
51053,399.3|298.2
51054,460.65|260.7
51055,435.25|244.55
51056,344.8|563.2
51057,409.85|580.4
51058,250.7|560.85
51059,580.8|511.9
51060,413.05|216.3
51061,462.15|260.1
51062,589.55|580.4
51063,447.45|241.5
51064,417.35|392.75
51065,241.45|219.5
51066,400.4|507.75
51067,267.95|459.7
51068,589.4|289.95
51069,465.35|228.1
51070,428.0|259.45
51071,583.9|475.55
51072,576.2|220.3
51073,266.65|254.05
51074,238.2|486.0
51075,522.35|538.25
51076,270.65|276.45
51077,413.3|582.55
51078,205.5|242.55
51079,432.9|419.55
51080,277.55|309.05
51081,290.15|457.5
51082,586.3|535.0
51083,524.05|380.55
51084,224.2|469.15
51085,242.3|497.45
51086,549.7|396.4
51087,212.55|382.05
51088,298.05|397.3
51089,238.85|583.9
51090,456.45|526.05
51091,414.3|366.55
51092,531.35|571.3
51093,218.4|222.75
51094,480.05|432.0
51095,379.25|482.15
51096,227.85|287.6
51097,349.6|265.0
51098,445.9|435.95
51099,259.55|314.4
51100,345.9|505.45
51101,344.85|245.15
51102,563.75|331.15
51103,362.0|343.65
51104,348.95|513.15
51105,468.75|449.35
51106,342.8|275.95
51107,418.75|402.25
51108,424.4|236.85
51109,235.75|473.3
51110,456.45|397.75
51111,371.25|590.7
51112,515.9|396.1
51113,364.5|453.9
51114,398.25|364.15
51115,592.45|548.65
51116,569.1|491.95
51117,391.85|411.5
51118,280.05|335.85
51119,220.45|447.6
51120,580.95|287.0
51121,578.8|456.25
51122,550.3|547.05
51123,339.25|553.4
51124,445.1|303.05
51125,384.0|504.25
51126,427.75|377.7
51127,354.2|335.4
51128,559.75|378.6
51129,458.45|441.95
51130,266.0|559.55
51131,286.2|505.95
51132,235.25|518.95
51133,262.0|220.35
51134,418.05|349.25
51135,253.6|553.2
51136,592.5|391.5
51137,427.3|578.4
51138,206.75|579.5
51139,519.05|341.45
51140,525.0|514.35
51141,416.25|497.3
51142,573.85|395.55
51143,475.8|290.5
51144,421.85|391.35
51145,239.7|375.05
51146,289.7|447.35
51147,568.85|215.4
51148,282.5|428.5
51149,275.8|578.8
51150,516.7|438.95
51151,520.55|453.7
51152,585.45|549.65
51153,565.6|253.85
51154,511.0|243.65
51155,342.5|383.65
51156,229.95|408.2
51157,312.1|414.05
51158,400.85|264.65
51159,324.75|438.6
51160,283.25|258.0
51161,454.65|312.7
51162,470.9|521.75
51163,537.35|456.25
51164,542.45|300.9
51165,253.6|573.8
51166,275.5|550.45
51167,302.8|360.75
51168,264.6|367.75
51169,466.7|302.85
51170,214.45|238.6
51171,430.2|344.8
51172,285.15|321.7
51173,570.55|321.2
51174,479.0|250.8
51175,400.0|330.65
51176,252.4|386.35
51177,468.05|348.3
51178,559.65|465.35
51179,349.0|591.8
51180,531.7|551.35
51181,591.95|238.45
51182,354.85|384.7
51183,276.8|375.8
51184,577.8|263.75
51185,292.35|379.25
51186,488.05|219.45
51187,345.8|224.45
51188,207.3|497.8
51189,320.05|347.75
51190,396.7|328.35
51191,225.0|583.3
51192,359.3|218.95
51193,274.65|488.75
51194,291.9|318.05
51195,370.75|577.05
51196,425.2|464.75
51197,285.55|542.0
51198,369.8|590.4
51199,588.3|383.7
51200,592.1|269.35
51201,396.9|499.45
51202,262.0|521.05
51203,347.8|488.45
51204,240.7|281.2
51205,298.5|592.4
51206,442.75|503.95
51207,583.85|537.0
51208,284.45|536.25
51209,209.45|425.45
51210,401.7|307.2
51211,576.3|259.95
51212,204.7|458.3
51213,405.3|369.85
51214,376.95|285.25
51215,341.65|264.3
51216,342.85|329.4
51217,213.7|396.3
51218,322.55|435.95
51219,453.4|315.25
51220,378.3|282.8
51221,474.6|249.9
51222,421.8|219.9
51223,207.05|227.45
51224,218.2|452.05
51225,469.8|378.6
51226,578.55|226.3
51227,240.5|295.05
51228,561.8|458.35
51229,480.4|373.4
51230,594.0|389.7
51231,219.0|224.6
51232,284.1|458.6
51233,410.85|464.25
51234,278.15|447.05
51235,351.3|214.9
51236,572.25|585.95
51237,358.9|365.7
51238,287.0|579.6
51239,362.05|279.55
51240,451.7|264.15
51241,360.95|255.05
51242,472.3|215.85
51243,585.25|578.0
51244,391.05|375.45
51245,266.1|552.9
51246,400.9|470.85
51247,505.3|318.75
51248,586.35|252.85
51249,564.35|351.55
51250,419.05|506.05
51251,575.35|467.95
51252,481.7|497.1
51253,359.35|558.6
51254,209.2|496.1
51255,295.85|387.9
51256,382.6|470.65
51257,227.2|574.15
51258,240.55|383.15
51259,473.3|293.75
51260,541.7|518.2
51261,470.5|246.05
51262,395.45|588.45
51263,259.95|523.75
51264,462.1|558.85
51265,268.55|254.85
51266,442.55|576.55
51267,380.65|590.1
51268,463.55|223.35
51269,272.6|391.25
51270,385.05|593.35
51271,335.95|221.0
51272,276.1|429.9
51273,346.05|575.15
51274,386.45|311.25
51275,275.7|419.95
51276,321.1|426.25
51277,278.45|394.15
51278,232.45|317.85
51279,453.85|530.15
51280,462.5|506.1
51281,219.5|526.4
51282,527.1|417.1
51283,357.5|392.1
51284,551.2|450.6
51285,262.4|406.15
51286,546.15|522.45
51287,379.7|275.85
51288,408.4|500.0
51289,431.35|458.1
51290,379.3|378.55
51291,412.95|365.8
51292,250.05|212.2
51293,259.6|450.75
51294,350.05|348.15
51295,589.3|567.85
51296,384.25|225.45
51297,369.25|501.55
51298,518.2|525.2
51299,362.4|329.4
51300,452.2|284.05
51301,363.2|273.45
51302,395.95|296.65
51303,384.65|247.0
51304,383.2|387.75
51305,578.35|425.55
51306,229.8|585.6
51307,444.85|310.8
51308,494.75|290.1
51309,457.05|430.7
51310,513.5|500.3
51311,542.05|244.5
51312,382.7|469.25
51313,429.85|585.9
51314,430.55|312.95
51315,284.95|311.5
51316,366.55|238.0
51317,349.9|398.4
51318,224.1|440.7
51319,386.65|324.2
51320,552.35|347.4
51321,564.5|263.55
51322,559.25|219.35
51323,568.65|380.85
51324,575.6|415.85
51325,424.55|310.95
51326,276.8|586.55
51327,485.75|347.65
51328,271.8|574.4
51329,337.85|415.1
51330,535.45|427.95
51331,543.15|296.3
51332,402.4|371.1
51333,435.9|383.55
51334,554.45|553.65
51335,447.65|474.55
51336,475.8|272.55
51337,467.8|411.95
51338,394.6|503.6
51339,292.85|371.95
51340,217.35|587.0
51341,267.2|280.75
51342,319.95|340.45
51343,519.45|342.6
51344,455.15|316.7
51345,482.0|488.85
51346,544.1|494.25
51347,487.95|444.0
51348,461.95|301.55
51349,548.5|479.05
51350,545.55|271.9
51351,588.2|281.6
51352,446.8|306.8
51353,503.0|218.2
51354,265.15|241.65
51355,256.2|261.75
51356,221.4|462.8
51357,255.35|436.6
51358,361.9|275.3
51359,377.65|424.3
51360,584.4|235.35
51361,443.8|333.8
51362,440.3|509.6
51363,436.65|417.5
51364,396.25|502.95
51365,464.7|549.85
51366,458.8|325.15
51367,440.15|349.3
51368,573.8|214.95
51369,435.85|470.45
51370,576.6|522.65
51371,540.35|589.1
51372,352.95|292.75
51373,475.05|275.5
51374,211.3|431.35
51375,412.25|257.4
51376,276.9|585.3
51377,363.1|395.55
51378,324.4|423.15
51379,592.35|286.25
51380,471.35|413.8
51381,477.5|584.25
51382,408.05|214.55
51383,338.8|313.2
51384,362.55|214.35
51385,422.35|315.65
51386,391.55|594.3
51387,320.5|234.1
51388,421.65|568.7
51389,391.8|256.25
51390,585.3|342.7
51391,573.55|480.6
51392,357.45|339.75
51393,283.95|485.25
51394,340.25|209.7
51395,534.5|529.0
51396,391.75|479.95
51397,382.75|241.55
51398,416.1|215.85
51399,375.6|287.0
51400,450.7|455.6
51401,341.35|287.25
51402,350.9|243.55
51403,228.05|583.9
51404,589.95|362.6
51405,364.9|377.9
51406,275.7|432.2
51407,218.9|585.45
51408,227.05|237.7
51409,582.9|328.2
51410,363.4|265.55
51411,392.15|319.4
51412,506.9|400.1
51413,308.05|409.8
51414,579.5|589.25
51415,548.55|585.65
51416,212.1|320.0
51417,559.05|247.5
51418,272.0|465.25
51419,469.45|571.15
51420,231.1|216.85
51421,373.75|499.8
51422,250.05|493.9
51423,246.65|221.45
51424,339.35|356.1
51425,218.65|511.75
51426,420.05|502.25
51427,449.05|297.65
51428,460.55|440.95
51429,389.75|364.6
51430,301.15|241.4
51431,239.7|337.85
51432,457.75|587.95
51433,217.8|287.85
51434,376.8|359.85
51435,219.95|437.1
51436,217.6|407.45
51437,340.0|466.55
51438,353.5|596.45
51439,548.75|572.0
51440,505.9|532.65
51441,250.5|379.75
51442,385.3|269.5
51443,428.75|390.05
51444,447.5|320.05
51445,584.7|558.5
51446,569.65|376.1
51447,295.15|331.75
51448,562.4|249.45
51449,535.65|578.8
51450,378.8|205.35
51451,478.7|494.65
51452,343.55|236.3
51453,270.1|345.35
51454,492.0|357.9
51455,422.5|462.1
51456,252.55|539.25
51457,218.3|315.05
51458,329.9|211.15
51459,556.7|222.15
51460,381.85|275.6
51461,462.4|342.55
51462,431.15|538.65
51463,527.6|432.3
51464,569.1|563.35
51465,273.65|288.65
51466,256.6|366.95
51467,283.0|382.8
51468,450.95|561.3
51469,255.75|268.15
51470,273.85|592.35
51471,517.3|342.75
51472,521.15|571.7
51473,258.95|238.8
51474,372.95|226.3
51475,211.1|496.4
51476,573.15|310.15
51477,241.1|534.25
51478,475.65|357.05
51479,348.1|355.15
51480,221.15|270.25
51481,592.65|373.35
51482,423.25|507.2
51483,242.85|421.8
51484,310.5|526.7
51485,589.05|590.95
51486,588.8|385.65
51487,413.6|221.85
51488,306.45|385.65
51489,368.6|582.65
51490,388.65|249.45
51491,532.8|453.7
51492,238.65|587.55
51493,479.95|271.8
51494,236.45|568.85
51495,373.65|206.15
51496,571.6|327.25
51497,537.5|482.4
51498,237.85|341.45
51499,538.75|454.9
51500,238.55|438.2
51501,560.4|379.1
51502,471.95|556.85
51503,237.1|250.35
51504,559.1|576.5
51505,506.0|223.7
51506,274.75|540.9
51507,339.25|409.35
51508,567.2|494.95
51509,222.4|576.3
51510,247.7|372.2
51511,442.7|460.4
51512,268.65|576.35
51513,595.05|280.2
51514,460.35|402.35
51515,282.9|279.45
51516,281.9|367.1
51517,384.2|562.15
51518,575.15|367.6
51519,210.1|349.25
51520,275.1|553.1
51521,586.25|370.4
51522,256.4|407.5
51523,525.05|514.75
51524,365.7|224.35
51525,550.25|505.3
51526,262.55|485.8
51527,542.4|441.45
51528,333.1|379.25
51529,275.4|471.45
51530,241.4|362.2
51531,216.0|406.55
51532,561.9|304.6
51533,541.5|461.75
51534,549.25|259.65
51535,206.8|266.95
51536,467.0|350.5
51537,441.85|522.9
51538,298.85|375.0
51539,576.3|583.4
51540,587.55|429.3
51541,332.6|432.4
51542,446.35|592.5
51543,329.65|425.85
51544,399.9|224.9
51545,343.55|514.45
51546,430.05|268.85
51547,354.6|280.55
51548,388.95|208.1
51549,553.55|315.5
51550,291.3|306.65
51551,380.5|373.3
51552,558.3|230.8
51553,469.25|233.35
51554,345.25|550.9
51555,559.2|242.5
51556,481.85|484.3
51557,561.55|245.95
51558,334.0|398.65
51559,564.85|244.1
51560,246.7|432.9
51561,312.1|400.1
51562,261.9|291.45
51563,253.85|408.5
51564,343.6|590.85
51565,217.95|282.2
51566,269.2|590.4
51567,462.5|384.7
51568,332.7|495.6
51569,582.3|289.05
51570,538.15|397.3
51571,554.85|231.45
51572,436.2|273.75
51573,568.55|485.5
51574,417.8|249.5
51575,271.45|344.2
51576,393.1|515.8
51577,533.0|443.55
51578,255.3|442.35
51579,383.6|498.85
51580,329.05|397.8
51581,441.8|380.6
51582,393.55|277.7
51583,395.2|589.95
51584,585.3|490.3
51585,256.25|448.25
51586,412.9|409.95
51587,269.45|560.05
51588,591.85|414.2
51589,590.4|262.7
51590,406.7|370.85
51591,215.8|496.8
51592,256.35|337.6
51593,310.6|285.9
51594,248.95|304.75
51595,298.05|368.6
51596,385.45|513.75
51597,279.4|451.2
51598,239.8|511.05
51599,549.75|298.75
51600,234.65|509.2
51601,224.85|305.3
51602,422.7|365.15
51603,341.75|207.15
51604,270.45|490.85
51605,267.55|421.65
51606,518.7|513.95
51607,463.95|219.95
51608,490.2|219.5
51609,213.25|402.6
51610,412.8|413.9
51611,545.65|389.25
51612,457.45|225.6
51613,256.95|385.7
51614,241.65|322.65
51615,254.75|442.6
51616,557.0|485.85
51617,381.6|346.55
51618,469.55|511.85
51619,551.95|582.45
51620,280.15|281.0
51621,343.65|531.1
51622,324.15|374.35
51623,574.35|241.85
51624,217.9|252.45
51625,400.85|559.5
51626,280.5|526.8
51627,370.15|489.8
51628,413.0|443.75
51629,462.7|397.4
51630,583.4|380.1
51631,269.8|514.55
51632,448.0|590.95
51633,454.05|331.25
51634,376.4|541.95
51635,416.25|559.8
51636,572.8|278.05
51637,208.1|237.0
51638,437.2|558.5
51639,250.95|582.1
51640,321.7|366.6
51641,253.85|594.15
51642,578.1|218.3
51643,549.55|339.45
51644,376.55|461.1
51645,286.85|265.35
51646,592.7|517.05
51647,553.8|236.4
51648,519.35|372.2
51649,208.4|586.55
51650,299.7|322.1
51651,444.35|555.45
51652,587.4|505.85
51653,358.15|275.6
51654,254.2|359.9
51655,261.55|291.7
51656,586.25|537.85
51657,398.15|286.15
51658,564.6|278.3
51659,224.95|495.85
51660,211.55|358.45
51661,354.0|261.75
51662,316.15|422.35
51663,244.95|351.55
51664,524.0|508.85
51665,565.25|321.3
51666,405.15|445.3
51667,225.75|473.5
51668,285.75|541.8
51669,343.2|408.3
51670,554.7|248.95
51671,390.6|332.65
51672,399.15|219.5
51673,489.0|330.9
51674,254.9|583.95
51675,526.5|456.25
51676,538.3|259.0
51677,418.15|571.65
51678,371.75|214.9
51679,474.65|354.2
51680,439.3|313.65
51681,578.45|328.75
51682,391.3|486.65
51683,364.7|438.75
51684,283.9|494.85
51685,588.85|382.2
51686,341.5|568.75
51687,529.55|556.85
51688,407.8|541.2
51689,369.6|375.55
51690,253.15|562.5
51691,373.7|249.2
51692,502.0|405.55
51693,394.05|255.0
51694,463.6|541.15
51695,396.85|306.0
51696,569.65|465.65
51697,284.25|541.25
51698,360.7|390.05
51699,392.05|213.6
51700,571.55|576.15
51701,359.0|414.35
51702,473.55|556.1
51703,287.55|446.4
51704,261.9|486.05
51705,354.9|274.55
51706,480.85|245.45
51707,543.85|333.65
51708,350.1|320.4
51709,363.3|324.55
51710,248.75|376.0
51711,551.6|590.25
51712,319.25|364.85
51713,381.9|291.95
51714,339.4|404.85
51715,212.45|449.25
51716,455.9|341.0
51717,367.0|361.75
51718,366.7|251.65
51719,375.9|292.7
51720,336.55|342.0
51721,531.05|419.85
51722,456.6|451.1
51723,580.8|419.75
51724,324.3|350.1
51725,556.95|481.85
51726,396.65|381.7
51727,456.0|240.3
51728,239.45|310.6
51729,431.25|402.55
51730,448.25|238.0
51731,253.65|493.5
51732,421.8|342.75
51733,595.35|482.65
51734,422.3|381.85
51735,382.45|407.3
51736,591.5|510.5
51737,526.8|350.55
51738,287.7|438.7
51739,213.65|251.5
51740,275.9|374.05
51741,248.4|441.45
51742,339.65|514.65
51743,570.75|483.95
51744,410.25|237.25
51745,501.9|515.1
51746,394.35|538.8
51747,472.95|300.45
51748,229.8|416.4
51749,237.1|287.4
51750,553.65|308.55
51751,459.95|388.85
51752,353.05|287.8
51753,567.25|436.95
51754,514.45|447.7
51755,355.4|595.8
51756,377.2|270.5
51757,374.1|270.9
51758,587.0|325.4
51759,354.15|436.3
51760,211.85|236.7
51761,551.45|230.3
51762,566.15|261.3
51763,410.9|267.6
51764,441.65|467.0
51765,375.45|297.85
51766,257.05|209.55
51767,359.8|377.15
51768,287.7|562.85
51769,528.75|533.9
51770,526.15|462.4
51771,236.75|540.3
51772,263.8|270.2
51773,275.45|585.75
51774,562.65|447.25
51775,576.05|279.95
51776,592.75|390.45
51777,445.7|233.0
51778,433.2|459.95
51779,529.65|273.8
51780,486.05|376.95
51781,452.85|568.3
51782,237.5|560.4
51783,581.6|470.15
51784,391.25|572.6
51785,222.25|309.55
51786,354.35|293.0
51787,213.1|248.6
51788,256.45|349.9
51789,391.8|418.2
51790,476.95|274.85
51791,251.45|358.1
51792,423.7|538.65
51793,586.7|547.05
51794,391.9|504.85
51795,590.85|485.9
51796,595.9|401.35
51797,356.3|500.75
51798,290.35|337.0
51799,377.3|454.6
51800,312.9|293.85
51801,533.9|416.9
51802,228.0|537.3
51803,333.4|506.8
51804,572.75|219.7
51805,259.9|264.65
51806,208.4|401.45
51807,300.55|569.45
51808,359.55|588.85
51809,586.5|510.35
51810,543.35|277.7
51811,591.65|556.2
51812,291.05|350.55
51813,543.55|432.4
51814,218.5|468.0
51815,212.95|381.3
51816,281.55|332.75
51817,442.4|441.15
51818,385.75|502.2
51819,348.1|263.05
51820,586.5|340.7
51821,468.05|350.7
51822,569.85|386.0
51823,555.9|303.45
51824,397.05|481.25
51825,447.05|529.6
51826,292.9|277.3
51827,386.15|344.9
51828,342.05|594.95
51829,278.45|285.8
51830,450.85|304.3
51831,254.15|547.75
51832,411.95|388.5
51833,580.0|469.6
51834,221.55|452.0
51835,372.45|292.55
51836,237.45|397.45
51837,364.35|303.45
51838,273.7|589.4
51839,580.0|220.95
51840,567.8|489.55
51841,495.55|523.75
51842,215.05|300.55
51843,462.5|229.65
51844,425.75|343.35
51845,561.05|476.3
51846,430.1|247.45
51847,548.3|272.25
51848,461.15|246.9
51849,225.0|492.5
51850,448.7|417.2
51851,596.3|276.3
51852,319.05|316.35
51853,258.6|349.9
51854,564.4|332.35
51855,521.55|440.65
51856,412.5|456.1
51857,372.75|479.15
51858,403.9|486.2
51859,412.15|585.0
51860,216.35|234.2
51861,580.05|334.2
51862,513.35|546.0
51863,542.2|338.65
51864,358.85|485.1
51865,495.1|282.65
51866,244.55|267.95
51867,282.85|492.75
51868,293.4|371.05
51869,342.45|522.75
51870,244.7|333.05
51871,558.05|311.5
51872,238.05|232.45
51873,428.75|555.55
51874,385.25|589.4
51875,379.45|547.8
51876,217.55|549.25
51877,357.85|387.85
51878,405.9|339.85
51879,447.5|236.75
51880,259.6|419.6
51881,547.7|317.1
51882,565.3|465.5
51883,592.25|589.3
51884,345.15|536.25
51885,415.65|271.85
51886,433.4|247.8
51887,521.75|435.75
51888,474.25|339.45
51889,280.1|569.85
51890,539.75|278.3
51891,539.25|524.5
51892,452.95|242.15
51893,401.95|472.6
51894,468.4|231.1
51895,361.05|276.25
51896,447.45|401.65
51897,349.8|246.75
51898,386.95|264.0
51899,370.25|342.3
51900,529.95|525.1
51901,459.25|525.15
51902,388.4|582.2
51903,556.1|394.45
51904,350.7|246.4
51905,315.4|418.0
51906,420.1|325.05
51907,416.1|564.3
51908,356.55|591.85
51909,231.65|231.9
51910,357.6|563.3
51911,205.9|244.9
51912,231.85|385.2
51913,412.85|373.5
51914,587.75|417.5
51915,307.55|410.9
51916,432.05|454.6
51917,396.55|545.7
51918,460.0|264.9
51919,269.05|553.45
51920,560.15|479.3
51921,219.65|403.55
51922,413.65|591.8
51923,406.1|544.45
51924,259.55|439.0
51925,255.05|278.05
51926,348.55|338.2
51927,444.25|445.25
51928,475.9|488.85
51929,338.1|218.6
51930,427.25|417.45
51931,353.9|506.55
51932,374.5|439.25
51933,365.65|381.3
51934,470.0|459.15
51935,523.4|566.9
51936,445.85|582.1
51937,441.8|436.05
51938,254.5|573.45
51939,470.45|548.0
51940,570.75|275.1
51941,251.0|472.6
51942,362.95|268.55
51943,213.5|312.05
51944,409.2|472.65
51945,358.6|349.95
51946,363.5|246.0
51947,596.55|470.3
51948,450.45|547.9
51949,424.95|440.5
51950,271.0|371.2
51951,426.75|515.5
51952,575.45|416.65
51953,559.2|338.05
51954,447.85|437.4
51955,297.8|411.8
51956,437.55|540.85
51957,491.65|245.55
51958,245.75|510.1
51959,363.95|271.55
51960,444.35|298.65
51961,279.9|533.2
51962,424.95|428.5
51963,535.7|509.95
51964,319.45|353.35
51965,590.75|562.25
51966,217.85|586.0
51967,401.95|223.35
51968,589.0|367.4
51969,421.75|243.15
51970,271.4|574.5
51971,285.55|385.0
51972,219.9|405.65
51973,439.95|502.65
51974,399.1|384.5
51975,568.9|540.85
51976,555.55|237.6
51977,497.0|443.75
51978,346.55|443.45
51979,302.0|386.5
51980,592.3|591.2
51981,236.55|571.65
51982,264.3|593.75
51983,285.65|471.7
51984,296.6|299.45
51985,492.25|233.3
51986,346.55|427.1
51987,579.7|393.0
51988,568.3|585.0
51989,407.3|564.2
51990,341.55|369.6
51991,291.75|307.25
51992,484.85|539.85
51993,258.45|413.45
51994,472.75|429.65
51995,480.25|477.65
51996,551.65|319.45
51997,214.6|488.35
51998,538.1|522.1
51999,561.3|467.9
52000,221.1|405.35
52001,264.85|282.4
52002,452.7|455.25
52003,368.45|508.95
52004,551.4|530.6
52005,347.65|385.85
52006,537.3|549.75
52007,294.05|353.35
52008,491.2|257.1
52009,562.6|411.7
52010,349.9|437.55
52011,347.35|591.1
52012,249.55|407.8
52013,586.2|304.55
52014,227.45|593.15
52015,216.3|580.0
52016,442.6|589.95
52017,243.95|435.4
52018,333.9|423.75
52019,577.5|449.8
52020,402.5|575.1
52021,399.85|589.15
52022,558.15|271.25
52023,375.7|309.4
52024,395.5|575.75
52025,543.7|287.0
52026,359.15|576.2
52027,260.0|587.25
52028,276.3|537.55
52029,435.0|585.2
52030,212.45|389.8
52031,266.5|266.7
52032,402.9|323.6
52033,553.8|432.85
52034,427.1|340.55
52035,423.9|472.3
52036,426.2|219.1
52037,481.65|389.85
52038,545.1|583.85
52039,318.6|282.9
52040,373.3|219.2
52041,359.3|283.05
52042,222.0|415.15
52043,460.65|425.9
52044,295.4|249.65
52045,482.1|276.85
52046,278.35|393.25
52047,234.95|569.1
52048,528.85|397.3
52049,222.15|473.6
52050,343.9|278.4
52051,216.85|409.25
52052,352.65|237.7
52053,224.6|485.85
52054,451.75|453.75
52055,221.4|538.3
52056,231.0|409.45
52057,454.2|352.9
52058,470.9|344.7
52059,206.85|396.6
52060,406.1|467.55
52061,466.75|314.4
52062,242.2|318.3
52063,348.45|543.3
52064,475.5|344.95
52065,426.6|453.35
52066,586.8|385.7
52067,371.65|377.25
52068,300.35|334.7
52069,515.9|490.0
52070,238.5|544.95
52071,217.75|473.05
52072,346.25|414.7
52073,260.15|216.4
52074,476.05|362.65
52075,404.95|574.25
52076,418.05|368.65
52077,561.5|299.35
52078,273.65|559.5
52079,280.1|452.15
52080,236.45|250.65
52081,455.6|365.1
52082,311.75|579.45
52083,420.75|273.25
52084,340.4|445.65
52085,529.6|420.85
52086,413.1|261.25
52087,463.0|517.0
52088,365.15|232.95
52089,384.3|502.95
52090,406.95|351.55
52091,272.75|227.0
52092,231.25|355.9
52093,540.3|276.2
52094,541.8|233.3
52095,529.6|434.6
52096,281.2|450.25
52097,442.85|361.35
52098,263.8|319.95
52099,576.75|437.35
52100,209.4|571.4
52101,231.45|280.65
52102,364.9|206.0
52103,514.75|372.85
52104,568.8|307.9
52105,510.35|481.35
52106,373.85|368.7
52107,271.4|549.5
52108,582.45|571.75
52109,211.45|556.85
52110,266.85|224.25
52111,225.0|337.75
52112,290.55|535.95
52113,420.55|332.6
52114,304.2|429.35
52115,283.65|349.25
52116,593.6|480.85
52117,557.15|583.15
52118,346.65|569.65
52119,522.55|540.3
52120,485.7|309.0
52121,463.75|313.6
52122,421.45|378.35
52123,260.75|310.7
52124,248.45|218.25
52125,216.45|248.3
52126,247.6|231.75
52127,342.2|561.7
52128,279.1|548.1
52129,542.65|493.15
52130,421.9|372.5
52131,496.35|214.8
52132,258.5|566.4
52133,379.1|275.45
52134,270.0|421.35
52135,383.25|238.9
52136,564.5|226.95
52137,218.05|458.65
52138,491.65|480.7
52139,345.35|591.8
52140,558.5|432.1
52141,341.45|542.35
52142,431.6|442.3
52143,581.5|557.25
52144,240.85|363.0
52145,221.05|580.5
52146,444.9|562.25
52147,463.75|418.15
52148,350.0|361.2
52149,242.05|225.5
52150,359.35|218.55
52151,577.2|208.3
52152,332.4|573.45
52153,206.6|568.5
52154,271.45|226.65
52155,429.35|429.2
52156,395.15|282.5
52157,423.65|572.8
52158,243.4|588.0
52159,240.9|388.25
52160,432.05|325.7
52161,456.8|241.7
52162,278.9|365.5
52163,341.9|590.45
52164,376.8|218.65
52165,419.05|409.5
52166,570.1|392.8
52167,343.1|423.0
52168,225.15|530.4
52169,261.35|423.45
52170,474.9|523.55
52171,405.75|254.5
52172,401.85|209.0
52173,372.55|550.85
52174,468.45|245.95
52175,472.75|333.2
52176,276.7|397.25
52177,471.9|542.3
52178,424.9|359.8
52179,403.8|304.25
52180,416.35|476.85
52181,487.25|508.0
52182,330.8|564.95
52183,235.65|496.35
52184,352.8|224.4
52185,580.9|460.95
52186,458.75|355.5
52187,341.2|590.6
52188,210.75|231.8
52189,469.6|327.25
52190,376.8|329.55
52191,245.7|242.7
52192,266.6|458.45
52193,526.6|482.75
52194,262.1|548.2
52195,553.05|369.6
52196,218.85|521.15
52197,397.85|573.65
52198,476.75|335.45
52199,273.25|265.9
52200,234.35|412.1
52201,530.25|406.55
52202,521.5|436.55
52203,390.25|426.05
52204,235.9|396.9
52205,242.45|381.8
52206,391.8|258.6
52207,426.05|476.4
52208,442.15|551.3
52209,363.0|493.35
52210,339.6|567.15
52211,363.0|325.25
52212,398.45|396.5
52213,419.55|445.45
52214,410.6|357.4
52215,308.1|296.95
52216,452.6|566.25
52217,551.5|527.7
52218,376.95|420.95
52219,309.4|456.3
52220,226.85|398.1
52221,301.0|432.65
52222,468.35|359.65
52223,242.2|229.85
52224,435.85|458.7
52225,578.1|402.05
52226,565.0|577.5
52227,341.4|217.95
52228,247.05|481.1
52229,346.55|273.4
52230,276.35|360.35
52231,581.1|572.5
52232,533.95|366.55
52233,578.5|383.25
52234,482.65|569.15
52235,356.75|441.95
52236,283.6|400.0
52237,521.6|265.5
52238,557.9|366.55
52239,529.5|507.55
52240,446.1|532.9
52241,471.35|238.2
52242,527.2|454.1
52243,526.85|480.15
52244,417.6|317.7
52245,446.35|588.4
52246,591.0|258.0
52247,536.5|427.35
52248,216.3|264.25
52249,458.7|407.35
52250,570.5|538.65
52251,587.3|560.8
52252,385.9|239.3
52253,278.45|517.25
52254,433.35|213.45
52255,478.0|490.65
52256,561.7|222.4
52257,468.1|282.1
52258,524.75|361.5
52259,248.65|578.65
52260,238.8|283.9
52261,266.45|401.4
52262,218.0|413.3
52263,570.95|326.05
52264,220.0|477.75
52265,367.9|212.5
52266,404.85|572.85
52267,295.45|328.75
52268,306.55|591.25
52269,393.65|461.2
52270,334.65|420.0
52271,245.4|430.2
52272,367.3|453.45
52273,378.2|364.75
52274,554.25|265.25
52275,401.1|498.55
52276,571.95|386.35
52277,298.15|402.95
52278,420.2|207.05
52279,582.55|588.05
52280,220.05|269.1
52281,590.15|358.35
52282,239.8|312.5
52283,334.85|567.95
52284,382.9|397.35
52285,485.1|468.2
52286,506.7|374.5
52287,285.5|561.85
52288,289.95|469.2
52289,518.65|457.4
52290,341.0|241.5
52291,417.85|571.75
52292,241.85|394.0
52293,251.55|274.15
52294,468.95|235.0
52295,492.3|498.45
52296,338.95|242.1
52297,549.2|350.8
52298,215.45|327.65
52299,446.05|385.6
52300,341.25|339.5
52301,564.95|394.05
52302,217.75|459.65
52303,569.05|249.4
52304,383.4|329.8
52305,430.5|441.4
52306,369.95|399.7
52307,490.6|483.25
52308,435.3|387.85
52309,438.25|463.2
52310,341.65|538.65
52311,533.9|546.45
52312,314.2|341.6
52313,541.95|276.65
52314,464.85|375.4
52315,471.8|332.7
52316,450.6|240.25
52317,345.3|375.6
52318,351.7|360.55
52319,401.65|490.85
52320,409.8|518.0
52321,250.4|525.85
52322,221.6|561.3
52323,572.95|303.0
52324,445.55|468.0
52325,397.4|336.35
52326,559.85|232.85
52327,292.4|420.75
52328,272.5|251.25
52329,253.8|428.2
52330,541.55|280.95
52331,263.85|317.65
52332,471.65|411.45
52333,277.45|329.05
52334,400.85|254.3
52335,258.25|406.3
52336,567.7|523.25
52337,208.9|218.5
52338,463.25|371.3
52339,297.75|586.4
52340,393.55|561.95
52341,409.0|459.65
52342,475.65|355.85
52343,568.55|411.65
52344,218.5|403.55
52345,474.35|330.95
52346,218.4|296.6
52347,442.35|277.0
52348,593.4|278.55
52349,579.3|328.8
52350,241.15|339.65
52351,383.8|275.3
52352,246.4|416.7
52353,334.2|376.35
52354,331.95|440.65
52355,258.7|497.15
52356,416.35|353.45
52357,435.75|465.1
52358,547.8|344.9
52359,237.3|445.5
52360,472.3|233.15
52361,373.25|438.1
52362,578.65|534.35
52363,265.15|301.7
52364,451.25|561.0
52365,542.05|462.3
52366,576.45|381.4
52367,342.8|368.7
52368,561.9|297.75
52369,209.15|572.2
52370,541.35|243.85
52371,368.7|550.3
52372,428.8|424.4
52373,305.25|505.8
52374,479.15|316.55
52375,544.3|228.15
52376,236.5|579.55
52377,274.6|258.5
52378,519.05|526.7
52379,219.6|314.2
52380,275.25|586.4
52381,235.4|440.45
52382,269.8|281.6
52383,433.5|300.25
52384,529.2|498.95
52385,256.9|323.45
52386,339.7|371.2
52387,381.05|250.25
52388,405.05|343.05
52389,270.2|325.75
52390,275.2|251.85
52391,540.45|386.55
52392,221.7|324.2
52393,441.45|576.65
52394,349.85|281.0
52395,461.9|506.75
52396,476.8|289.6
52397,402.5|545.25
52398,507.85|455.95
52399,354.9|439.45
52400,206.05|458.7
52401,434.5|510.1
52402,368.6|252.55
52403,231.7|389.9
52404,544.7|248.95
52405,233.8|447.75
52406,252.95|281.45
52407,429.3|471.75
52408,261.7|245.9
52409,218.35|212.05
52410,420.25|322.8
52411,279.35|581.25
52412,524.6|445.75
52413,423.65|398.35
52414,269.5|483.9
52415,436.1|266.55
52416,416.8|569.75
52417,300.65|394.15
52418,556.0|437.6
52419,266.25|209.3
52420,303.45|383.3
52421,390.3|493.55
52422,246.0|262.25
52423,592.95|414.95
52424,584.5|356.2
52425,420.45|591.15
52426,595.2|385.2
52427,357.85|498.85
52428,205.8|579.1
52429,369.85|286.5
52430,218.45|463.25
52431,391.95|289.5
52432,428.4|525.2
52433,434.65|593.05
52434,255.5|570.45
52435,582.15|214.3
52436,460.4|536.8
52437,442.7|408.5
52438,546.05|458.05
52439,236.0|326.05
52440,585.2|565.6
52441,586.3|527.05
52442,516.8|533.95
52443,546.5|307.35
52444,569.05|487.5
52445,523.55|419.25
52446,204.3|459.45
52447,568.2|400.7
52448,546.1|289.4
52449,449.0|535.45
52450,441.4|342.9
52451,276.3|579.6
52452,562.6|218.7
52453,337.5|250.9
52454,424.55|418.1
52455,399.9|367.7
52456,356.5|270.0
52457,423.45|337.0
52458,349.05|272.45
52459,338.85|342.45
52460,258.5|249.75
52461,407.65|314.75
52462,586.6|406.75
52463,412.9|486.25
52464,581.45|469.45
52465,418.7|255.35
52466,392.6|329.55
52467,523.05|460.3
52468,284.55|574.5
52469,530.5|284.0
52470,454.2|374.05
52471,265.45|554.45
52472,233.75|322.55
52473,399.0|515.25
52474,466.1|259.35
52475,552.8|420.55
52476,592.25|484.65
52477,359.55|279.35
52478,558.75|233.4
52479,338.2|545.65
52480,329.65|328.15
52481,234.65|454.85
52482,286.85|322.0
52483,207.1|547.6
52484,345.1|333.0
52485,521.8|501.9
52486,286.25|380.2
52487,582.95|465.55
52488,515.0|294.65
52489,568.0|297.7
52490,538.6|546.55
52491,588.0|395.25
52492,560.2|484.2
52493,530.0|530.0
52494,463.1|324.7
52495,283.85|328.25
52496,563.1|231.2
52497,557.7|405.1
52498,580.25|413.7
52499,217.4|512.2
52500,560.95|577.3
52501,531.75|414.45
52502,454.95|390.65
52503,542.9|512.0
52504,426.25|343.75
52505,527.8|566.0
52506,270.4|370.55
52507,221.1|368.35
52508,553.25|290.4
52509,250.75|231.95
52510,302.45|346.4
52511,277.2|418.45
52512,305.1|513.2
52513,377.35|357.3
52514,409.65|539.85
52515,235.95|580.5
52516,244.65|539.15
52517,353.25|218.5
52518,335.7|346.1
52519,583.65|366.75
52520,568.55|350.4
52521,313.8|400.15
52522,258.4|593.5
52523,451.65|244.05
52524,565.95|224.65
52525,577.2|375.55
52526,402.75|503.25
52527,214.05|575.2
52528,549.4|593.65
52529,473.8|347.5
52530,381.7|292.9
52531,485.85|354.3
52532,350.9|585.3
52533,383.85|309.45
52534,251.9|248.9
52535,468.05|530.25
52536,575.9|303.9
52537,279.0|290.95
52538,450.55|413.6
52539,593.65|466.9
52540,441.25|544.85
52541,438.9|432.6
52542,271.0|577.55
52543,210.65|386.4
52544,572.35|569.1
52545,224.95|454.45
52546,405.05|302.6
52547,205.35|474.45
52548,299.9|404.95
52549,347.1|513.8
52550,371.9|238.2
52551,434.9|499.55
52552,467.7|483.85
52553,343.0|419.1
52554,435.55|570.35
52555,584.4|548.5
52556,461.5|469.2
52557,327.5|333.75
52558,426.0|498.6
52559,375.7|420.1
52560,560.3|328.0
52561,399.9|580.95
52562,421.4|220.5
52563,248.75|453.6
52564,440.75|502.45
52565,469.2|318.65
52566,248.0|208.6
52567,468.0|546.35
52568,220.75|343.4
52569,276.0|313.6
52570,418.35|588.0
52571,245.25|477.9
52572,437.25|258.8
52573,506.3|527.9
52574,252.2|415.3
52575,272.45|400.9
52576,582.75|293.65
52577,234.3|365.15
52578,287.9|561.9
52579,525.95|431.4
52580,344.4|272.1
52581,385.3|534.35
52582,345.0|244.9
52583,473.7|353.4
52584,532.2|445.2
52585,437.85|396.25
52586,252.4|249.1
52587,386.25|317.85
52588,231.4|275.95
52589,587.35|307.2
52590,365.1|297.75
52591,296.2|383.95
52592,549.45|486.9
52593,303.9|414.8
52594,389.05|311.0
52595,210.75|353.75
52596,284.3|591.65
52597,578.2|588.8
52598,367.15|492.6
52599,391.5|280.8
52600,215.15|404.95
52601,560.75|273.3
52602,416.45|332.75
52603,253.1|591.4
52604,479.15|452.9
52605,275.95|301.9
52606,383.8|491.35
52607,585.25|558.9
52608,514.6|496.05
52609,453.9|509.6
52610,356.55|322.5
52611,534.65|574.75
52612,467.95|377.75
52613,271.15|453.05
52614,396.85|580.4
52615,418.05|378.65
52616,251.1|263.55
52617,346.95|506.45
52618,238.25|593.7
52619,219.95|296.6
52620,466.45|451.7
52621,269.5|417.1
52622,235.95|519.45
52623,426.4|244.9
52624,379.9|211.05
52625,402.8|220.45
52626,295.15|384.15
52627,572.05|573.5
52628,377.8|404.95
52629,465.45|309.05
52630,271.35|228.15
52631,591.5|283.8
52632,258.4|479.05
52633,456.15|361.55
52634,527.5|537.55
52635,354.6|526.7
52636,519.45|421.8
52637,477.1|342.95
52638,209.7|252.35
52639,359.45|282.85
52640,423.45|333.05
52641,341.1|220.35
52642,593.75|356.45
52643,411.75|324.4
52644,546.05|520.8
52645,562.8|251.45
52646,251.0|417.8
52647,253.8|420.4
52648,337.0|505.2
52649,270.3|308.6
52650,249.8|573.45
52651,345.15|346.35
52652,360.05|209.75
52653,540.75|432.4
52654,262.2|349.0
52655,567.85|222.3
52656,449.6|322.8
52657,409.0|526.45
52658,224.0|483.95
52659,568.55|514.4
52660,407.05|354.85
52661,284.2|480.1
52662,541.25|516.4
52663,297.25|377.25
52664,301.3|392.0
52665,419.8|553.25
52666,576.95|557.9
52667,393.55|558.6
52668,216.45|528.85
52669,259.85|339.9
52670,389.55|594.2
52671,568.25|428.15
52672,474.95|464.1
52673,402.7|505.6
52674,420.15|255.2
52675,231.7|229.8
52676,225.1|588.0
52677,271.65|402.9
52678,371.3|284.5
52679,355.05|273.4
52680,498.45|225.4
52681,216.1|289.6
52682,220.25|258.9
52683,289.35|337.2
52684,384.1|211.45
52685,343.25|217.05
52686,311.9|493.45
52687,229.55|470.05
52688,588.8|507.25
52689,422.65|294.4
52690,407.5|339.6
52691,588.2|349.45
52692,533.9|492.35
52693,529.05|550.15
52694,517.6|435.55
52695,440.25|300.5
52696,455.2|407.3
52697,262.45|492.8
52698,373.85|215.5
52699,370.4|335.0
52700,401.2|492.85
52701,249.95|263.9
52702,279.7|372.15
52703,559.45|236.65
52704,261.1|383.1
52705,372.9|423.9
52706,383.1|502.25
52707,424.95|461.7
52708,426.55|449.8
52709,438.65|587.15
52710,546.15|379.9
52711,506.65|521.3
52712,342.05|586.9
52713,233.0|580.15
52714,498.7|446.05
52715,350.3|548.3
52716,305.15|237.35
52717,439.05|468.3
52718,459.0|250.05
52719,410.9|359.65
52720,541.9|538.25
52721,220.9|584.95
52722,346.05|540.35
52723,422.8|410.25
52724,549.7|480.4
52725,372.2|423.55
52726,445.95|513.7
52727,282.5|559.05
52728,246.8|497.5
52729,412.35|205.7
52730,380.2|241.65
52731,406.2|394.0
52732,432.25|586.85
52733,460.25|421.85
52734,542.35|342.25
52735,579.95|440.2
52736,265.55|345.95
52737,401.85|367.95
52738,230.9|513.1
52739,349.4|258.05
52740,267.45|438.3
52741,418.85|467.0
52742,487.3|305.15
52743,313.1|509.8
52744,213.35|583.6
52745,583.95|359.7
52746,242.35|378.0
52747,253.05|566.85
52748,208.05|401.2
52749,427.0|462.8
52750,371.9|578.45
52751,234.25|461.2
52752,533.1|270.2
52753,402.4|377.8
52754,566.2|548.45
52755,340.65|224.25
52756,434.5|530.35
52757,400.25|331.35
52758,221.55|522.4
52759,268.65|570.85
52760,245.5|384.2
52761,251.6|500.4
52762,351.05|294.8
52763,587.4|340.2
52764,277.35|499.2
52765,206.05|465.75
52766,344.6|511.35
52767,363.4|318.85
52768,440.05|395.95
52769,545.15|545.8
52770,371.85|343.95
52771,403.55|211.6
52772,281.0|459.55
52773,561.65|223.75
52774,381.25|569.15
52775,441.3|325.8
52776,460.2|555.6
52777,233.3|390.2
52778,284.75|440.05
52779,458.05|452.15
52780,418.55|343.9
52781,239.95|235.95
52782,363.85|435.85
52783,242.65|590.4
52784,344.05|293.1
52785,439.75|424.3
52786,460.15|325.55
52787,287.3|435.9
52788,228.65|406.2
52789,497.45|293.15
52790,489.95|346.85
52791,432.55|323.65
52792,455.1|472.5
52793,236.9|403.0
52794,318.6|351.5
52795,290.95|586.65
52796,561.25|372.1
52797,572.2|510.95
52798,447.15|539.45
52799,347.1|522.7
52800,218.55|578.7
52801,355.6|494.9
52802,532.45|496.95
52803,387.5|578.4
52804,290.5|536.5
52805,290.85|571.15
52806,256.7|221.4
52807,472.8|252.8
52808,228.3|252.7
52809,546.15|271.7
52810,471.1|359.05
52811,505.75|533.6
52812,582.4|359.1
52813,353.9|223.9
52814,268.6|434.6
52815,512.45|407.35
52816,393.85|561.35
52817,549.05|583.15
52818,578.35|356.7
52819,573.4|241.05
52820,252.85|529.8
52821,364.1|216.3
52822,574.15|265.3
52823,411.85|563.9
52824,464.95|445.9
52825,586.75|333.2
52826,242.15|330.45
52827,376.95|216.45
52828,560.3|442.65
52829,377.95|239.95
52830,269.25|307.95
52831,377.85|210.3
52832,354.35|579.0
52833,591.25|391.15
52834,393.5|461.2
52835,296.0|478.95
52836,557.35|246.9
52837,276.6|376.8
52838,209.45|226.05
52839,319.5|348.0
52840,238.0|485.5
52841,262.7|221.0
52842,245.05|375.75
52843,532.55|437.4
52844,491.85|492.9
52845,340.25|236.35
52846,281.9|363.3
52847,357.5|312.6
52848,425.55|337.95
52849,225.6|461.55
52850,589.25|571.9
52851,550.85|453.95
52852,268.55|401.8
52853,482.7|369.5
52854,229.4|478.75
52855,540.4|354.45
52856,463.5|285.55
52857,281.3|553.2
52858,422.3|466.95
52859,346.2|209.9
52860,272.8|464.4
52861,341.7|428.2
52862,594.3|290.3
52863,247.45|493.15
52864,466.4|540.25
52865,229.9|498.8
52866,527.1|231.7
52867,387.85|401.6
52868,230.05|465.05
52869,205.95|484.95
52870,265.65|589.0
52871,592.45|225.25
52872,354.1|477.35
52873,252.5|262.05
52874,582.3|521.3
52875,365.45|325.6
52876,279.15|330.8
52877,207.45|524.9
52878,279.3|533.05
52879,265.7|346.3
52880,276.25|531.5
52881,283.5|545.7
52882,479.05|497.05
52883,532.2|441.2
52884,361.25|247.6
52885,449.4|483.15
52886,403.25|573.05
52887,546.6|517.5
52888,435.75|254.95
52889,262.55|589.85
52890,548.6|297.25
52891,373.65|388.55
52892,539.25|545.45
52893,571.95|400.95
52894,567.9|563.25
52895,551.0|286.8
52896,579.65|451.5
52897,465.15|244.0
52898,512.85|547.7
52899,275.85|285.6
52900,268.55|425.15
52901,477.35|326.15
52902,591.95|557.55
52903,469.2|506.95
52904,213.15|230.65
52905,315.1|508.0
52906,529.15|449.65
52907,472.75|461.3
52908,497.25|290.4
52909,556.05|274.95
52910,424.55|457.0
52911,455.45|292.75
52912,263.45|243.45
52913,371.15|501.3
52914,301.8|339.5
52915,539.45|282.4
52916,552.2|522.5
52917,446.9|400.55
52918,278.9|560.5
52919,578.65|495.5
52920,595.6|552.8
52921,502.6|486.2
52922,319.05|368.0
52923,267.55|398.35
52924,525.35|273.9
52925,461.45|230.95
52926,405.9|252.5
52927,264.55|267.15
52928,337.6|421.55
52929,557.85|576.55
52930,541.05|545.35
52931,532.1|320.15
52932,361.65|273.55
52933,222.4|590.4
52934,584.65|567.75
52935,467.75|229.9
52936,232.3|426.1
52937,561.8|575.9
52938,219.25|258.65
52939,511.2|350.95
52940,561.55|518.2
52941,413.85|354.35
52942,448.2|563.55
52943,531.95|585.55
52944,386.2|530.45
52945,287.6|313.5
52946,395.75|262.25
52947,402.8|591.05
52948,425.75|317.85
52949,554.4|519.35
52950,463.45|345.35
52951,351.25|526.2
52952,221.95|478.0
52953,270.85|436.15
52954,528.55|585.45
52955,221.75|398.3
52956,234.3|360.4
52957,351.3|271.15
52958,439.9|569.65
52959,393.55|291.6
52960,394.4|284.05
52961,544.4|481.45
52962,429.65|254.8
52963,371.65|346.75
52964,578.05|493.6
52965,343.75|505.75
52966,252.85|383.35
52967,367.65|548.75
52968,213.3|243.6
52969,370.55|350.75
52970,211.45|586.55
52971,347.1|205.4
52972,547.3|559.45
52973,420.6|360.3
52974,305.3|416.3
52975,214.9|586.15
52976,440.95|477.1
52977,461.75|454.65
52978,486.8|281.2
52979,549.25|542.0
52980,463.6|513.7
52981,265.9|346.15
52982,470.8|441.6
52983,251.7|245.8
52984,328.5|256.6
52985,460.2|453.85
52986,369.85|274.7
52987,213.05|234.25
52988,433.75|583.85
52989,548.8|595.05
52990,363.65|259.25
52991,380.15|493.85
52992,424.6|377.55
52993,226.4|588.65
52994,215.1|455.95
52995,257.4|255.65
52996,345.8|347.9
52997,516.5|424.85
52998,544.75|244.4
52999,267.0|340.8
53000,587.35|495.6
53001,327.05|407.2
53002,534.85|246.2
53003,300.8|475.2
53004,441.1|480.45
53005,407.95|481.9
53006,206.85|302.55
53007,583.45|297.95
53008,366.9|281.2
53009,269.05|568.65
53010,459.7|387.75
53011,463.8|459.05
53012,425.0|270.85
53013,345.5|337.9
53014,351.55|533.45
53015,341.5|429.9
53016,354.15|514.85
53017,211.25|252.45
53018,404.95|243.85
53019,249.6|269.9
53020,576.3|220.25
53021,260.6|357.2
53022,413.3|490.4
53023,287.25|386.5
53024,575.15|315.0
53025,398.3|208.95
53026,406.35|584.1
53027,405.7|362.9
53028,579.05|453.8
53029,372.6|377.7
53030,405.45|574.75
53031,450.7|366.75
53032,472.2|246.3
53033,445.35|323.45
53034,211.05|389.55
53035,470.7|298.2
53036,334.95|374.8
53037,291.9|415.75
53038,563.4|270.1
53039,371.6|435.45
53040,544.1|264.6
53041,384.4|360.2
53042,341.85|234.55
53043,551.55|263.4
53044,205.2|250.2
53045,449.45|566.5
53046,561.1|493.8
53047,282.25|536.45
53048,452.15|208.75
53049,214.15|265.6
53050,531.2|298.05
53051,364.95|214.35
53052,465.4|360.85
53053,540.3|585.15
53054,535.35|336.55
53055,534.6|545.55
53056,345.25|225.5
53057,586.75|253.5
53058,369.4|353.0
53059,351.65|289.8
53060,334.2|334.55
53061,336.5|323.15
53062,336.2|419.8
53063,527.95|420.65
53064,233.75|479.35
53065,564.9|315.7
53066,574.85|568.1
53067,213.55|470.9
53068,228.55|343.75
53069,348.6|589.65
53070,589.8|218.15
53071,412.4|361.8
53072,243.75|288.65
53073,369.2|477.05
53074,274.35|288.6
53075,404.1|563.85
53076,423.55|394.05
53077,221.5|470.6
53078,245.6|213.55
53079,456.55|537.15
53080,412.05|358.45
53081,490.5|523.85
53082,453.65|511.8
53083,253.65|286.85
53084,571.5|312.5
53085,392.8|287.05
53086,357.15|299.1
53087,534.65|422.6
53088,231.9|466.8
53089,358.8|208.65
53090,552.15|348.3
53091,485.25|496.9
53092,304.5|380.2
53093,410.2|335.6
53094,320.4|391.4
53095,581.1|521.25
53096,390.6|262.1
53097,443.5|528.55
53098,361.3|435.85
53099,283.35|505.75
53100,320.35|328.4
53101,357.35|474.55
53102,438.8|275.3
53103,433.9|517.0
53104,392.9|306.8
53105,419.9|439.45
53106,207.45|487.3
53107,412.8|357.25
53108,248.75|371.25
53109,347.15|582.85
53110,426.85|586.85
53111,333.45|400.65
53112,208.0|299.0
53113,346.1|433.3
53114,222.85|435.2
53115,247.15|507.2
53116,224.75|458.7
53117,352.25|331.95
53118,212.4|484.9
53119,382.5|566.05
53120,385.8|493.1
53121,260.85|246.8
53122,240.4|433.55
53123,480.9|491.45
53124,380.1|368.3
53125,523.2|518.55
53126,452.0|589.25
53127,369.2|350.1
53128,417.85|340.1
53129,258.95|237.6
53130,361.95|390.7
53131,301.0|465.6
53132,364.0|328.75
53133,317.2|589.15
53134,584.2|371.95
53135,340.4|501.95
53136,222.3|493.4
53137,385.6|587.9
53138,319.45|314.4
53139,359.35|268.75
53140,406.35|296.15
53141,591.95|577.15
53142,347.15|552.45
53143,579.25|383.15
53144,524.85|538.5
53145,425.5|590.3
53146,586.7|222.25
53147,216.4|469.45
53148,562.85|265.6
53149,488.35|350.45
53150,275.55|327.25
53151,277.25|580.15
53152,213.25|299.25
53153,234.75|300.7
53154,425.8|251.85
53155,326.3|350.45
53156,282.1|280.35
53157,585.7|290.5
53158,403.95|586.55
53159,586.1|589.8
53160,433.2|221.95
53161,537.55|588.15
53162,540.2|500.0
53163,374.65|484.15
53164,490.0|417.45
53165,285.75|589.75
53166,535.2|517.55
53167,257.9|409.05
53168,394.65|265.95
53169,480.65|243.6
53170,450.95|590.65
53171,230.7|381.3
53172,277.15|420.1
53173,588.45|260.4
53174,264.15|266.8
53175,351.1|460.7
53176,578.75|510.45
53177,326.4|334.55
53178,489.45|422.7
53179,213.2|497.65
53180,344.85|501.45
53181,254.2|367.55
53182,281.55|395.6
53183,291.7|427.15
53184,456.3|542.8
53185,438.0|498.55
53186,227.25|488.2
53187,515.55|373.9
53188,460.9|389.95
53189,525.3|564.9
53190,265.85|572.3
53191,263.1|221.5
53192,241.7|285.45
53193,247.55|248.9
53194,340.35|290.75
53195,214.15|579.85
53196,215.5|234.5
53197,389.05|424.7
53198,511.6|482.6
53199,479.1|329.55
53200,554.05|229.75
53201,424.4|253.8
53202,571.75|398.8
53203,587.95|354.2
53204,340.75|253.2
53205,278.9|235.05
53206,511.75|545.65
53207,553.7|244.9
53208,478.95|511.9
53209,541.4|237.85
53210,438.35|386.65
53211,262.75|444.3
53212,256.85|213.3
53213,400.55|586.45
53214,575.6|212.05
53215,246.65|391.2
53216,382.0|366.25
53217,552.55|266.6
53218,563.35|262.7
53219,537.4|345.35
53220,589.25|442.2
53221,248.0|222.7
53222,224.85|321.05
53223,378.7|289.6
53224,573.3|588.85
53225,260.75|360.25
53226,469.35|335.75
53227,422.3|568.75
53228,398.0|484.15
53229,471.5|471.8
53230,262.35|576.8
53231,303.25|567.25
53232,258.7|546.55
53233,468.05|228.8
53234,264.35|407.1
53235,282.7|310.85
53236,508.4|482.8
53237,409.95|376.8
53238,306.25|342.95
53239,351.35|265.1
53240,266.9|405.4
53241,563.8|586.1
53242,381.75|270.25
53243,266.05|269.55
53244,516.6|308.15
53245,235.05|388.5
53246,243.85|549.3
53247,508.75|357.7
53248,385.4|515.35
53249,372.75|492.85
53250,563.1|474.05
53251,500.05|486.55
53252,592.05|270.05
53253,354.0|527.0
53254,359.5|481.9
53255,423.85|433.05
53256,583.15|450.6
53257,387.25|260.15
53258,276.6|308.7
53259,247.0|394.1
53260,429.4|305.65
53261,257.45|221.65
53262,339.75|267.3
53263,582.5|399.7
53264,377.75|453.55
53265,472.35|387.1
53266,564.55|465.3
53267,590.6|263.3
53268,295.7|371.75
53269,420.8|547.55
53270,407.8|451.85
53271,461.55|446.6
53272,591.95|347.5
53273,330.8|440.65
53274,347.4|451.25
53275,292.2|442.05
53276,436.6|525.6
53277,385.95|564.05
53278,212.3|585.6
53279,392.95|366.9
53280,271.95|454.1
53281,357.65|211.2
53282,372.65|283.7
53283,444.6|565.1
53284,577.8|354.55
53285,515.15|237.55
53286,403.05|395.2
53287,392.05|291.95
53288,354.45|559.1
53289,209.05|308.15
53290,546.0|283.15
53291,420.2|368.95
53292,546.8|525.8
53293,280.3|395.75
53294,224.35|407.4
53295,448.95|311.7
53296,555.8|541.4
53297,565.25|486.75
53298,454.3|395.9
53299,592.45|573.05
53300,267.8|357.9
53301,273.0|299.8
53302,344.1|332.55
53303,391.3|382.8
53304,400.75|251.1
53305,557.85|274.8
53306,450.6|307.35
53307,355.85|246.2
53308,417.2|362.5
53309,356.7|296.9
53310,371.15|383.95
53311,540.15|454.4
53312,235.85|432.6
53313,457.05|589.15
53314,405.3|568.55
53315,383.5|342.45
53316,564.05|543.0
53317,450.05|273.1
53318,405.5|509.6
53319,541.25|301.15
53320,455.95|549.6
53321,445.6|585.6
53322,358.35|366.6
53323,362.75|219.35
53324,424.7|548.55
53325,352.85|414.05
53326,364.1|594.7
53327,535.55|564.2
53328,235.55|216.3
53329,558.15|543.15
53330,404.2|254.35
53331,367.15|345.55
53332,219.3|275.4
53333,369.1|283.55
53334,407.3|479.4
53335,259.2|516.25
53336,210.4|261.4
53337,446.75|493.9
53338,215.55|292.0
53339,216.7|413.85
53340,557.2|243.45
53341,474.05|574.45
53342,246.45|484.7
53343,411.8|506.55
53344,352.3|326.0
53345,402.15|443.45
53346,515.3|502.85
53347,210.55|588.1
53348,513.9|491.3
53349,286.6|243.9
53350,536.4|489.35
53351,398.85|381.6
53352,240.25|465.15
53353,567.75|567.5
53354,260.45|358.9
53355,424.7|311.4
53356,273.8|529.15
53357,462.4|241.05
53358,205.5|492.65
53359,527.8|348.0
53360,363.2|577.25
53361,274.95|242.3
53362,208.9|256.35
53363,540.95|366.85
53364,254.75|371.35
53365,210.5|586.9
53366,488.2|488.45
53367,286.15|319.5
53368,241.1|446.65
53369,347.5|328.75
53370,306.6|336.6
53371,228.45|539.65
53372,260.5|579.5
53373,549.55|536.4
53374,489.85|513.55
53375,347.65|303.1
53376,581.8|388.05
53377,552.6|545.7
53378,463.15|345.75
53379,214.2|547.2
53380,580.25|460.2
53381,417.3|403.65
53382,213.15|537.1
53383,491.75|353.5
53384,497.25|230.0
53385,549.45|322.25
53386,223.0|241.65
53387,363.0|523.0
53388,401.95|305.3
53389,222.1|520.3
53390,445.1|266.5
53391,259.75|386.25
53392,268.75|431.5
53393,370.95|562.3
53394,344.8|399.8
53395,356.55|588.95
53396,402.3|428.0
53397,433.3|545.55
53398,579.65|226.05
53399,423.5|504.7
53400,240.25|266.6
53401,544.35|547.1
53402,451.95|588.85
53403,267.2|288.05
53404,237.3|251.3
53405,220.75|315.5
53406,548.35|260.3
53407,394.0|374.85
53408,486.45|218.85
53409,547.45|337.9
53410,570.3|289.95
53411,271.8|367.75
53412,277.6|268.1
53413,215.3|311.8
53414,289.2|416.7
53415,271.7|542.2
53416,392.2|306.6
53417,569.05|537.6
53418,229.55|578.8
53419,425.15|489.45
53420,536.05|231.25
53421,306.8|393.8
53422,363.35|208.3
53423,382.7|272.4
53424,362.15|277.95
53425,516.8|445.55
53426,348.3|495.85
53427,492.8|554.85
53428,262.5|492.95
53429,250.7|383.05
53430,233.35|265.55
53431,438.3|210.0
53432,476.15|494.7
53433,591.1|579.6
53434,238.85|465.75
53435,523.3|326.0
53436,401.3|576.05
53437,270.9|538.9
53438,370.75|345.5
53439,560.4|466.85
53440,442.8|395.9
53441,348.1|410.4
53442,369.3|586.75
53443,444.2|453.8
53444,434.05|298.7
53445,470.25|434.45
53446,356.5|244.3
53447,304.85|386.9
53448,424.25|348.15
53449,422.2|319.45
53450,521.0|343.4
53451,293.85|587.45
53452,590.25|560.75
53453,440.55|461.15
53454,378.2|423.6
53455,286.85|350.1
53456,261.45|363.25
53457,401.5|567.7
53458,574.3|488.15
53459,398.6|314.95
53460,217.45|311.35
53461,275.9|282.35
53462,489.6|346.25
53463,305.2|502.65
53464,343.3|236.2
53465,234.75|338.3
53466,396.05|346.2
53467,549.2|236.9
53468,238.25|410.65
53469,312.25|365.35
53470,473.25|470.0
53471,388.0|558.55
53472,546.65|335.15
53473,585.55|365.05
53474,216.65|416.4
53475,299.5|509.15
53476,466.95|424.8
53477,559.8|279.8
53478,409.9|554.85
53479,351.95|448.2
53480,451.85|233.95
53481,332.4|525.35
53482,294.95|382.4
53483,281.05|399.2
53484,468.85|219.75
53485,527.2|506.15
53486,234.5|283.6
53487,289.4|293.15
53488,396.55|283.15
53489,221.0|508.35
53490,593.2|435.1
53491,384.25|266.55
53492,269.85|331.0
53493,414.05|226.8
53494,581.55|551.1
53495,400.65|376.85
53496,426.85|453.65
53497,512.5|318.35
53498,523.0|502.1
53499,225.45|215.85
53500,399.55|333.3
53501,561.5|277.75
53502,529.9|568.3
53503,322.5|409.0
53504,292.65|419.8
53505,231.15|513.95
53506,238.75|546.15
53507,450.2|297.75
53508,390.7|451.8
53509,577.95|544.7
53510,549.35|581.0
53511,302.9|283.55
53512,415.0|502.8
53513,584.2|440.65
53514,570.25|330.6
53515,453.25|443.05
53516,274.55|304.5
53517,444.75|512.25
53518,548.75|305.5
53519,253.9|560.1
53520,386.2|228.2
53521,241.4|407.5
53522,469.95|300.5
53523,495.65|479.8
53524,542.15|516.05
53525,239.1|259.15
53526,566.3|228.0
53527,556.6|290.7
53528,561.6|384.35
53529,370.1|214.2
53530,411.05|233.35
53531,292.65|412.6
53532,250.0|448.0
53533,262.45|578.9
53534,410.85|549.15
53535,582.4|565.45
53536,230.25|283.1
53537,379.65|457.05
53538,561.5|492.65
53539,465.6|277.7
53540,238.0|545.2
53541,375.25|229.5
53542,302.35|581.65
53543,372.7|486.0
53544,408.25|541.7
53545,384.85|557.9
53546,410.05|425.35
53547,382.05|576.3
53548,391.75|445.8
53549,532.2|501.5
53550,565.05|348.5
53551,517.75|372.05
53552,254.1|282.6
53553,251.7|273.8
53554,362.8|274.1
53555,255.7|210.25
53556,426.45|376.3
53557,431.2|292.55
53558,384.75|322.3
53559,301.75|383.3
53560,378.65|492.6
53561,512.6|496.15
53562,384.6|283.05
53563,535.15|512.9
53564,213.45|242.3
53565,264.95|235.9
53566,412.55|229.6
53567,210.95|229.75
53568,563.75|457.55
53569,594.1|291.95
53570,213.55|548.4
53571,402.85|358.45
53572,285.0|335.1
53573,253.95|578.45
53574,244.3|299.6
53575,563.4|561.65
53576,475.2|516.9
53577,460.25|243.35
53578,219.7|575.3
53579,287.05|295.75
53580,430.25|236.55
53581,221.7|420.1
53582,227.2|517.1
53583,465.1|297.4
53584,339.5|352.0
53585,555.1|440.9
53586,439.9|326.15
53587,590.3|423.0
53588,234.95|348.85
53589,248.7|220.15
53590,445.35|494.2
53591,469.1|513.3
53592,586.05|524.05
53593,580.9|533.5
53594,428.35|386.95
53595,549.3|293.6
53596,206.65|241.8
53597,410.4|527.2
53598,538.55|478.3
53599,589.25|272.9
53600,342.15|423.35
53601,252.25|398.35
53602,452.4|444.7
53603,417.6|250.9
53604,283.55|373.55
53605,549.5|584.65
53606,575.8|451.85
53607,505.65|347.85
53608,203.5|501.9
53609,348.35|354.95
53610,289.35|587.9
53611,553.55|525.3
53612,398.4|220.7
53613,256.4|225.1
53614,312.65|364.0
53615,576.8|298.05
53616,319.8|357.85
53617,291.0|341.55
53618,451.3|577.4
53619,577.25|340.9
53620,411.2|593.3
53621,230.4|305.0
53622,560.6|559.3
53623,359.05|576.25
53624,445.0|583.85
53625,499.9|527.25
53626,383.35|593.45
53627,436.35|218.35
53628,578.65|447.75
53629,556.05|585.8
53630,440.0|463.5
53631,209.3|318.1
53632,274.9|347.45
53633,579.95|362.9
53634,442.6|557.2
53635,483.5|349.2
53636,305.4|276.5
53637,426.3|588.4
53638,235.9|226.4
53639,253.0|582.55
53640,422.45|572.3
53641,591.4|396.7
53642,576.25|403.85
53643,399.2|499.0
53644,477.8|347.45
53645,587.45|325.85
53646,311.1|329.45
53647,546.5|331.2
53648,560.6|452.75
53649,577.45|275.9
53650,456.6|516.6
53651,241.7|249.85
53652,481.55|404.35
53653,270.65|407.8
53654,510.7|465.5
53655,394.55|409.75
53656,415.7|323.5
53657,417.0|342.6
53658,540.8|253.45
53659,552.15|349.65
53660,246.2|468.8
53661,284.8|586.8
53662,469.15|332.2
53663,376.6|329.45
53664,558.0|416.85
53665,280.65|370.9
53666,347.65|554.4
53667,258.85|562.85
53668,207.2|328.55
53669,405.6|473.8
53670,481.15|288.65
53671,455.75|231.35
53672,473.25|452.2
53673,495.15|230.85
53674,332.8|331.45
53675,409.25|543.2
53676,365.7|336.5
53677,379.15|278.45
53678,400.5|214.5
53679,489.15|454.95
53680,544.8|588.45
53681,548.85|525.1
53682,547.5|234.05
53683,232.8|219.0
53684,449.0|519.05
53685,399.05|489.1
53686,400.35|507.65
53687,547.3|347.55
53688,447.05|265.45
53689,423.45|304.55
53690,380.8|354.25
53691,504.8|515.4
53692,532.6|566.2
53693,451.15|388.3
53694,517.45|539.25
53695,457.45|582.0
53696,413.5|267.85
53697,304.9|427.85
53698,474.25|310.2
53699,421.75|581.3
53700,268.25|577.2
53701,342.95|579.65
53702,404.8|319.0
53703,501.85|413.4
53704,433.35|376.0
53705,245.25|492.1
53706,408.95|508.25
53707,443.3|425.4
53708,441.4|375.3
53709,478.25|334.3
53710,575.55|482.35
53711,454.45|530.9
53712,225.05|375.25
53713,586.5|483.15
53714,379.4|360.45
53715,561.7|343.1
53716,483.75|542.65
53717,300.75|459.0
53718,426.45|552.8
53719,224.35|414.7
53720,423.45|251.65
53721,304.9|402.95
53722,343.85|335.2
53723,409.95|290.2
53724,592.4|426.5
53725,411.4|401.4
53726,590.3|277.35
53727,280.0|553.25
53728,451.2|565.55
53729,535.4|539.35
53730,353.2|366.0
53731,271.7|271.4
53732,204.85|506.65
53733,581.35|584.0
53734,419.5|358.35
53735,439.3|547.95
53736,267.55|277.75
53737,384.3|387.8
53738,588.3|340.9
53739,466.7|446.9
53740,591.2|271.7
53741,580.15|268.2
53742,211.05|570.8
53743,398.35|236.3
53744,392.0|278.35
53745,214.3|376.15
53746,228.35|485.2
53747,344.4|522.9
53748,584.9|513.2
53749,361.25|583.5
53750,438.45|451.8
53751,216.15|584.65
53752,239.45|333.65
53753,559.65|370.25
53754,282.9|388.8
53755,585.5|549.6
53756,475.85|342.0
53757,251.85|439.3
53758,463.9|521.9
53759,380.6|249.35
53760,502.25|508.45
53761,557.65|451.95
53762,504.6|377.0
53763,225.85|498.15
53764,330.9|409.2
53765,353.95|377.6
53766,541.0|433.35
53767,283.8|449.35
53768,371.55|285.0
53769,532.75|310.7
53770,250.9|443.95
53771,471.45|454.2
53772,396.4|545.35
53773,576.8|475.3
53774,522.2|333.0
53775,433.25|450.5
53776,429.75|383.6
53777,224.2|471.1
53778,277.4|232.1
53779,279.0|369.65
53780,577.35|242.75
53781,447.45|218.75
53782,431.6|450.2
53783,427.9|497.75
53784,258.6|552.25
53785,228.7|532.7
53786,248.5|277.25
53787,590.6|424.9
53788,566.75|233.5
53789,253.95|513.0
53790,207.4|578.85
53791,584.75|357.05
53792,259.6|338.55
53793,531.2|515.35
53794,538.95|441.9
53795,364.9|218.55
53796,302.75|401.85
53797,526.75|417.7
53798,348.05|234.9
53799,289.3|451.2
53800,456.75|324.7
53801,531.05|412.55
53802,559.05|221.9
53803,340.7|259.65
53804,420.1|487.45
53805,351.8|577.45
53806,544.0|581.35
53807,219.85|415.85
53808,461.25|259.5
53809,217.45|404.0
53810,320.85|410.55
53811,312.75|307.7
53812,210.8|327.05
53813,364.8|249.05
53814,289.85|538.0
53815,225.2|532.85
53816,230.05|411.45
53817,316.25|236.45
53818,272.65|333.9
53819,564.75|225.8
53820,214.3|586.95
53821,390.15|580.95
53822,471.95|514.8
53823,358.65|594.2
53824,414.65|297.55
53825,247.45|553.9
53826,400.75|336.5
53827,371.05|233.6
53828,253.8|577.05
53829,247.9|559.65
53830,576.85|498.2
53831,263.75|296.05
53832,549.4|508.15
53833,441.1|461.5
53834,444.5|306.5
53835,437.2|223.75
53836,351.45|423.25
53837,259.5|363.2
53838,589.3|478.4
53839,579.45|217.55
53840,534.65|535.4
53841,442.4|306.25
53842,470.5|470.55
53843,351.95|207.75
53844,236.0|234.0
53845,406.95|519.9
53846,367.4|451.1
53847,435.0|562.6
53848,295.9|558.2
53849,532.7|572.0
53850,449.0|362.25
53851,227.1|284.2
53852,550.15|321.45
53853,467.4|260.65
53854,459.95|476.15
53855,354.65|336.8
53856,212.2|320.05
53857,437.65|343.0
53858,540.4|330.35
53859,525.2|543.35
53860,220.55|472.75
53861,262.35|273.75
53862,456.15|544.15
53863,269.45|357.1
53864,223.95|456.3
53865,203.8|506.0
53866,270.75|242.65
53867,387.45|296.1
53868,575.8|456.15
53869,383.25|537.7
53870,392.3|570.85
53871,241.15|571.2
53872,490.85|436.8
53873,380.4|396.4
53874,225.8|268.15
53875,390.8|366.65
53876,559.4|305.3
53877,240.1|496.85
53878,556.7|544.05
53879,371.25|260.9
53880,214.2|578.8
53881,214.5|387.8
53882,389.0|252.6
53883,365.2|449.95
53884,550.2|515.8
53885,267.9|274.9
53886,327.0|255.6
53887,432.35|289.5
53888,483.75|234.0
53889,328.6|280.4
53890,549.55|453.3
53891,379.5|249.7
53892,353.05|563.55
53893,243.6|388.85
53894,515.05|494.85
53895,393.45|300.0
53896,568.85|590.9
53897,355.1|427.15
53898,433.8|578.65
53899,396.15|234.5
53900,385.5|478.45
53901,495.85|491.6
53902,358.8|289.75
53903,284.85|440.05
53904,398.05|556.05
53905,208.15|525.5
53906,523.55|512.45
53907,442.3|327.0
53908,439.65|471.5
53909,291.0|539.3
53910,209.95|455.4
53911,314.0|359.65
53912,295.25|352.4
53913,528.85|555.15
53914,419.55|369.55
53915,534.95|523.85
53916,344.2|336.6
53917,216.15|586.15
53918,438.35|447.8
53919,520.95|427.25
53920,301.45|395.45
53921,460.7|533.4
53922,221.6|538.75
53923,543.05|338.2
53924,365.1|560.6
53925,478.4|501.6
53926,315.1|322.6
53927,380.15|592.6
53928,504.05|474.1
53929,398.85|595.45
53930,433.4|441.9
53931,220.4|289.4
53932,273.2|380.7
53933,404.15|338.65
53934,417.05|235.9
53935,272.05|588.1
53936,387.2|424.15
53937,590.4|583.6
53938,229.5|491.6
53939,245.5|279.8
53940,206.6|583.65
53941,452.8|586.15
53942,212.2|556.65
53943,210.85|331.25
53944,287.6|409.2
53945,591.65|572.65
53946,462.4|217.6
53947,462.0|362.9
53948,469.9|537.65
53949,280.95|498.55
53950,557.3|273.05
53951,546.4|541.0
53952,407.4|261.0
53953,458.3|347.4
53954,464.55|454.45
53955,402.25|541.95
53956,580.8|215.7
53957,480.0|299.45
53958,213.25|395.75
53959,312.65|460.35
53960,227.6|470.0
53961,465.45|447.6
53962,472.45|431.95
53963,211.7|537.6
53964,362.75|591.7
53965,379.1|376.9
53966,280.9|264.6
53967,404.3|273.45
53968,265.9|547.2
53969,585.7|346.9
53970,589.8|365.4
53971,412.1|227.45
53972,408.45|384.75
53973,592.8|401.3
53974,539.25|513.25
53975,345.6|241.75
53976,513.8|521.25
53977,569.85|240.65
53978,216.05|588.25
53979,294.25|389.05
53980,384.7|367.6
53981,375.6|588.15
53982,350.55|494.25
53983,259.7|562.4
53984,415.05|332.4
53985,457.15|381.75
53986,383.1|279.85
53987,506.1|480.5
53988,212.55|571.95
53989,304.55|352.6
53990,338.0|242.6
53991,531.35|416.15
53992,432.2|504.35
53993,406.45|576.0
53994,345.75|387.1
53995,215.6|285.45
53996,274.0|432.85
53997,385.15|588.8
53998,328.65|568.25
53999,416.1|588.95
54000,264.7|223.75
54001,234.45|442.9
54002,412.25|595.05
54003,545.85|464.8
54004,412.25|388.85
54005,365.25|570.7
54006,436.85|556.8
54007,550.15|455.05
54008,545.5|258.7
54009,236.9|229.7
54010,284.5|436.75
54011,376.25|237.45
54012,439.7|486.45
54013,368.05|253.05
54014,429.0|409.85
54015,538.7|371.65
54016,354.3|217.85
54017,260.7|565.9
54018,417.85|566.6
54019,455.9|257.35
54020,593.55|410.95
54021,458.25|507.2
54022,390.4|253.15
54023,228.6|585.55
54024,463.75|221.7
54025,228.9|304.5
54026,328.7|313.7
54027,382.45|572.6
54028,491.65|353.4
54029,341.1|325.4
54030,573.95|246.8
54031,593.0|345.45
54032,352.9|555.7
54033,399.0|461.75
54034,365.0|258.75
54035,299.7|326.2
54036,456.4|507.5
54037,228.4|262.4
54038,400.25|568.5
54039,533.3|267.4
54040,266.85|559.3
54041,428.05|575.9
54042,348.45|529.35
54043,460.65|391.95
54044,255.5|549.95
54045,430.95|556.25
54046,214.4|248.7
54047,561.2|353.55
54048,406.15|233.6
54049,338.8|219.75
54050,404.7|384.25
54051,531.2|533.4
54052,432.4|208.05
54053,446.55|303.1
54054,550.35|336.95
54055,272.4|427.35
54056,444.65|430.0
54057,245.9|441.35
54058,343.65|548.25
54059,353.8|310.55
54060,446.7|418.5
54061,241.95|358.7
54062,592.7|416.3
54063,528.95|371.45
54064,388.05|548.7
54065,465.7|239.3
54066,258.85|360.5
54067,556.5|234.05
54068,526.5|535.05
54069,371.8|594.35
54070,585.9|567.45
54071,226.3|364.65
54072,441.4|459.0
54073,339.85|379.65
54074,533.55|339.6
54075,363.7|215.35
54076,286.0|571.9
54077,442.85|370.95
54078,393.1|289.65
54079,394.35|473.35
54080,398.95|374.9
54081,217.85|566.9
54082,557.85|406.5
54083,566.35|219.8
54084,285.6|439.25
54085,212.85|588.4
54086,589.9|417.8
54087,372.35|379.2
54088,279.65|429.65
54089,584.35|503.55
54090,214.1|404.6
54091,473.05|430.3
54092,353.5|418.6
54093,553.1|514.55
54094,343.15|329.25
54095,471.15|304.15
54096,543.3|511.0
54097,231.8|240.4
54098,212.35|244.95
54099,426.8|572.2
54100,421.3|208.1
54101,361.2|389.55
54102,411.95|575.15
54103,568.05|519.9
54104,390.4|465.1
54105,219.55|583.1
54106,393.8|565.35
54107,233.75|484.45
54108,350.0|229.2
54109,525.9|550.0
54110,349.1|339.05
54111,474.25|504.75
54112,535.35|568.4
54113,543.75|296.25
54114,231.75|478.35
54115,454.2|460.05
54116,273.1|493.4
54117,457.6|569.1
54118,208.95|261.1
54119,554.15|235.3
54120,543.35|529.7
54121,472.65|276.65
54122,345.55|220.15
54123,208.7|468.4
54124,346.55|340.25
54125,438.3|394.65
54126,562.0|490.75
54127,586.45|561.85
54128,454.65|440.3
54129,361.6|334.15
54130,427.55|565.45
54131,461.85|557.05
54132,585.55|215.75
54133,216.3|578.7
54134,537.45|241.75
54135,260.6|481.65
54136,229.9|418.35
54137,274.75|473.4
54138,402.05|559.3
54139,565.4|236.8
54140,588.85|421.25
54141,332.75|411.05
54142,549.8|262.9
54143,237.2|335.95
54144,412.9|338.65
54145,248.65|287.5
54146,436.6|241.1
54147,207.35|501.4
54148,423.75|472.1
54149,587.9|258.5
54150,217.6|289.55
54151,410.65|457.2
54152,392.45|431.55
54153,351.35|594.15
54154,554.15|335.5
54155,494.15|484.15
54156,342.85|523.65
54157,248.6|548.2
54158,509.3|476.4
54159,549.95|256.7
54160,278.25|352.65
54161,420.85|486.0
54162,389.55|351.55
54163,228.5|538.75
54164,291.4|313.5
54165,414.4|496.2
54166,240.7|274.9
54167,594.5|541.1
54168,410.25|367.8
54169,268.25|271.35
54170,357.3|319.4
54171,543.35|483.5
54172,433.8|416.25
54173,340.0|416.8
54174,208.95|482.1
54175,236.75|400.3
54176,499.0|264.8
54177,445.2|576.85
54178,358.7|497.85
54179,229.9|515.65
54180,363.0|346.45
54181,483.35|269.3
54182,527.85|357.1
54183,410.1|578.5
54184,254.4|481.45
54185,369.7|399.85
54186,540.85|534.75
54187,453.35|566.25
54188,444.3|379.25
54189,464.1|517.15
54190,448.2|320.65
54191,504.55|525.85
54192,358.8|596.3
54193,226.7|476.1
54194,530.2|437.6
54195,591.55|280.65
54196,216.7|374.6
54197,211.05|549.0
54198,572.3|439.35
54199,261.4|273.4
54200,465.35|567.7
54201,234.4|398.1
54202,443.05|253.8
54203,266.1|501.15
54204,540.65|551.3
54205,559.15|561.8
54206,482.75|362.35
54207,323.65|360.05
54208,474.9|434.95
54209,443.9|513.85
54210,412.0|535.1
54211,239.25|309.5
54212,461.45|454.8
54213,431.2|354.55
54214,484.05|285.45
54215,257.6|483.4
54216,557.65|299.8
54217,288.7|490.65
54218,253.3|428.25
54219,452.35|386.8
54220,389.95|215.5
54221,284.1|326.1
54222,282.85|260.45
54223,258.4|577.9
54224,361.75|394.5
54225,375.0|459.6
54226,232.5|389.6
54227,553.6|296.65
54228,211.15|584.4
54229,586.45|572.8
54230,241.4|573.95
54231,439.9|340.1
54232,433.6|527.0
54233,456.3|519.7
54234,582.05|226.05
54235,301.05|286.05
54236,227.05|520.75
54237,415.8|552.9
54238,208.85|478.45
54239,264.35|212.3
54240,215.8|260.15
54241,578.45|362.95
54242,455.65|222.45
54243,475.6|469.65
54244,545.85|232.85
54245,414.2|235.8
54246,342.35|534.75
54247,210.8|510.95
54248,572.75|219.4
54249,341.5|411.9
54250,559.25|518.1
54251,337.75|244.85
54252,328.05|362.45
54253,275.2|394.85
54254,362.75|585.5
54255,348.3|430.3
54256,568.9|269.35
54257,426.35|553.5
54258,495.3|456.55
54259,381.15|311.6
54260,541.85|299.75
54261,441.2|467.0
54262,348.8|302.7
54263,284.05|406.6
54264,590.25|447.55
54265,286.75|424.3
54266,357.85|356.5
54267,434.0|391.8
54268,570.2|419.55
54269,349.55|548.45
54270,379.15|589.95
54271,453.3|587.35
54272,486.75|340.15
54273,495.9|317.35
54274,356.45|557.65
54275,394.1|371.25
54276,288.15|412.15
54277,570.65|305.65
54278,261.7|556.5
54279,594.15|367.85
54280,319.6|352.55
54281,220.8|523.5
54282,454.55|569.55
54283,217.8|267.7
54284,571.1|453.75
54285,583.9|502.65
54286,436.85|551.75
54287,393.8|513.35
54288,320.8|423.05
54289,471.25|455.8
54290,246.7|355.25
54291,268.35|242.45
54292,465.25|275.2
54293,463.4|469.9
54294,485.45|464.5
54295,333.9|242.9
54296,447.25|395.1
54297,253.45|391.5
54298,303.8|443.35
54299,579.25|404.75
54300,296.45|376.9
54301,245.0|575.05
54302,399.95|529.5
54303,519.7|412.0
54304,580.05|359.7
54305,267.25|376.6
54306,228.75|577.1
54307,250.3|280.15
54308,389.05|579.95
54309,386.35|502.15
54310,590.7|278.75
54311,405.65|572.95
54312,464.25|418.3
54313,589.8|511.05
54314,265.15|397.95
54315,347.05|313.65
54316,331.8|227.9
54317,238.25|381.5
54318,529.8|509.1
54319,421.95|402.7
54320,366.05|409.2
54321,456.25|393.0
54322,572.45|592.7
54323,473.05|347.35
54324,367.3|255.25
54325,283.3|589.85
54326,445.75|514.95
54327,438.5|414.5
54328,292.5|329.55
54329,365.95|575.25
54330,582.65|261.85
54331,277.0|338.1
54332,478.15|300.05
54333,465.85|525.35
54334,248.15|536.4
54335,520.4|450.45
54336,219.25|247.1
54337,404.45|345.4
54338,253.6|319.45
54339,443.35|541.95
54340,349.05|358.2
54341,262.45|307.95
54342,392.6|584.8
54343,562.35|519.45
54344,544.65|487.9
54345,349.35|586.25
54346,550.3|543.5
54347,267.6|340.05
54348,234.15|347.5
54349,367.35|494.1
54350,427.85|349.95
54351,501.35|447.45
54352,582.8|311.45
54353,205.65|514.15
54354,270.55|252.3
54355,517.3|455.25
54356,535.4|289.0
54357,344.45|214.25
54358,476.25|312.3
54359,576.8|282.25
54360,532.25|338.4
54361,250.5|551.15
54362,244.0|426.95
54363,572.4|442.9
54364,377.35|317.75
54365,418.0|326.9
54366,357.4|500.9
54367,238.5|576.95
54368,260.35|410.65
54369,580.6|365.45
54370,524.45|295.2
54371,279.35|544.4
54372,404.65|584.35
54373,564.7|229.25
54374,502.05|566.35
54375,356.85|553.4
54376,400.6|382.55
54377,580.75|523.95
54378,583.4|588.6
54379,205.45|401.25
54380,260.5|543.6
54381,522.4|292.15
54382,347.2|312.05
54383,569.4|249.55
54384,389.75|313.3
54385,421.4|571.4
54386,450.45|421.9
54387,535.15|511.85
54388,263.1|560.05
54389,402.6|284.95
54390,414.0|579.1
54391,584.15|523.65
54392,576.3|306.5
54393,250.85|292.4
54394,348.05|297.1
54395,486.35|225.5
54396,480.15|231.7
54397,436.15|423.45
54398,346.25|504.4
54399,290.25|425.95
54400,547.9|446.7
54401,531.3|481.8
54402,225.9|328.85
54403,582.4|355.85
54404,402.15|256.35
54405,581.1|431.9
54406,433.6|492.35
54407,353.2|340.0
54408,558.75|432.55
54409,258.25|595.5
54410,347.85|541.4
54411,223.15|364.25
54412,463.25|237.3
54413,458.6|411.75
54414,386.75|574.25
54415,353.35|378.05
54416,215.55|250.75
54417,251.2|423.15
54418,449.6|465.3
54419,459.55|552.0
54420,430.7|296.7
54421,529.3|423.1
54422,572.35|249.9
54423,545.1|553.9
54424,222.45|563.2
54425,534.2|439.4
54426,344.3|338.0
54427,463.15|231.45
54428,588.65|480.2
54429,445.65|524.45
54430,501.55|515.45
54431,459.7|222.1
54432,519.75|454.7
54433,587.2|565.25
54434,463.6|382.5
54435,415.5|530.95
54436,245.65|429.85
54437,558.2|318.3
54438,264.3|439.35
54439,557.05|274.2
54440,473.85|419.6
54441,252.65|482.6
54442,418.0|547.95
54443,467.65|330.2
54444,552.15|545.15
54445,463.8|505.15
54446,412.75|371.85
54447,584.8|497.55
54448,433.8|387.1
54449,555.35|262.2
54450,416.5|372.95
54451,242.5|580.8
54452,436.45|417.5
54453,400.15|572.95
54454,215.05|536.7
54455,379.1|263.1
54456,246.6|532.6
54457,276.55|328.0
54458,380.15|580.9
54459,359.5|508.4
54460,217.8|310.3
54461,459.2|408.3
54462,245.7|541.95
54463,557.8|416.0
54464,516.05|349.3
54465,352.25|298.35
54466,572.05|302.8
54467,460.5|400.5
54468,231.0|245.8
54469,431.2|387.8
54470,589.45|471.25
54471,488.4|364.15
54472,549.75|381.25
54473,264.75|371.6
54474,593.0|420.95
54475,229.25|457.85
54476,278.45|576.45
54477,394.05|424.25
54478,571.9|363.05
54479,574.55|439.4
54480,461.8|414.65
54481,395.15|474.6
54482,533.9|584.5
54483,471.25|260.7
54484,587.85|391.75
54485,590.15|396.1
54486,364.5|293.45
54487,551.25|454.7
54488,591.05|589.8
54489,249.8|286.25
54490,443.3|433.1
54491,238.85|441.7
54492,504.95|480.25
54493,456.75|453.6
54494,308.7|532.4
54495,290.5|336.55
54496,584.4|551.4
54497,287.35|328.8
54498,555.95|548.2
54499,378.45|486.75
54500,380.25|486.8
54501,585.3|572.25
54502,278.0|334.15
54503,471.75|224.85
54504,240.2|480.3
54505,475.95|284.45
54506,426.35|502.65
54507,263.3|229.75
54508,563.15|581.4
54509,388.35|509.9
54510,437.6|346.2
54511,421.95|320.15
54512,446.4|580.9
54513,279.3|512.05
54514,265.5|588.6
54515,214.35|507.8
54516,363.55|589.25
54517,317.7|434.45
54518,451.9|267.15
54519,429.95|451.0
54520,333.2|576.4
54521,446.2|551.55
54522,402.9|493.4
54523,389.7|265.75
54524,272.5|401.6
54525,376.25|495.75
54526,472.3|276.15
54527,434.75|391.05
54528,354.0|329.25
54529,353.95|355.35
54530,371.85|487.85
54531,381.6|592.35
54532,359.2|336.1
54533,218.55|314.9
54534,582.2|520.9
54535,538.3|345.95
54536,333.0|339.25
54537,210.85|392.75
54538,343.15|590.1
54539,467.95|460.55
54540,568.0|532.35
54541,407.8|318.9
54542,357.5|379.15
54543,213.25|460.15
54544,543.3|524.6
54545,584.75|357.4
54546,448.2|455.8
54547,359.55|506.9
54548,232.3|231.7
54549,422.2|406.65
54550,347.6|458.85
54551,451.5|266.6
54552,402.2|511.65
54553,384.3|292.85
54554,279.85|586.1
54555,280.45|439.25
54556,402.9|472.55
54557,547.9|263.8
54558,241.2|567.0
54559,250.4|456.25
54560,357.85|567.3
54561,518.4|308.3
54562,473.95|429.0
54563,362.8|393.15
54564,450.75|453.0
54565,359.3|209.55
54566,432.65|536.3
54567,292.25|462.35
54568,584.3|546.4
54569,366.05|277.3
54570,209.1|333.35
54571,461.55|402.05
54572,364.25|446.0
54573,304.3|563.45
54574,526.75|447.6
54575,215.6|438.55
54576,361.2|334.4
54577,458.75|398.9
54578,483.1|242.95
54579,578.15|327.1
54580,385.45|581.95
54581,461.6|549.4
54582,240.75|429.25
54583,254.65|477.55
54584,338.25|546.75
54585,461.55|460.9
54586,350.15|373.85
54587,465.1|548.8
54588,465.25|460.35
54589,527.1|342.9
54590,557.8|309.5
54591,279.9|370.25
54592,587.3|268.7
54593,571.5|212.75
54594,275.9|535.95
54595,577.35|426.4
54596,271.8|289.15
54597,588.55|340.0
54598,447.25|238.4
54599,247.05|406.6
54600,446.65|549.85
54601,290.25|553.0
54602,280.25|291.6
54603,271.3|437.3
54604,334.45|346.55
54605,369.25|388.55
54606,476.05|324.95
54607,380.3|250.9
54608,354.65|552.5
54609,270.4|552.15
54610,558.9|587.35
54611,255.6|248.7
54612,536.2|252.1
54613,282.0|399.55
54614,346.55|436.2
54615,541.4|470.85
54616,570.3|393.15
54617,340.8|559.5
54618,442.85|450.95
54619,407.45|358.9
54620,266.95|513.65
54621,361.0|253.85
54622,356.0|588.35
54623,244.8|565.45
54624,490.5|216.25
54625,395.95|495.05
54626,324.65|482.8
54627,356.45|541.6
54628,262.1|345.4
54629,572.0|455.6
54630,533.65|380.5
54631,283.05|563.55
54632,594.45|591.5
54633,344.9|332.25
54634,419.0|385.75
54635,373.15|518.3
54636,509.2|354.2
54637,344.9|502.8
54638,585.75|546.75
54639,577.9|476.55
54640,346.55|556.1
54641,521.45|376.25
54642,412.2|591.85
54643,578.6|586.45
54644,288.5|537.8
54645,348.95|448.65
54646,341.15|214.25
54647,539.4|522.15
54648,235.75|371.4
54649,265.15|425.5
54650,250.7|398.75
54651,408.65|469.75
54652,448.55|531.05
54653,225.1|565.1
54654,273.15|377.7
54655,438.55|536.25
54656,282.05|414.85
54657,393.5|391.55
54658,237.05|431.1
54659,344.2|207.9
54660,583.45|292.05
54661,318.2|354.55
54662,590.9|361.55
54663,234.8|228.2
54664,286.9|490.5
54665,366.0|258.0
54666,568.75|550.75
54667,348.6|430.85
54668,572.45|462.4
54669,242.2|505.3
54670,359.0|569.1
54671,273.0|587.95
54672,521.65|437.45
54673,346.8|271.35
54674,453.8|359.3
54675,413.15|561.35
54676,268.45|211.75
54677,275.0|280.95
54678,213.5|418.0
54679,438.95|497.05
54680,219.65|384.2
54681,221.95|499.3
54682,463.7|246.4
54683,261.25|410.55
54684,363.95|234.3
54685,382.3|215.6
54686,385.45|583.35
54687,475.75|464.9
54688,413.35|357.95
54689,582.55|388.3
54690,376.15|574.3
54691,205.85|386.05
54692,307.85|394.2
54693,364.85|372.9
54694,225.45|545.95
54695,567.85|245.7
54696,448.15|583.75
54697,541.9|428.85
54698,395.9|465.65
54699,555.7|379.7
54700,351.05|403.15
54701,331.65|395.7
54702,264.25|563.65
54703,551.3|257.65
54704,410.4|427.6
54705,212.25|300.3
54706,595.75|517.65
54707,469.75|345.95
54708,273.55|556.05
54709,442.25|231.1
54710,373.7|533.2
54711,409.05|314.95
54712,283.5|386.5
54713,247.15|402.05
54714,580.45|443.45
54715,419.05|411.05
54716,305.85|377.2
54717,450.35|585.0
54718,343.05|366.85
54719,415.5|480.55
54720,461.8|492.4
54721,241.75|546.05
54722,477.5|525.25
54723,252.6|546.8
54724,394.15|485.75
54725,489.1|391.85
54726,581.5|422.4
54727,253.7|285.15
54728,439.15|223.25
54729,261.55|551.65
54730,383.0|253.8
54731,448.35|476.1
54732,251.55|489.55
54733,549.9|262.55
54734,203.35|498.55
54735,582.7|495.55
54736,268.6|261.95
54737,469.1|282.15
54738,513.85|247.4
54739,460.05|419.05
54740,548.5|556.3
54741,277.0|326.5
54742,420.65|241.75
54743,367.55|561.4
54744,552.55|309.3
54745,538.35|561.8
54746,254.45|428.9
54747,467.1|344.8
54748,330.2|325.7
54749,208.7|392.9
54750,385.4|276.6
54751,593.65|377.45
54752,525.9|471.2
54753,542.15|243.25
54754,245.6|390.55
54755,378.95|546.1
54756,405.0|539.2
54757,592.15|216.55
54758,354.55|445.6
54759,286.65|338.3
54760,387.75|510.1
54761,230.8|523.65
54762,437.05|461.2
54763,453.6|242.15
54764,213.7|535.6
54765,249.25|246.4
54766,351.9|516.85
54767,349.6|422.65
54768,396.9|315.8
54769,296.5|416.0
54770,581.9|465.25
54771,249.2|367.3
54772,351.6|280.3
54773,238.85|495.45
54774,374.25|558.8
54775,335.05|518.2
54776,464.35|331.65
54777,448.75|313.5
54778,572.25|228.8
54779,215.6|291.55
54780,413.3|282.45
54781,539.1|589.85
54782,212.1|310.6
54783,266.7|415.0
54784,462.15|245.15
54785,480.25|464.85
54786,560.75|545.25
54787,469.25|291.95
54788,463.75|308.75
54789,354.1|431.3
54790,411.4|305.1
54791,543.35|243.35
54792,268.8|361.05
54793,289.35|438.8
54794,382.0|275.2
54795,241.2|574.1
54796,529.15|462.35
54797,286.05|458.9
54798,230.4|476.15
54799,437.3|222.5
54800,543.05|308.7
54801,435.6|377.25
54802,523.2|362.95
54803,468.9|319.35
54804,236.25|273.3
54805,348.3|277.85
54806,413.7|294.15
54807,463.75|407.55
54808,248.0|289.55
54809,344.7|477.95
54810,213.4|264.2
54811,293.1|423.15
54812,353.45|503.7
54813,352.8|422.35
54814,526.15|526.4
54815,270.55|555.8
54816,538.15|266.9
54817,566.6|513.0
54818,368.4|210.0
54819,419.65|306.05
54820,449.1|561.65
54821,523.45|511.6
54822,403.3|368.15
54823,348.8|593.1
54824,385.35|386.6
54825,565.9|228.3
54826,586.7|404.6
54827,234.85|455.45
54828,370.15|268.25
54829,561.2|263.05
54830,239.55|519.05
54831,476.7|480.3
54832,363.6|322.9
54833,530.15|289.35
54834,472.15|488.65
54835,267.3|273.2
54836,566.75|465.2
54837,266.55|484.35
54838,271.7|494.0
54839,255.25|241.25
54840,342.35|213.35
54841,259.1|383.65
54842,413.75|280.1
54843,452.2|381.75
54844,427.2|383.15
54845,549.75|326.2
54846,373.5|484.5
54847,588.15|360.9
54848,428.65|595.05
54849,274.5|281.85
54850,267.5|246.95
54851,469.4|519.55
54852,215.55|482.05
54853,246.6|345.0
54854,314.95|485.7
54855,274.05|540.2
54856,481.45|345.1
54857,308.95|312.35
54858,241.9|573.05
54859,249.55|473.65
54860,228.75|496.8
54861,393.5|371.05
54862,435.0|582.25
54863,229.85|427.85
54864,579.85|208.05
54865,480.8|321.8
54866,360.55|260.65
54867,370.25|257.2
54868,580.0|535.3
54869,265.05|274.6
54870,373.15|481.05
54871,271.6|569.65
54872,271.05|517.9
54873,230.85|415.9
54874,282.35|540.65
54875,388.95|594.1
54876,556.9|264.0
54877,411.2|536.2
54878,398.4|548.9
54879,209.05|561.15
54880,475.25|273.8
54881,582.6|409.1
54882,270.6|347.2
54883,258.7|366.2
54884,349.9|552.1
54885,567.15|300.9
54886,208.85|586.05
54887,404.55|262.9
54888,403.25|574.15
54889,287.85|328.65
54890,286.4|562.8
54891,430.1|214.55
54892,354.55|231.75
54893,527.7|369.8
54894,467.75|284.2
54895,359.2|339.85
54896,487.85|357.7
54897,448.65|347.3
54898,527.75|533.35
54899,589.05|381.65
54900,447.1|239.3
54901,567.3|452.45
54902,452.75|458.25
54903,512.7|546.15
54904,339.15|519.5
54905,572.95|593.55
54906,383.9|273.4
54907,328.4|417.45
54908,577.3|214.65
54909,542.3|570.25
54910,288.9|592.0
54911,237.25|469.6
54912,463.6|328.3
54913,495.3|364.15
54914,580.55|318.25
54915,389.95|388.25
54916,469.75|311.7
54917,220.3|413.7
54918,561.35|468.65
54919,387.85|389.05
54920,266.45|479.8
54921,373.75|405.6
54922,417.55|383.35
54923,429.85|414.05
54924,485.35|493.3
54925,230.3|581.5
54926,353.9|248.9
54927,588.15|544.65
54928,552.85|235.55
54929,423.05|433.9
54930,559.3|268.45
54931,441.55|445.75
54932,261.45|581.35
54933,241.4|387.35
54934,272.55|489.0
54935,280.25|484.1
54936,464.95|222.4
54937,581.3|571.15
54938,386.8|273.65
54939,398.9|577.65
54940,349.75|436.0
54941,378.95|301.2
54942,557.75|369.1
54943,341.15|423.35
54944,253.5|501.5
54945,307.65|379.95
54946,400.65|502.15
54947,397.6|308.7
54948,276.4|232.95
54949,239.8|534.1
54950,564.2|299.35
54951,423.6|361.65
54952,424.2|458.0
54953,291.0|545.5
54954,367.7|276.1
54955,495.75|327.95
54956,232.0|514.95
54957,427.6|574.45
54958,578.3|480.35
54959,216.15|313.6
54960,304.15|311.45
54961,284.75|507.15
54962,399.1|367.7
54963,381.6|356.8
54964,587.85|588.05
54965,456.9|500.95
54966,588.8|226.2
54967,319.55|402.15
54968,574.85|438.6
54969,528.1|508.7
54970,241.9|578.4
54971,400.95|394.15
54972,580.4|269.05
54973,474.55|454.65
54974,348.5|424.4
54975,429.1|258.95
54976,429.4|465.45
54977,374.3|590.15
54978,210.75|309.3
54979,424.1|579.65
54980,460.9|250.8
54981,397.0|554.6
54982,346.15|549.2
54983,249.7|478.2
54984,467.25|569.1
54985,422.5|345.35
54986,438.6|302.6
54987,389.4|507.4
54988,352.7|459.15
54989,267.85|277.25
54990,504.55|335.9
54991,292.95|475.1
54992,283.25|452.5
54993,544.2|409.2
54994,592.85|360.6
54995,573.65|389.75
54996,432.0|325.85
54997,529.15|338.45
54998,564.75|424.25
54999,548.1|306.95
55000,473.2|480.35
55001,372.65|553.25
55002,209.9|461.45
55003,294.4|454.95
55004,375.4|594.5
55005,505.9|437.15
55006,400.5|335.45
55007,321.2|412.6
55008,342.55|272.1
55009,240.2|360.15
55010,286.55|335.75
55011,577.7|247.95
55012,500.25|237.45
55013,237.9|454.0
55014,551.2|561.35
55015,408.25|524.1
55016,250.6|259.05
55017,245.35|432.95
55018,374.65|281.6
55019,388.3|565.05
55020,533.1|278.7
55021,251.7|518.95
55022,584.7|533.15
55023,538.3|514.3
55024,536.85|369.1
55025,537.65|458.7
55026,532.35|532.6
55027,467.85|582.8
55028,588.3|273.65
55029,351.35|579.75
55030,298.5|350.55
55031,274.9|544.15
55032,441.85|478.2
55033,286.2|483.85
55034,534.4|568.35
55035,364.2|573.3
55036,361.05|275.7
55037,524.0|434.65
55038,472.95|480.6
55039,366.85|589.25
55040,392.55|361.75
55041,590.8|467.75
55042,511.55|313.8
55043,492.05|454.2
55044,461.95|400.55
55045,455.2|568.45
55046,460.5|568.35
55047,296.6|347.55
55048,527.55|431.2
55049,494.0|450.05
55050,541.1|285.95
55051,229.15|466.2
55052,538.95|574.8
55053,282.25|503.1
55054,461.1|389.15
55055,434.45|230.5
55056,367.15|482.25
55057,413.75|220.0
55058,257.05|510.5
55059,545.65|245.95
55060,413.75|414.0
55061,491.15|364.2
55062,262.1|222.4
55063,366.85|583.45
55064,280.35|366.9
55065,461.35|464.85
55066,471.85|252.2
55067,560.3|246.5
55068,458.8|342.25
55069,527.9|294.3
55070,406.2|302.45
55071,276.6|287.15
55072,393.6|590.8
55073,509.0|321.85
55074,356.75|307.05
55075,417.05|277.45
55076,204.25|474.55
55077,552.65|595.0
55078,275.35|258.75
55079,590.35|420.05
55080,209.1|311.75
55081,274.3|365.05
55082,488.7|338.3
55083,354.15|347.6
55084,356.05|273.85
55085,364.4|441.7
55086,393.3|473.55
55087,453.75|591.05
55088,589.8|359.9
55089,436.0|370.35
55090,470.55|223.65
55091,568.7|370.7
55092,431.1|238.65
55093,213.95|389.9
55094,276.3|249.05
55095,427.5|304.75
55096,253.05|472.5
55097,369.35|416.6
55098,387.0|439.15
55099,584.0|438.0
55100,361.8|436.5
55101,448.9|298.25
55102,228.15|266.05
55103,265.1|417.6
55104,240.15|341.45
55105,591.85|254.9
55106,568.0|578.4
55107,366.3|288.2
55108,204.2|458.45
55109,570.95|272.4
55110,567.95|341.6
55111,296.2|354.25
55112,204.9|468.45
55113,457.6|245.85
55114,412.9|245.65
55115,386.0|508.8
55116,416.2|475.75
55117,571.5|282.7
55118,494.35|492.15
55119,386.3|552.9
55120,380.4|545.15
55121,223.15|578.65
55122,399.35|322.3
55123,278.65|565.45
55124,208.15|463.45
55125,465.6|226.45
55126,473.65|226.25
55127,466.25|454.65
55128,347.15|592.65
55129,208.8|245.6
55130,569.95|240.95
55131,559.85|277.95
55132,537.9|549.7
55133,577.35|463.35
55134,342.7|227.9
55135,230.65|303.2
55136,577.2|512.0
55137,548.3|488.6
55138,216.5|319.9
55139,472.85|235.4
55140,227.75|514.95
55141,401.0|467.8
55142,348.2|408.2
55143,387.9|456.5
55144,371.7|375.25
55145,555.75|238.35
55146,223.4|482.6
55147,456.7|543.95
55148,210.85|491.9
55149,524.8|433.55
55150,229.75|461.9
55151,530.95|545.1
55152,585.85|365.35
55153,222.5|457.85
55154,278.9|331.1
55155,423.45|451.6
55156,417.95|307.8
55157,437.7|386.2
55158,354.65|225.45
55159,562.8|588.8
55160,321.75|409.15
55161,397.85|215.85
55162,551.15|255.2
55163,272.85|279.5
55164,445.0|455.7
55165,528.95|559.35
55166,578.45|331.4
55167,555.2|315.5
55168,404.55|313.25
55169,485.15|356.95
55170,241.2|540.0
55171,376.95|349.15
55172,437.2|591.95
55173,448.2|406.65
55174,472.8|323.8
55175,256.9|587.5
55176,519.8|455.05
55177,217.9|304.05
55178,546.05|247.55
55179,589.55|382.4
55180,521.15|455.1
55181,263.35|553.0
55182,526.95|442.85
55183,398.4|506.95
55184,293.2|296.95
55185,215.7|541.4
55186,387.0|310.6
55187,410.95|273.9
55188,259.2|210.4
55189,467.35|219.95
55190,355.8|476.25
55191,438.8|288.95
55192,443.25|373.35
55193,239.0|213.85
55194,422.7|521.7
55195,478.65|237.85
55196,527.6|506.7
55197,308.6|434.35
55198,334.35|229.0
55199,366.15|536.7
55200,277.2|499.0
55201,505.2|228.4
55202,515.85|500.6
55203,574.15|587.7
55204,578.2|470.75
55205,206.75|224.65
55206,454.7|557.15
55207,210.05|458.35
55208,219.9|402.2
55209,233.25|240.5
55210,468.8|323.5
55211,478.05|278.2
55212,385.6|534.35
55213,367.8|369.7
55214,502.0|218.55
55215,394.75|553.05
55216,261.0|275.6
55217,388.4|286.25
55218,395.9|218.1
55219,463.05|332.8
55220,459.3|552.45
55221,361.65|568.9
55222,472.6|526.6
55223,507.3|485.65
55224,424.3|447.45
55225,459.75|252.2
55226,569.8|539.55
55227,537.35|249.5
55228,587.25|576.5
55229,244.15|594.0
55230,589.3|377.1
55231,441.85|590.3
55232,216.85|476.7
55233,439.05|421.3
55234,583.75|496.8
55235,214.2|426.35
55236,343.6|324.7
55237,587.65|272.25
55238,388.0|564.5
55239,226.85|408.55
55240,574.5|495.65
55241,466.55|218.25
55242,586.3|591.45
55243,570.55|268.05
55244,355.35|275.85
55245,428.25|547.1
55246,474.45|282.75
55247,267.5|367.25
55248,364.8|349.2
55249,411.0|303.55
55250,401.85|560.85
55251,261.7|238.05
55252,212.25|577.95
55253,253.55|582.65
55254,243.25|468.9
55255,308.55|390.65
55256,355.55|456.1
55257,277.3|248.65
55258,350.95|466.65
55259,578.9|521.25
55260,267.95|395.0
55261,254.1|481.75
55262,561.1|582.95
55263,559.6|222.95
55264,345.5|512.85
55265,529.6|494.5
55266,361.3|300.2
55267,250.5|384.15
55268,340.35|242.45
55269,553.25|340.9
55270,364.35|370.95
55271,384.15|412.45
55272,409.6|411.25
55273,353.35|394.55
55274,209.7|255.45
55275,432.3|211.75
55276,474.75|382.4
55277,441.45|311.6
55278,388.8|592.45
55279,345.95|209.2
55280,395.75|232.25
55281,463.4|312.05
55282,263.35|361.85
55283,392.35|263.2
55284,348.95|501.65
55285,301.7|431.65
55286,412.9|370.55
55287,335.0|397.55
55288,362.85|590.85
55289,383.2|208.7
55290,267.65|254.0
55291,401.8|556.75
55292,282.5|499.15
55293,350.35|502.05
55294,592.5|479.7
55295,432.7|386.9
55296,477.75|391.75
55297,234.95|395.65
55298,460.8|453.0
55299,341.75|427.05
55300,346.65|427.25
55301,246.5|297.9
55302,591.9|222.5
55303,359.3|308.0
55304,364.45|557.0
55305,283.65|245.6
55306,446.95|315.8
55307,540.1|590.5
55308,335.45|590.8
55309,360.75|285.65
55310,221.7|274.45
55311,559.9|515.0
55312,540.75|580.75
55313,346.8|210.7
55314,561.0|589.3
55315,548.25|327.1
55316,278.45|366.95
55317,453.1|231.05
55318,471.55|243.9
55319,210.2|328.5
55320,290.2|329.45
55321,542.25|256.05
55322,210.0|329.3
55323,393.85|416.15
55324,246.4|574.25
55325,315.35|411.1
55326,482.7|346.45
55327,414.7|477.45
55328,219.45|337.2
55329,357.0|269.75
55330,575.0|536.55
55331,475.3|467.6
55332,540.3|364.25
55333,414.65|472.9
55334,452.9|518.6
55335,208.95|397.4
55336,426.15|289.8
55337,581.95|568.05
55338,513.85|283.2
55339,395.65|375.3
55340,206.35|535.8
55341,359.4|266.3
55342,364.6|371.6
55343,431.75|492.25
55344,530.0|563.1
55345,432.4|584.9
55346,346.1|538.0
55347,241.7|431.75
55348,256.7|326.3
55349,498.35|494.1
55350,351.0|352.05
55351,500.4|477.1
55352,564.65|576.9
55353,558.95|272.65
55354,224.4|592.6
55355,397.75|204.0
55356,551.35|240.8
55357,332.5|498.35
55358,576.5|554.15
55359,594.65|514.05
55360,383.35|481.05
55361,457.25|386.7
55362,349.4|278.45
55363,548.85|538.5
55364,252.4|550.9
55365,441.9|589.1
55366,270.6|236.75
55367,348.9|409.9
55368,239.6|208.7
55369,399.25|588.9
55370,573.45|214.6
55371,443.9|588.25
55372,433.05|373.25
55373,425.35|321.2
55374,209.65|584.25
55375,470.65|296.3
55376,583.1|545.9
55377,294.0|335.6
55378,310.3|582.6
55379,242.8|509.3
55380,584.85|476.8
55381,463.4|328.55
55382,499.75|453.55
55383,441.85|505.35
55384,378.95|342.95
55385,264.0|553.85
55386,445.15|408.65
55387,472.55|220.75
55388,206.05|584.25
55389,414.6|470.5
55390,537.8|510.0
55391,251.9|470.45
55392,224.6|372.75
55393,581.7|361.0
55394,387.6|285.75
55395,384.35|595.75
55396,352.65|306.85
55397,278.45|593.75
55398,402.75|470.0
55399,557.1|576.3
55400,421.3|503.35
55401,250.05|290.15
55402,388.45|473.85
55403,407.65|572.2
55404,457.55|524.5
55405,397.65|372.95
55406,265.05|570.3
55407,262.55|576.1
55408,286.5|438.85
55409,362.25|263.4
55410,520.3|437.6
55411,427.7|458.1
55412,478.4|283.4
55413,552.1|276.2
55414,412.2|223.5
55415,259.8|229.6
55416,557.4|285.25
55417,463.3|370.2
55418,561.9|463.05
55419,397.95|593.25
55420,538.6|556.6
55421,228.45|290.95
55422,359.3|488.9
55423,471.5|527.8
55424,384.8|579.6
55425,593.95|393.15
55426,433.15|499.95
55427,365.7|292.65
55428,459.05|316.55
55429,454.45|312.6
55430,437.55|461.5
55431,593.25|482.75
55432,407.35|298.45
55433,465.25|372.7
55434,410.25|342.95
55435,468.65|262.8
55436,226.7|432.75
55437,541.7|421.0
55438,227.0|215.9
55439,394.4|502.95
55440,262.45|415.0
55441,262.7|267.0
55442,394.5|368.35
55443,569.65|303.3
55444,594.9|583.9
55445,545.4|314.05
55446,351.25|450.15
55447,375.45|487.9
55448,383.15|342.6
55449,392.8|372.35
55450,480.6|443.6
55451,398.25|502.05
55452,399.55|585.25
55453,204.25|519.2
55454,211.85|495.8
55455,245.2|548.3
55456,579.25|363.65
55457,453.95|411.8
55458,418.35|358.9
55459,553.6|290.75
55460,293.9|430.8
55461,238.55|287.6
55462,507.8|492.45
55463,298.15|378.35
55464,236.55|272.25
55465,579.95|466.2
55466,428.7|490.35
55467,360.85|276.05
55468,219.4|269.75
55469,461.7|592.1
55470,578.1|395.35
55471,302.9|518.65
55472,463.8|545.85
55473,234.0|462.85
55474,225.6|407.15
55475,353.25|439.05
55476,284.9|392.4
55477,295.75|577.75
55478,276.95|427.55
55479,580.95|406.4
55480,564.0|239.9
55481,287.35|426.45
55482,218.7|322.6
55483,354.4|553.35
55484,542.45|332.35
55485,573.1|541.45
55486,580.25|426.3
55487,546.15|533.8
55488,564.3|291.2
55489,371.1|443.9
55490,580.15|593.8
55491,577.25|256.25
55492,265.2|300.9
55493,280.0|336.7
55494,211.9|469.0
55495,239.15|222.5
55496,549.0|376.4
55497,253.5|474.45
55498,413.15|561.05
55499,277.65|264.05
55500,456.75|220.95
55501,352.95|328.2
55502,588.05|356.75
55503,411.1|323.35
55504,478.25|327.6
55505,297.75|423.3
55506,435.7|303.75
55507,422.85|495.95
55508,222.8|280.05
55509,414.05|346.3
55510,472.55|516.3
55511,592.9|289.6
55512,461.35|458.7
55513,468.15|314.7
55514,260.35|405.65
55515,460.95|260.2
55516,580.45|550.2
55517,427.8|340.4
55518,217.65|587.25
55519,245.35|400.85
55520,394.25|400.45
55521,220.1|401.95
55522,458.3|216.85
55523,293.5|449.25
55524,421.75|481.5
55525,411.85|283.7
55526,553.0|379.85
55527,212.7|579.3
55528,409.05|589.4
55529,375.4|393.85
55530,245.7|389.35
55531,525.65|559.7
55532,434.5|397.6
55533,358.8|546.8
55534,587.85|376.05
55535,542.75|462.2
55536,443.25|266.9
55537,410.0|588.45
55538,558.55|221.35
55539,349.4|321.95
55540,438.0|559.6
55541,395.95|509.65
55542,465.65|382.05
55543,271.05|223.55
55544,388.85|302.65
55545,368.65|480.2
55546,429.15|343.9
55547,417.95|463.75
55548,588.5|251.1
55549,552.7|563.4
55550,476.2|526.5
55551,558.4|316.1
55552,230.8|381.2
55553,464.65|537.0
55554,375.05|387.55
55555,294.8|410.25
55556,335.05|258.1
55557,221.2|582.95
55558,367.9|270.55
55559,330.35|210.95
55560,563.35|449.4
55561,499.45|351.95
55562,263.95|515.55
55563,577.45|545.75
55564,562.65|532.5
55565,575.35|255.45
55566,569.9|359.3
55567,460.15|454.3
55568,354.95|446.95
55569,417.85|337.45
55570,564.75|355.25
55571,230.5|301.55
55572,543.1|322.5
55573,454.85|230.95
55574,240.55|397.3
55575,268.2|334.05
55576,462.6|350.45
55577,219.4|386.85
55578,471.75|405.75
55579,377.0|448.2
55580,521.65|524.8
55581,220.0|505.95
55582,374.3|494.15
55583,400.15|586.3
55584,359.1|237.7
55585,422.25|493.0
55586,457.15|391.45
55587,462.7|258.1
55588,209.1|326.45
55589,458.3|249.6
55590,446.95|244.2
55591,476.1|287.7
55592,587.6|568.45
55593,229.05|436.2
55594,464.55|421.05
55595,364.85|369.3
55596,476.65|265.35
55597,560.75|235.15
55598,387.75|501.3
55599,392.25|288.25
55600,229.0|464.65
55601,228.8|577.05
55602,352.4|444.55
55603,459.25|580.35
55604,559.9|355.3
55605,205.9|458.95
55606,296.05|378.3
55607,305.5|428.6
55608,563.3|428.05
55609,336.4|561.35
55610,561.1|532.8
55611,558.9|478.4
55612,559.5|314.85
55613,294.35|388.55
55614,577.1|270.2
55615,572.8|315.75
55616,250.7|495.4
55617,580.15|428.65
55618,403.4|435.0
55619,390.35|595.95
55620,336.65|401.75
55621,453.75|451.75
55622,294.85|288.85
55623,380.85|359.85
55624,354.95|440.45
55625,275.6|344.0
55626,467.65|349.95
55627,225.65|383.25
55628,393.65|239.25
55629,241.0|558.75
55630,322.4|399.3
55631,502.1|257.65
55632,442.4|456.95
55633,222.5|257.2
55634,209.5|295.45
55635,303.5|396.6
55636,293.2|467.2
55637,522.3|424.2
55638,584.65|409.55
55639,317.75|587.1
55640,226.0|276.4
55641,391.3|329.15
55642,382.4|543.95
55643,380.55|321.25
55644,392.4|324.2
55645,279.45|336.35
55646,215.9|213.1
55647,542.9|589.75
55648,545.45|579.2
55649,377.6|328.35
55650,243.2|582.4
55651,581.5|443.85
55652,270.5|407.45
55653,471.05|243.45
55654,408.95|365.85
55655,529.95|318.9
55656,367.5|397.2
55657,241.05|536.15
55658,528.85|543.05
55659,241.55|417.2
55660,429.65|580.9
55661,368.95|587.9
55662,523.4|509.65
55663,420.0|267.65
55664,520.45|490.35
55665,434.3|432.85
55666,534.1|519.35
55667,285.05|382.5
55668,265.4|285.75
55669,307.05|339.45
55670,578.2|582.15
55671,594.35|417.5
55672,220.55|248.8
55673,457.4|428.25
55674,217.7|499.35
55675,353.35|309.6
55676,518.85|533.5
55677,465.8|292.95
55678,250.1|456.6
55679,590.05|271.55
55680,374.15|398.05
55681,525.3|565.6
55682,248.9|445.2
55683,310.45|404.75
55684,292.85|421.7
55685,493.65|466.3
55686,449.85|431.25
55687,240.7|281.45
55688,209.65|297.35
55689,467.15|324.65
55690,367.85|449.1
55691,449.35|555.5
55692,214.75|283.3
55693,530.35|438.55
55694,236.2|455.4
55695,298.85|328.75
55696,343.4|405.15
55697,380.25|308.35
55698,280.75|580.4
55699,235.65|481.15
55700,267.65|419.65
55701,282.9|543.3
55702,291.85|385.55
55703,225.65|222.05
55704,558.95|312.35
55705,445.35|396.35
55706,481.85|290.5
55707,329.05|432.3
55708,426.7|469.75
55709,392.45|580.55
55710,466.6|317.45
55711,407.4|211.35
55712,321.55|414.7
55713,467.45|487.0
55714,439.45|516.65
55715,223.3|406.75
55716,569.6|305.55
55717,279.95|536.95
55718,396.0|305.35
55719,581.95|346.85
55720,574.95|540.45
55721,260.4|228.95
55722,571.65|472.3
55723,264.2|314.15
55724,447.95|237.5
55725,286.1|454.15
55726,412.05|346.65
55727,578.2|215.9
55728,278.05|260.2
55729,418.2|580.35
55730,593.0|363.7
55731,347.25|350.7
55732,394.45|404.75
55733,381.25|399.95
55734,426.5|502.95
55735,595.7|378.75
55736,472.2|230.15
55737,204.3|465.15
55738,274.75|569.55
55739,456.65|378.55
55740,369.35|529.95
55741,474.3|316.05
55742,263.65|363.5
55743,337.0|345.4
55744,209.55|503.45
55745,369.25|334.4
55746,589.3|209.1
55747,218.6|450.0
55748,381.95|409.15
55749,339.05|226.7
55750,272.95|263.8
55751,216.9|564.2
55752,401.5|406.5
55753,305.9|587.9
55754,578.05|253.15
55755,425.6|223.05
55756,524.75|457.35
55757,409.75|445.85
55758,252.25|480.3
55759,321.75|406.95
55760,408.6|392.25
55761,530.15|472.65
55762,543.45|258.2
55763,282.2|503.55
55764,382.9|505.2
55765,230.1|217.05
55766,382.8|372.1
55767,593.25|401.6
55768,209.1|482.2
55769,580.8|571.15
55770,521.8|444.5
55771,222.9|558.75
55772,273.55|238.85
55773,528.7|333.85
55774,359.35|585.75
55775,545.8|542.7
55776,376.4|243.8
55777,239.6|537.3
55778,304.3|334.45
55779,324.95|433.5
55780,404.75|367.3
55781,576.1|330.15
55782,576.95|451.5
55783,577.25|344.05
55784,394.4|252.9
55785,349.3|542.75
55786,284.4|430.1
55787,218.1|280.25
55788,250.95|223.65
55789,334.2|348.75
55790,420.2|375.65
55791,553.75|580.9
55792,254.85|270.85
55793,545.2|292.85
55794,218.85|322.75
55795,423.05|350.55
55796,387.1|239.85
55797,407.9|517.7
55798,382.3|395.25
55799,366.3|449.15
55800,439.0|558.75
55801,574.55|247.65
55802,333.1|236.5
55803,558.1|505.05
55804,463.25|307.2
55805,480.15|518.85
55806,420.5|409.1
55807,571.95|294.2
55808,242.15|303.8
55809,269.6|272.35
55810,402.65|296.8
55811,452.95|234.65
55812,450.0|462.3
55813,298.1|568.75
55814,380.5|406.85
55815,454.7|536.4
55816,424.1|347.3
55817,271.45|586.7
55818,378.7|578.95
55819,564.25|374.8
55820,577.85|293.85
55821,219.1|584.7
55822,266.55|561.2
55823,578.85|270.3
55824,386.15|287.8
55825,396.35|370.45
55826,490.3|527.2
55827,239.25|326.2
55828,344.65|234.15
55829,406.65|236.7
55830,464.85|444.95
55831,480.9|295.3
55832,282.25|283.9
55833,404.8|512.15
55834,400.55|332.9
55835,460.5|552.35
55836,427.15|249.55
55837,426.75|209.15
55838,553.0|282.6
55839,586.7|375.05
55840,215.15|580.55
55841,531.6|561.75
55842,237.9|462.45
55843,563.55|516.55
55844,564.1|483.25
55845,590.1|399.9
55846,362.85|593.5
55847,530.5|569.7
55848,228.2|479.4
55849,360.85|589.1
55850,415.1|341.55
55851,465.15|281.9
55852,464.75|285.45
55853,426.15|577.0
55854,348.15|512.15
55855,590.8|341.95
55856,580.95|392.1
55857,266.85|354.0
55858,446.5|574.9
55859,564.15|241.35
55860,444.35|507.6
55861,594.25|397.65
55862,358.45|548.0
55863,358.0|221.15
55864,423.55|305.9
55865,361.95|370.7
55866,538.0|588.85
55867,254.4|230.4
55868,275.05|346.85
55869,231.1|329.2
55870,407.45|552.4
55871,466.5|415.0
55872,398.35|496.25
55873,266.05|559.15
55874,575.95|586.15
55875,483.3|484.6
55876,255.65|341.65
55877,550.4|524.55
55878,546.1|230.15
55879,257.8|463.75
55880,434.6|532.2
55881,476.2|505.2
55882,427.0|250.8
55883,218.65|501.4
55884,369.35|225.4
55885,230.1|470.85
55886,350.05|280.55
55887,586.8|377.95
55888,591.3|467.9
55889,409.95|355.8
55890,213.7|299.55
55891,514.7|510.25
55892,540.35|281.35
55893,359.95|282.5
55894,369.5|222.25
55895,235.75|514.95
55896,566.95|264.75
55897,490.45|227.4
55898,209.25|294.05
55899,405.65|329.8
55900,213.65|486.9
55901,549.05|300.2
55902,418.45|361.65
55903,236.1|404.25
55904,364.2|574.2
55905,360.4|441.55
55906,379.05|497.75
55907,251.0|225.8
55908,383.55|586.45
55909,209.55|463.35
55910,468.2|285.35
55911,473.5|292.5
55912,551.65|234.4
55913,464.7|213.75
55914,540.95|592.05
55915,552.25|273.8
55916,242.4|507.85
55917,584.85|296.7
55918,554.15|269.55
55919,499.65|415.45
55920,458.25|325.55
55921,286.65|456.15
55922,565.6|432.6
55923,289.55|335.15
55924,416.15|417.1
55925,368.05|557.2
55926,554.25|280.9
55927,351.95|284.8
55928,386.9|253.4
55929,471.4|285.95
55930,272.0|273.1
55931,218.4|588.15
55932,292.55|384.0
55933,585.3|489.25
55934,213.0|580.05
55935,351.05|336.35
55936,365.95|501.7
55937,334.9|542.0
55938,398.8|282.9
55939,423.65|460.35
55940,399.6|304.4
55941,232.15|448.9
55942,560.3|374.6
55943,536.9|430.25
55944,292.95|579.05
55945,380.65|591.0
55946,304.3|324.75
55947,449.7|553.55
55948,570.35|552.95
55949,320.9|402.25
55950,271.95|268.7
55951,267.65|232.15
55952,563.55|386.0
55953,397.45|560.0
55954,591.15|510.05
55955,544.35|592.15
55956,343.85|414.1
55957,574.25|258.15
55958,493.85|476.25
55959,288.0|371.4
55960,469.65|509.0
55961,473.5|298.7
55962,395.15|506.55
55963,260.05|289.75
55964,581.5|509.9
55965,531.85|232.35
55966,242.95|534.0
55967,229.15|446.15
55968,350.8|567.3
55969,343.85|507.5
55970,443.5|396.1
55971,286.5|328.55
55972,400.5|567.3
55973,468.95|218.25
55974,294.5|279.5
55975,354.35|382.75
55976,478.2|209.8
55977,414.9|571.7
55978,475.55|275.2
55979,252.85|407.3
55980,425.45|323.35
55981,585.4|509.6
55982,353.1|266.3
55983,216.75|579.0
55984,558.15|269.9
55985,404.2|387.4
55986,579.15|488.65
55987,354.2|496.55
55988,346.95|464.15
55989,440.45|494.85
55990,543.2|534.15
55991,251.1|319.4
55992,388.1|446.85
55993,490.2|440.35
55994,226.55|410.9
55995,483.6|509.4
55996,475.25|214.2
55997,413.5|542.4
55998,486.65|222.35
55999,371.45|563.25
56000,564.7|578.45
56001,363.65|376.7
56002,289.4|326.7
56003,451.85|462.8
56004,466.9|238.75
56005,362.3|232.9
56006,261.5|422.15
56007,391.95|493.95
56008,402.15|261.3
56009,364.9|220.5
56010,257.85|267.15
56011,210.2|479.3
56012,272.35|587.0
56013,223.35|498.95
56014,411.5|281.1
56015,351.3|558.05
56016,276.35|311.25
56017,253.65|213.6
56018,440.75|262.2
56019,212.6|337.8
56020,590.45|574.25
56021,273.9|407.65
56022,510.15|455.5
56023,590.5|288.8
56024,256.05|377.2
56025,547.7|245.7
56026,408.45|575.45
56027,403.35|453.45
56028,563.05|589.05
56029,587.05|421.55
56030,520.7|328.05
56031,355.3|222.85
56032,260.75|305.4
56033,278.2|314.3
56034,442.2|304.0
56035,539.65|505.05
56036,537.05|447.45
56037,521.25|483.55
56038,245.05|491.75
56039,445.8|409.3
56040,356.75|514.65
56041,460.4|590.9
56042,562.9|432.0
56043,493.7|352.55
56044,418.9|500.1
56045,244.65|526.75
56046,570.45|307.35
56047,273.6|398.25
56048,529.35|557.1
56049,556.4|238.75
56050,218.2|487.1
56051,207.35|277.1
56052,335.85|326.1
56053,249.55|266.0
56054,349.95|434.15
56055,211.95|300.7
56056,464.9|315.9
56057,433.35|450.2
56058,483.05|273.75
56059,256.65|394.1
56060,590.0|280.0
56061,411.55|267.3
56062,387.25|236.85
56063,581.7|382.7
56064,582.3|416.8
56065,212.3|337.8
56066,535.5|486.3
56067,419.05|524.9
56068,225.1|544.1
56069,380.8|303.0
56070,401.5|357.2
56071,395.3|258.2
56072,476.15|349.75
56073,591.05|516.0
56074,268.25|556.25
56075,477.15|357.8
56076,340.2|380.65
56077,409.35|525.55
56078,415.35|372.4
56079,525.85|301.2
56080,588.2|363.4
56081,210.65|247.95
56082,420.2|227.4
56083,539.4|285.65
56084,218.35|522.7
56085,209.7|590.35
56086,479.4|562.5
56087,427.95|391.25
56088,438.3|236.9
56089,210.45|582.45
56090,459.2|438.25
56091,212.7|217.35
56092,269.75|453.9
56093,447.7|568.15
56094,481.9|331.3
56095,347.25|251.8
56096,249.95|216.05
56097,381.7|234.9
56098,342.05|583.95
56099,319.75|403.35
56100,392.3|589.75
56101,297.6|442.65
56102,459.4|329.2
56103,492.75|481.2
56104,375.1|229.25
56105,448.7|259.65
56106,228.3|269.2
56107,272.05|267.35
56108,238.55|392.85
56109,531.5|583.8
56110,341.75|405.8
56111,439.15|356.95
56112,369.75|255.35
56113,585.9|265.5
56114,582.45|452.6
56115,532.05|406.7
56116,286.15|425.65
56117,545.6|543.35
56118,235.1|550.85
56119,542.65|351.7
56120,526.3|453.7
56121,347.85|378.2
56122,311.25|367.6
56123,540.5|422.6
56124,356.5|564.0
56125,273.35|264.45
56126,454.85|396.85
56127,243.4|420.0
56128,274.9|417.3
56129,555.1|297.85
56130,390.1|336.8
56131,459.05|576.9
56132,298.75|445.55
56133,571.65|411.45
56134,206.7|488.85
56135,250.05|408.65
56136,416.6|527.2
56137,434.75|396.9
56138,591.85|409.8
56139,287.8|548.75
56140,395.05|562.95
56141,416.85|457.25
56142,214.85|423.25
56143,283.65|269.4
56144,218.0|420.0
56145,505.95|531.35
56146,592.6|413.15
56147,379.4|370.9
56148,505.2|519.7
56149,291.15|458.1
56150,270.55|271.1
56151,455.9|385.0
56152,485.45|439.15
56153,341.95|390.35
56154,298.7|349.15
56155,580.3|502.1
56156,261.6|222.7
56157,279.95|328.15
56158,360.9|349.95
56159,573.05|512.75
56160,589.35|404.3
56161,407.75|286.4
56162,263.0|485.15
56163,286.15|378.95
56164,247.15|285.05
56165,206.55|323.1
56166,396.0|343.95
56167,544.8|441.05
56168,275.15|428.7
56169,291.55|327.15
56170,549.1|327.65
56171,586.85|360.65
56172,350.75|362.65
56173,413.05|268.9
56174,564.95|256.25
56175,216.35|474.3
56176,324.5|314.1
56177,211.6|514.8
56178,373.9|380.9
56179,278.7|575.7
56180,503.25|335.8
56181,582.3|463.6
56182,577.35|532.75
56183,210.9|587.3
56184,580.95|552.15
56185,209.1|502.3
56186,268.7|401.6
56187,474.2|506.25
56188,405.65|552.15
56189,269.65|289.15
56190,584.05|412.45
56191,211.3|237.55
56192,351.7|440.55
56193,564.5|245.5
56194,215.9|475.2
56195,558.4|286.15
56196,363.6|586.45
56197,540.1|211.8
56198,208.3|402.75
56199,545.25|258.8
56200,414.55|491.95
56201,589.7|235.7
56202,224.15|577.75
56203,362.25|449.7
56204,540.75|425.3
56205,221.5|419.0
56206,538.0|337.6
56207,564.2|448.95
56208,244.75|569.9
56209,561.35|524.8
56210,276.45|498.3
56211,418.0|539.8
56212,522.05|496.15
56213,237.6|490.85
56214,204.45|460.0
56215,571.95|275.85
56216,336.35|231.85
56217,484.65|322.2
56218,580.0|486.8
56219,300.1|333.55
56220,367.6|347.3
56221,410.65|476.15
56222,425.0|261.0
56223,459.2|446.2
56224,554.4|304.1
56225,388.1|278.35
56226,408.35|365.0
56227,227.15|410.85
56228,548.9|330.8
56229,342.9|346.35
56230,253.4|545.15
56231,345.95|491.9
56232,394.75|366.05
56233,561.8|308.55
56234,226.5|257.15
56235,589.8|574.25
56236,549.4|577.6
56237,222.1|590.3
56238,212.85|232.75
56239,463.1|415.75
56240,223.35|513.1
56241,439.65|286.2
56242,449.25|587.75
56243,583.45|538.6
56244,508.05|344.7
56245,396.35|347.35
56246,587.4|348.25
56247,322.05|403.95
56248,462.15|568.15
56249,463.4|419.6
56250,467.4|515.85
56251,319.05|426.25
56252,346.6|379.05
56253,468.05|242.65
56254,205.8|561.75
56255,446.45|378.75
56256,418.6|215.35
56257,394.6|559.55
56258,403.75|388.75
56259,212.75|406.05
56260,276.85|244.15
56261,537.35|475.25
56262,282.7|447.5
56263,362.55|313.15
56264,490.05|214.4
56265,208.85|583.2
56266,246.8|423.9
56267,250.0|214.85
56268,476.25|510.3
56269,579.45|384.95
56270,439.7|358.85
56271,525.25|403.0
56272,430.35|393.85
56273,446.65|228.3
56274,227.9|320.05
56275,412.7|436.95
56276,218.65|472.1
56277,223.6|465.85
56278,539.7|535.1
56279,362.45|350.9
56280,368.75|209.5
56281,419.35|321.55
56282,428.85|238.5
56283,562.65|281.35
56284,566.3|589.85
56285,535.45|550.1
56286,242.6|433.65
56287,396.7|342.0
56288,282.9|500.1
56289,573.3|392.65
56290,532.75|446.05
56291,368.65|581.75
56292,307.25|492.3
56293,463.6|443.2
56294,517.1|386.45
56295,577.15|253.45
56296,315.75|444.0
56297,591.8|577.25
56298,535.75|342.4
56299,301.55|340.9
56300,571.0|529.5
56301,558.65|216.55
56302,573.15|521.7
56303,404.5|276.5
56304,231.65|390.95
56305,267.55|591.3
56306,333.7|459.2
56307,418.75|395.5
56308,550.45|304.9
56309,288.15|459.15
56310,213.7|485.9
56311,349.7|561.55
56312,541.5|494.35
56313,473.4|532.5
56314,252.55|576.55
56315,374.4|215.55
56316,536.0|534.95
56317,395.75|509.4
56318,578.05|587.9
56319,533.35|509.15
56320,449.05|591.0
56321,511.95|494.3
56322,383.95|594.7
56323,441.5|271.15
56324,509.45|524.45
56325,247.75|360.95
56326,280.25|381.75
56327,565.95|569.15
56328,458.0|239.2
56329,553.45|588.55
56330,226.1|385.4
56331,504.95|299.8
56332,230.35|424.2
56333,449.25|359.8
56334,407.45|441.95
56335,224.05|333.95
56336,413.2|325.35
56337,462.85|580.55
56338,207.7|312.75
56339,344.35|530.45
56340,578.6|305.65
56341,340.05|353.7
56342,289.8|405.8
56343,537.35|374.35
56344,350.25|433.2
56345,583.7|296.45
56346,452.0|357.5
56347,291.6|455.55
56348,466.35|461.4
56349,416.05|421.8
56350,446.95|299.1
56351,425.8|575.05
56352,222.2|580.0
56353,520.0|416.05
56354,364.35|452.5
56355,589.15|428.05
56356,376.75|492.15
56357,239.45|451.35
56358,516.9|564.5
56359,388.55|247.9
56360,414.55|505.2
56361,574.3|301.8
56362,290.7|587.25
56363,213.2|238.55
56364,591.6|426.35
56365,587.45|406.65
56366,206.3|518.95
56367,229.3|243.1
56368,340.3|562.55
56369,351.05|559.1
56370,542.1|486.4
56371,229.9|520.9
56372,588.45|375.15
56373,450.1|451.45
56374,262.5|575.7
56375,551.65|273.3
56376,551.1|586.3
56377,247.55|415.75
56378,352.75|348.95
56379,561.8|298.65
56380,471.5|526.15
56381,583.65|464.65
56382,555.55|523.7
56383,305.3|331.05
56384,211.9|333.75
56385,550.25|371.0
56386,577.6|459.8
56387,415.55|486.0
56388,387.2|356.95
56389,490.05|486.75
56390,354.75|583.25
56391,353.35|436.75
56392,395.65|482.95
56393,530.0|557.4
56394,233.85|499.95
56395,341.2|327.0
56396,299.6|396.85
56397,228.4|582.4
56398,341.6|512.25
56399,544.35|306.65
56400,345.3|237.8
56401,549.05|460.2
56402,282.3|492.8
56403,295.05|401.65
56404,445.35|530.9
56405,408.85|541.95
56406,553.6|244.85
56407,211.65|222.6
56408,409.75|390.7
56409,385.75|571.25
56410,578.7|357.2
56411,423.25|281.6
56412,411.35|348.35
56413,583.95|264.0
56414,477.45|276.95
56415,538.7|533.6
56416,448.7|456.9
56417,415.45|592.05
56418,579.65|310.0
56419,555.95|241.8
56420,405.8|382.15
56421,556.5|589.6
56422,260.3|214.4
56423,578.9|590.85
56424,447.85|427.25
56425,552.15|300.0
56426,237.55|442.3
56427,208.9|586.3
56428,425.9|485.95
56429,334.75|505.35
56430,436.0|286.3
56431,350.65|577.0
56432,525.9|351.15
56433,495.85|217.35
56434,476.75|338.95
56435,355.25|489.25
56436,374.75|586.9
56437,534.8|453.1
56438,340.65|298.4
56439,430.3|347.35
56440,256.3|388.2
56441,587.75|300.1
56442,426.0|245.4
56443,290.75|312.75
56444,475.85|274.6
56445,384.4|293.05
56446,392.2|259.3
56447,452.4|364.9
56448,406.45|494.95
56449,402.05|381.85
56450,447.4|577.4
56451,407.35|528.9
56452,225.9|461.05
56453,281.8|290.25
56454,481.5|507.55
56455,424.2|472.55
56456,267.9|423.65
56457,265.15|590.45
56458,240.75|476.25
56459,212.45|461.2
56460,557.15|375.65
56461,550.95|540.7
56462,352.0|339.9
56463,274.05|545.45
56464,365.3|234.35
56465,401.3|354.25
56466,277.35|224.95
56467,409.15|288.3
56468,235.45|232.3
56469,211.5|587.45
56470,470.7|234.0
56471,388.05|288.0
56472,210.45|274.0
56473,476.2|228.75
56474,360.95|212.0
56475,359.45|266.1
56476,375.35|593.05
56477,440.25|557.05
56478,520.8|573.4
56479,217.55|226.75
56480,578.45|450.95
56481,575.05|461.5
56482,265.0|308.45
56483,595.05|363.4
56484,355.05|311.75
56485,586.8|413.15
56486,532.35|297.1
56487,213.9|375.95
56488,322.25|382.15
56489,237.55|277.15
56490,353.0|210.7
56491,397.4|592.85
56492,587.05|210.25
56493,365.15|227.35
56494,295.6|430.55
56495,207.65|524.75
56496,480.15|222.35
56497,534.35|423.2
56498,212.85|246.4
56499,525.2|360.1
56500,267.8|550.85
56501,448.6|590.0
56502,327.25|543.0
56503,343.9|220.6
56504,300.1|498.15
56505,293.45|341.7
56506,215.8|508.85
56507,284.65|334.35
56508,450.2|588.8
56509,393.4|592.3
56510,579.5|502.85
56511,361.85|335.7
56512,546.05|545.05
56513,388.35|462.35
56514,506.45|398.9
56515,255.9|501.1
56516,218.35|566.0
56517,543.7|421.8
56518,400.15|504.55
56519,283.8|332.15
56520,245.4|503.05
56521,577.65|465.05
56522,459.6|240.15
56523,287.85|299.65
56524,571.75|448.4
56525,434.5|226.95
56526,419.1|490.45
56527,491.5|367.1
56528,404.7|378.95
56529,460.25|533.8
56530,531.2|449.6
56531,431.1|418.3
56532,459.35|582.5
56533,466.9|478.0
56534,215.45|505.2
56535,447.9|221.0
56536,581.55|409.6
56537,581.05|552.0
56538,401.35|315.8
56539,286.4|418.3
56540,320.4|510.95
56541,419.35|396.45
56542,344.05|218.65
56543,486.8|482.6
56544,385.4|208.7
56545,224.6|488.1
56546,255.8|424.25
56547,565.45|476.3
56548,292.0|374.4
56549,588.8|421.65
56550,273.55|386.5
56551,472.6|465.85
56552,400.95|497.7
56553,457.65|442.75
56554,594.3|405.6
56555,550.0|497.6
56556,526.25|489.1
56557,475.25|293.7
56558,269.85|270.9
56559,404.3|510.9
56560,356.35|424.35
56561,274.1|239.65
56562,423.7|320.4
56563,540.45|420.3
56564,386.55|326.2
56565,463.4|574.8
56566,505.05|466.1
56567,279.75|576.1
56568,586.5|449.9
56569,382.5|592.95
56570,518.05|362.15
56571,247.65|238.15
56572,550.95|563.2
56573,399.6|567.75
56574,229.45|312.1
56575,379.95|495.3
56576,506.0|491.25
56577,289.65|457.3
56578,406.85|279.05
56579,218.0|465.75
56580,491.0|510.35
56581,398.55|514.4
56582,368.6|596.4
56583,359.6|212.35
56584,537.45|312.8
56585,356.95|596.15
56586,264.55|309.0
56587,407.65|312.05
56588,456.25|263.1
56589,214.95|379.9
56590,327.95|312.0
56591,477.95|468.35
56592,474.1|244.7
56593,315.05|527.35
56594,553.5|577.1
56595,344.15|267.5
56596,274.55|436.2
56597,258.2|421.9
56598,483.25|250.3
56599,523.7|407.45
56600,338.4|252.8
56601,242.85|410.3
56602,544.9|584.65
56603,216.6|256.05
56604,546.65|230.6
56605,217.85|309.45
56606,505.5|469.6
56607,298.05|594.45
56608,374.0|278.15
56609,265.8|380.6
56610,362.85|211.35
56611,400.25|290.15
56612,410.1|334.65
56613,270.65|375.5
56614,224.65|331.0
56615,344.0|329.0
56616,469.45|465.8
56617,475.85|230.85
56618,552.6|297.65
56619,412.05|348.5
56620,551.95|268.8
56621,232.6|583.65
56622,579.8|449.2
56623,560.1|436.75
56624,419.3|565.15
56625,263.4|293.85
56626,552.85|308.95
56627,282.4|337.3
56628,548.35|254.7
56629,423.25|343.9
56630,592.95|276.7
56631,552.85|263.1
56632,467.8|321.45
56633,582.65|532.8
56634,540.7|550.85
56635,432.0|546.8
56636,333.9|577.65
56637,410.55|578.8
56638,451.75|483.05
56639,592.5|467.4
56640,391.2|506.15
56641,487.75|514.1
56642,387.15|269.85
56643,553.95|490.8
56644,371.3|219.5
56645,264.65|288.8
56646,462.65|589.7
56647,242.35|229.4
56648,331.35|422.75
56649,241.05|376.8
56650,543.95|334.5
56651,532.35|584.6
56652,438.95|582.75
56653,445.5|254.25
56654,213.4|578.0
56655,366.0|219.8
56656,390.75|547.85
56657,475.6|549.6
56658,373.3|456.4
56659,585.15|287.45
56660,436.25|432.0
56661,205.4|396.25
56662,402.8|328.8
56663,594.0|587.05
56664,228.25|379.45
56665,588.15|403.8
56666,386.1|420.45
56667,434.8|551.35
56668,342.25|230.15
56669,278.5|451.4
56670,505.35|325.7
56671,344.15|417.75
56672,246.75|481.9
56673,487.25|499.45
56674,252.8|295.15
56675,564.95|402.7
56676,238.1|428.35
56677,423.65|230.8
56678,588.0|293.9
56679,234.3|542.0
56680,346.6|512.6
56681,549.75|582.7
56682,356.1|498.7
56683,216.6|573.65
56684,343.65|592.55
56685,223.45|495.15
56686,353.0|234.25
56687,381.25|554.7
56688,251.15|411.3
56689,329.05|365.05
56690,409.65|569.65
56691,529.7|339.35
56692,472.25|250.9
56693,437.1|314.9
56694,246.1|559.45
56695,210.45|580.2
56696,489.0|396.2
56697,309.2|332.1
56698,473.75|482.45
56699,375.95|258.15
56700,288.25|392.35
56701,569.95|223.65
56702,208.65|555.65
56703,585.85|209.7
56704,409.55|529.3
56705,402.95|486.25
56706,278.8|326.2
56707,417.15|346.9
56708,216.0|226.3
56709,359.9|387.25
56710,204.0|510.85
56711,519.1|478.65
56712,237.0|433.6
56713,344.6|320.05
56714,419.95|494.6
56715,358.75|248.75
56716,213.85|426.7
56717,257.35|231.6
56718,399.05|497.75
56719,462.15|228.55
56720,345.0|359.65
56721,498.6|286.1
56722,259.85|341.1
56723,241.2|498.6
56724,455.9|432.85
56725,238.6|332.25
56726,590.3|353.25
56727,567.75|221.55
56728,435.9|453.9
56729,283.5|547.5
56730,225.05|387.2
56731,360.9|560.75
56732,473.8|323.85
56733,442.7|402.4
56734,407.5|445.4
56735,453.7|469.3
56736,444.25|232.9
56737,459.8|282.85
56738,566.7|460.15
56739,244.45|250.25
56740,465.3|505.75
56741,445.8|400.5
56742,236.75|524.6
56743,516.9|492.55
56744,401.2|475.6
56745,404.4|571.0
56746,548.9|245.9
56747,594.15|296.15
56748,567.05|319.6
56749,277.65|247.55
56750,279.7|378.8
56751,289.2|587.75
56752,281.75|382.45
56753,494.4|357.55
56754,567.25|589.85
56755,229.9|382.4
56756,431.6|229.9
56757,461.1|221.0
56758,396.8|368.3
56759,470.85|438.15
56760,554.6|567.95
56761,558.65|234.15
56762,563.3|247.7
56763,223.7|529.25
56764,335.1|472.05
56765,391.45|587.8
56766,241.95|362.3
56767,212.8|228.5
56768,529.4|429.3
56769,438.15|331.25
56770,541.2|289.6
56771,290.45|323.95
56772,574.75|343.2
56773,526.3|451.0
56774,259.55|566.35
56775,244.15|385.7
56776,461.05|224.75
56777,565.1|220.4
56778,580.65|314.75
56779,419.5|232.4
56780,573.4|480.9
56781,529.1|549.05
56782,592.15|237.55
56783,416.9|394.95
56784,439.85|233.65
56785,358.95|218.25
56786,235.4|300.9
56787,427.9|450.05
56788,332.15|306.2
56789,232.4|409.15
56790,473.6|307.95
56791,274.45|286.7
56792,230.9|319.65
56793,321.55|412.9
56794,379.35|267.65
56795,453.4|396.4
56796,417.55|468.0
56797,563.05|344.85
56798,371.95|524.6
56799,500.7|374.55
56800,260.5|359.2
56801,568.05|442.1
56802,283.55|519.0
56803,416.7|467.65
56804,390.3|279.8
56805,587.75|483.45
56806,364.0|359.35
56807,429.2|578.65
56808,585.15|488.95
56809,451.15|231.9
56810,220.7|491.05
56811,464.7|325.45
56812,576.05|466.3
56813,361.0|578.0
56814,415.05|588.0
56815,243.7|225.65
56816,565.1|274.8
56817,423.7|384.5
56818,261.0|233.9
56819,242.4|238.85
56820,220.2|425.5
56821,450.5|406.0
56822,428.5|377.45
56823,554.6|287.3
56824,232.15|362.85
56825,441.85|236.9
56826,359.3|221.5
56827,460.9|282.1
56828,522.4|440.25
56829,240.9|225.8
56830,391.95|283.5
56831,275.95|541.6
56832,423.7|225.65
56833,358.25|512.95
56834,545.1|320.75
56835,228.1|217.05
56836,393.05|594.15
56837,460.9|485.55
56838,308.15|352.1
56839,380.4|490.75
56840,214.05|462.45
56841,566.95|343.9
56842,234.8|288.6
56843,293.95|366.45
56844,486.45|457.55
56845,400.1|232.1
56846,460.4|248.6
56847,208.7|536.1
56848,416.9|215.3
56849,388.9|410.15
56850,396.85|507.8
56851,375.15|396.55
56852,386.65|299.2
56853,575.35|497.05
56854,560.45|584.2
56855,555.0|375.9
56856,240.55|216.05
56857,452.05|385.2
56858,366.45|373.85
56859,265.65|274.65
56860,210.8|520.8
56861,256.2|247.8
56862,258.25|531.95
56863,369.5|270.7
56864,273.6|455.6
56865,232.4|259.85
56866,255.9|357.0
56867,594.0|258.6
56868,474.75|356.05
56869,290.0|363.5
56870,475.85|260.05
56871,558.1|553.55
56872,325.75|385.75
56873,291.8|396.1
56874,310.5|358.15
56875,563.85|308.2
56876,243.95|572.6
56877,468.75|516.2
56878,568.05|238.8
56879,365.45|542.15
56880,587.0|593.8
56881,251.8|441.4
56882,581.5|518.95
56883,413.55|585.1
56884,516.7|445.85
56885,333.75|401.0
56886,377.2|339.95
56887,413.15|567.45
56888,558.45|500.0
56889,374.05|268.5
56890,473.6|503.35
56891,396.15|333.1
56892,463.0|383.05
56893,212.05|551.2
56894,506.75|359.1
56895,292.9|586.35
56896,404.8|319.3
56897,448.1|415.95
56898,454.85|439.85
56899,535.25|308.0
56900,361.9|497.05
56901,208.0|579.35
56902,348.8|325.6
56903,472.6|310.2
56904,396.7|486.35
56905,569.0|314.25
56906,549.9|424.65
56907,219.55|573.95
56908,351.95|544.3
56909,465.75|508.45
56910,375.7|498.8
56911,293.35|318.35
56912,254.9|416.95
56913,440.55|585.55
56914,367.95|247.0
56915,572.95|500.75
56916,373.1|444.15
56917,401.2|468.05
56918,448.05|387.05
56919,349.55|221.4
56920,246.5|519.9
56921,533.05|296.5
56922,282.25|349.3
56923,481.4|472.85
56924,585.6|512.7
56925,230.65|541.45
56926,460.5|268.65
56927,209.8|474.8
56928,343.75|553.95
56929,538.15|405.75
56930,343.5|392.9
56931,273.1|346.35
56932,277.35|395.4
56933,417.1|377.0
56934,217.15|503.65
56935,415.55|565.15
56936,476.3|451.8
56937,479.25|265.9
56938,431.75|296.25
56939,472.3|323.45
56940,206.15|493.0
56941,463.4|232.35
56942,355.4|516.95
56943,576.5|438.85
56944,591.5|211.0
56945,581.15|371.15
56946,401.8|580.6
56947,382.15|339.05
56948,256.05|280.45
56949,287.15|458.0
56950,211.85|489.7
56951,433.35|502.75
56952,526.35|418.0
56953,518.5|458.75
56954,409.35|343.7
56955,403.05|238.4
56956,238.6|483.05
56957,370.9|580.7
56958,280.0|571.55
56959,318.3|357.55
56960,545.9|300.9
56961,540.8|317.55
56962,447.45|237.5
56963,280.95|523.4
56964,478.9|526.2
56965,577.55|371.1
56966,355.3|538.45
56967,496.4|480.7
56968,449.95|453.5
56969,244.8|559.45
56970,338.85|563.6
56971,418.55|356.5
56972,579.6|320.85
56973,433.45|258.4
56974,444.95|593.35
56975,338.9|328.85
56976,364.3|349.05
56977,424.15|373.0
56978,525.25|530.8
56979,249.45|379.0
56980,347.6|338.05
56981,290.7|549.55
56982,452.15|264.25
56983,351.45|433.95
56984,345.6|436.55
56985,250.0|218.7
56986,206.6|330.5
56987,413.05|407.15
56988,590.6|357.35
56989,268.6|559.15
56990,425.35|492.75
56991,400.9|483.15
56992,356.25|256.0
56993,282.3|434.55
56994,476.6|357.15
56995,439.1|296.35
56996,417.05|583.3
56997,278.7|533.8
56998,568.45|413.8
56999,452.25|528.1
57000,547.4|239.8
57001,297.75|437.25
57002,455.6|386.75
57003,455.7|227.95
57004,576.55|305.0
57005,443.25|592.75
57006,452.4|528.0
57007,552.95|301.5
57008,582.7|223.05
57009,385.4|343.55
57010,218.05|477.85
57011,288.2|393.95
57012,477.0|306.4
57013,343.15|551.1
57014,275.8|435.85
57015,261.7|423.35
57016,552.95|295.2
57017,383.9|478.55
57018,395.1|590.1
57019,283.7|332.3
57020,579.05|566.15
57021,425.2|247.35
57022,333.45|328.65
57023,448.0|259.8
57024,458.8|453.3
57025,247.55|441.65
57026,462.3|277.65
57027,493.25|481.8
57028,267.65|270.45
57029,293.2|397.2
57030,544.3|216.7
57031,343.6|231.45
57032,582.0|584.95
57033,525.6|321.75
57034,521.45|495.15
57035,382.8|208.75
57036,435.85|441.1
57037,240.7|366.95
57038,309.5|461.05
57039,297.95|530.25
57040,213.8|585.75
57041,351.2|238.35
57042,442.7|232.35
57043,511.55|461.6
57044,555.25|315.5
57045,304.1|388.55
57046,521.4|355.55
57047,290.1|481.2
57048,208.8|316.05
57049,542.3|587.55
57050,349.55|443.65
57051,539.8|416.2
57052,520.7|293.75
57053,587.1|365.7
57054,227.05|425.35
57055,550.5|432.65
57056,541.4|440.9
57057,449.75|492.45
57058,390.2|419.9
57059,268.2|275.35
57060,579.8|461.2
57061,269.9|380.55
57062,457.4|272.8
57063,263.7|572.4
57064,268.0|417.45
57065,532.2|280.65
57066,544.5|265.35
57067,355.6|289.85
57068,386.75|302.05
57069,283.4|549.0
57070,261.85|346.0
57071,267.95|374.25
57072,318.8|433.05
57073,292.45|485.9
57074,396.7|364.4
57075,411.15|557.6
57076,210.1|275.75
57077,209.0|493.35
57078,254.9|397.0
57079,453.75|243.5
57080,303.5|226.6
57081,512.75|360.9
57082,282.05|583.4
57083,542.8|581.5
57084,427.35|270.15
57085,438.15|344.1
57086,317.3|326.65
57087,372.55|305.75
57088,402.35|561.8
57089,523.3|365.9
57090,368.25|218.2
57091,443.8|458.8
57092,288.5|535.4
57093,533.45|290.9
57094,215.65|585.15
57095,406.4|538.25
57096,525.05|342.4
57097,249.65|429.5
57098,391.8|569.8
57099,285.55|453.85
57100,212.95|575.65
57101,566.9|238.75
57102,400.85|559.1
57103,525.35|413.65
57104,411.0|491.8
57105,471.6|330.8
57106,304.65|312.9
57107,261.55|406.7
57108,469.5|293.4
57109,232.85|588.05
57110,266.55|543.45
57111,577.25|520.35
57112,593.35|214.7
57113,437.95|274.65
57114,385.35|466.55
57115,490.7|243.55
57116,561.05|326.85
57117,536.6|561.2
57118,241.15|243.75
57119,553.9|293.95
57120,334.1|364.8
57121,251.75|404.25
57122,545.45|575.4
57123,463.25|231.7
57124,549.3|383.35
57125,287.25|587.9
57126,516.9|433.55
57127,355.7|447.35
57128,591.05|253.3
57129,332.3|336.5
57130,381.1|300.4
57131,383.55|577.75
57132,547.6|317.45
57133,491.6|487.15
57134,464.6|370.65
57135,215.75|588.65
57136,531.65|541.5
57137,392.15|291.4
57138,564.1|525.95
57139,246.0|574.0
57140,427.15|364.0
57141,361.85|490.45
57142,348.65|212.9
57143,427.05|477.8
57144,402.05|350.75
57145,462.05|261.2
57146,467.85|521.85
57147,557.7|519.2
57148,342.9|223.55
57149,429.15|252.7
57150,495.2|255.3
57151,587.6|558.8
57152,491.1|486.6
57153,563.05|288.0
57154,560.7|581.95
57155,254.25|506.1
57156,209.25|247.45
57157,524.45|416.2
57158,269.1|569.9
57159,572.55|479.2
57160,337.4|592.05
57161,349.4|382.05
57162,391.05|532.75
57163,570.6|406.6
57164,392.1|358.8
57165,341.85|268.05
57166,430.05|486.6
57167,529.85|479.05
57168,568.0|583.45
57169,525.5|337.8
57170,255.8|549.95
57171,467.15|277.8
57172,592.6|474.05
57173,525.85|353.15
57174,435.85|227.6
57175,491.0|466.95
57176,275.05|244.0
57177,324.55|508.75
57178,233.85|374.35
57179,448.9|261.15
57180,243.25|459.35
57181,475.85|365.9
57182,435.7|385.45
57183,281.2|345.5
57184,533.75|330.9
57185,347.8|505.0
57186,591.95|414.1
57187,591.35|586.1
57188,412.9|225.5
57189,334.7|328.6
57190,257.0|297.55
57191,434.35|482.75
57192,454.15|362.8
57193,274.6|249.95
57194,538.65|527.15
57195,286.7|452.2
57196,207.9|319.75
57197,265.35|366.45
57198,241.9|221.35
57199,348.7|222.9
57200,399.95|391.7
57201,235.9|226.65
57202,548.55|343.45
57203,368.5|514.3
57204,218.8|552.5
57205,577.3|532.05
57206,415.2|300.65
57207,467.0|338.0
57208,240.95|407.15
57209,361.85|440.35
57210,393.0|445.35
57211,564.2|228.3
57212,571.9|290.3
57213,422.35|577.1
57214,411.4|363.6
57215,421.9|316.65
57216,310.0|408.1
57217,283.3|361.45
57218,282.9|440.35
57219,258.35|496.75
57220,355.25|434.35
57221,218.35|319.9
57222,269.45|257.85
57223,432.35|546.15
57224,542.65|423.5
57225,377.75|268.55
57226,424.8|578.2
57227,360.4|264.05
57228,251.85|413.75
57229,217.1|578.2
57230,239.0|264.3
57231,576.95|564.45
57232,281.25|443.7
57233,379.2|331.05
57234,221.65|551.55
57235,311.2|354.25
57236,267.0|547.75
57237,542.55|268.25
57238,465.65|453.95
57239,286.4|529.6
57240,453.35|309.4
57241,219.5|418.3
57242,589.2|575.0
57243,362.25|347.55
57244,569.8|467.7
57245,296.9|432.85
57246,404.35|567.5
57247,265.15|564.85
57248,387.95|327.55
57249,293.85|537.4
57250,291.3|341.95
57251,253.15|254.0
57252,245.8|421.15
57253,391.1|570.45
57254,594.45|209.25
57255,539.2|470.7
57256,223.4|271.85
57257,531.7|535.65
57258,593.0|354.65
57259,441.55|374.35
57260,589.5|486.3
57261,581.05|541.7
57262,251.95|210.65
57263,369.95|379.75
57264,592.4|370.95
57265,553.4|560.8
57266,408.1|336.15
57267,269.05|568.15
57268,443.6|297.1
57269,281.5|588.1
57270,397.2|568.9
57271,409.15|504.7
57272,458.2|583.35
57273,229.4|339.9
57274,542.35|587.7
57275,229.55|501.0
57276,492.8|504.7
57277,358.8|412.9
57278,423.35|218.1
57279,454.1|479.35
57280,452.15|582.1
57281,209.6|463.75
57282,557.0|234.15
57283,539.0|335.3
57284,568.7|406.2
57285,250.75|222.95
57286,586.45|278.2
57287,379.5|293.25
57288,266.1|410.45
57289,398.9|397.35
57290,550.8|317.55
57291,239.35|508.55
57292,371.55|446.95
57293,574.6|586.6
57294,277.35|284.25
57295,429.85|313.25
57296,550.2|430.6
57297,244.7|479.7
57298,277.2|278.45
57299,455.65|381.95
57300,561.6|508.0
57301,351.2|525.2
57302,430.0|381.65
57303,459.9|443.35
57304,471.5|455.75
57305,256.9|550.6
57306,272.9|445.25
57307,240.45|547.6
57308,456.45|478.85
57309,560.4|537.85
57310,401.2|229.0
57311,462.35|304.5
57312,487.35|375.0
57313,210.65|571.45
57314,582.65|458.2
57315,467.9|320.55
57316,331.85|580.2
57317,547.25|436.35
57318,292.8|547.65
57319,569.7|404.15
57320,212.75|466.35
57321,394.95|579.0
57322,461.35|251.65
57323,465.3|499.2
57324,244.1|299.05
57325,583.55|326.85
57326,456.8|446.3
57327,571.4|537.35
57328,533.55|360.95
57329,354.8|263.95
57330,577.9|217.75
57331,502.8|274.55
57332,224.9|588.0
57333,375.95|578.95
57334,444.6|473.3
57335,512.85|368.95
57336,394.55|282.0
57337,356.1|466.2
57338,379.2|452.55
57339,520.3|535.2
57340,233.15|424.25
57341,512.6|441.2
57342,423.9|284.9
57343,293.2|344.2
57344,532.3|485.95
57345,459.4|572.65
57346,466.3|518.2
57347,569.8|471.1
57348,573.15|261.5
57349,377.0|382.6
57350,360.35|541.4
57351,361.0|367.7
57352,207.2|587.3
57353,468.75|455.1
57354,561.7|316.4
57355,223.4|301.05
57356,542.45|544.2
57357,210.0|242.9
57358,406.85|584.0
57359,449.55|292.9
57360,236.35|560.35
57361,227.7|346.8
57362,322.35|389.0
57363,550.55|589.5
57364,541.75|590.35
57365,269.4|574.7
57366,470.8|459.35
57367,579.6|417.9
57368,459.9|400.0
57369,355.55|444.15
57370,404.7|336.85
57371,536.4|243.2
57372,263.7|222.9
57373,432.15|345.15
57374,236.4|334.15
57375,399.55|378.3
57376,449.55|454.5
57377,215.95|302.7
57378,387.55|482.5
57379,463.7|479.65
57380,494.6|252.0
57381,216.55|422.65
57382,398.8|514.15
57383,230.2|474.45
57384,242.5|495.9
57385,213.05|259.1
57386,467.2|259.45
57387,357.8|387.75
57388,220.6|239.15
57389,429.5|482.7
57390,299.75|374.85
57391,540.3|585.75
57392,257.3|422.05
57393,346.5|431.05
57394,432.9|590.0
57395,330.45|429.75
57396,578.9|361.6
57397,278.15|563.1
57398,211.35|584.05
57399,213.9|281.1
57400,573.4|335.85
57401,410.45|332.05
57402,519.85|520.2
57403,418.5|317.25
57404,470.85|281.8
57405,400.8|432.75
57406,240.85|546.1
57407,422.5|224.55
57408,208.25|520.05
57409,238.3|220.9
57410,528.05|504.15
57411,319.95|348.3
57412,360.4|449.25
57413,582.2|437.3
57414,275.25|371.5
57415,463.2|227.9
57416,277.8|566.5
57417,346.15|581.7
57418,290.05|516.85
57419,398.8|303.4
57420,472.15|465.95
57421,387.4|359.55
57422,270.2|365.45
57423,474.35|269.55
57424,453.8|297.6
57425,445.25|446.25
57426,538.85|260.25
57427,294.25|554.55
57428,279.1|252.95
57429,270.65|574.8
57430,317.8|392.7
57431,554.4|423.05
57432,404.7|389.8
57433,488.8|443.1
57434,344.15|587.35
57435,462.35|250.1
57436,497.35|392.15
57437,352.25|335.95
57438,430.6|342.9
57439,552.05|247.15
57440,572.85|447.5
57441,219.55|398.45
57442,420.6|396.15
57443,209.5|587.25
57444,355.35|513.85
57445,249.6|531.85
57446,460.8|465.5
57447,406.45|541.1
57448,518.35|514.85
57449,320.5|411.45
57450,447.95|587.95
57451,296.2|419.3
57452,566.2|260.7
57453,584.05|360.15
57454,357.85|421.05
57455,534.9|536.8
57456,545.05|444.85
57457,361.7|287.5
57458,347.75|381.7
57459,431.05|492.05
57460,222.55|355.1
57461,353.75|338.95
57462,536.2|331.85
57463,264.6|279.0
57464,314.4|213.85
57465,414.3|355.85
57466,338.55|284.05
57467,570.95|297.45
57468,463.75|248.15
57469,568.0|304.7
57470,433.45|415.95
57471,570.3|584.75
57472,538.3|548.75
57473,218.9|278.3
57474,455.2|336.85
57475,565.85|577.55
57476,567.1|419.85
57477,219.2|427.45
57478,259.75|240.0
57479,341.4|426.9
57480,387.1|393.2
57481,561.85|471.5
57482,346.5|221.0
57483,319.3|399.5
57484,545.5|263.4
57485,458.2|297.15
57486,423.55|340.9
57487,391.75|308.6
57488,356.1|326.5
57489,532.6|291.25
57490,542.25|240.4
57491,474.05|343.85
57492,553.85|532.5
57493,552.6|412.85
57494,506.25|327.25
57495,559.55|268.7
57496,268.1|382.25
57497,360.95|335.35
57498,250.6|571.85
57499,344.1|251.45
57500,464.2|357.95
57501,218.9|296.8
57502,418.55|348.25
57503,590.4|285.1
57504,567.35|417.8
57505,557.8|302.2
57506,531.5|528.6
57507,480.45|484.2
57508,413.95|305.2
57509,421.4|556.4
57510,341.2|580.5
57511,568.35|514.2
57512,271.8|539.9
57513,580.75|402.45
57514,330.2|497.0
57515,378.05|474.45
57516,227.15|209.1
57517,459.7|418.25
57518,582.4|503.6
57519,590.5|286.4
57520,341.6|224.2
57521,405.0|485.25
57522,336.95|390.6
57523,227.7|438.2
57524,473.35|457.7
57525,460.3|412.1
57526,328.55|414.45
57527,218.4|574.95
57528,453.85|389.5
57529,289.3|305.85
57530,584.1|355.1
57531,445.5|385.65
57532,340.9|538.7
57533,359.15|488.2
57534,494.3|286.75
57535,233.85|589.05
57536,207.55|470.85
57537,249.0|484.4
57538,221.6|568.9
57539,229.85|312.0
57540,491.7|341.85
57541,535.1|561.95
57542,225.15|386.3
57543,264.0|417.0
57544,433.85|380.5
57545,287.9|378.45
57546,350.3|507.25
57547,276.35|336.05
57548,519.25|543.55
57549,224.05|584.9
57550,574.9|323.8
57551,378.45|490.2
57552,242.2|258.8
57553,430.5|591.1
57554,360.15|378.15
57555,215.4|232.5
57556,244.5|461.4
57557,289.8|529.65
57558,318.15|380.7
57559,245.05|290.9
57560,456.75|525.3
57561,387.25|472.9
57562,395.85|363.15
57563,456.2|584.8
57564,549.2|586.85
57565,461.4|303.1
57566,436.05|457.85
57567,578.95|248.05
57568,529.95|331.55
57569,241.9|567.35
57570,569.05|452.85
57571,244.85|211.45
57572,499.75|447.0
57573,394.15|572.25
57574,569.85|295.3
57575,587.0|209.9
57576,238.3|510.75
57577,222.95|253.95
57578,214.7|370.45
57579,295.15|425.6
57580,341.15|308.15
57581,579.3|340.25
57582,453.45|359.0
57583,545.8|519.25
57584,481.35|485.65
57585,451.3|385.2
57586,377.0|491.95
57587,559.45|352.25
57588,238.6|559.65
57589,368.85|437.85
57590,213.15|377.35
57591,398.7|506.45
57592,523.85|558.25
57593,484.05|449.8
57594,415.15|218.65
57595,448.2|327.0
57596,381.7|242.5
57597,410.3|589.5
57598,349.35|514.0
57599,431.1|251.35
57600,419.15|541.15
57601,590.1|591.85
57602,280.9|475.2
57603,540.05|336.15
57604,426.9|589.3
57605,253.7|575.45
57606,541.15|545.8
57607,231.25|389.4
57608,295.5|383.75
57609,573.25|423.0
57610,557.35|331.65
57611,480.15|208.35
57612,347.5|548.8
57613,380.55|560.7
57614,411.65|553.2
57615,401.05|371.35
57616,206.05|471.2
57617,481.05|209.05
57618,470.4|277.8
57619,461.6|442.75
57620,589.85|560.7
57621,381.95|562.5
57622,244.1|492.3
57623,438.55|442.5
57624,406.15|251.55
57625,419.75|476.15
57626,347.75|585.2
57627,229.4|482.15
57628,543.6|563.05
57629,532.85|544.65
57630,240.05|281.5
57631,460.1|466.3
57632,507.4|317.7
57633,575.9|389.35
57634,209.0|583.8
57635,452.8|575.35
57636,559.65|581.5
57637,354.45|241.1
57638,421.0|281.6
57639,401.3|436.4
57640,342.35|247.1
57641,377.95|523.45
57642,542.65|481.35
57643,587.7|567.0
57644,367.05|217.0
57645,396.85|259.35
57646,403.6|342.6
57647,506.2|248.1
57648,239.35|454.35
57649,529.2|331.65
57650,422.3|539.95
57651,299.8|404.8
57652,470.3|329.9
57653,218.35|483.7
57654,260.75|543.0
57655,558.5|310.7
57656,569.35|437.8
57657,220.9|503.05
57658,436.3|449.4
57659,563.65|440.9
57660,252.75|369.7
57661,352.5|513.3
57662,453.6|590.25
57663,465.3|288.35
57664,241.1|395.1
57665,273.2|361.85
57666,491.05|284.8
57667,459.65|473.65
57668,570.85|323.15
57669,233.1|452.15
57670,593.25|294.7
57671,362.6|490.65
57672,456.8|559.1
57673,420.75|385.7
57674,255.05|546.4
57675,377.25|227.95
57676,397.6|206.85
57677,266.45|398.75
57678,346.25|379.6
57679,394.35|560.3
57680,235.4|572.3
57681,475.2|266.3
57682,528.1|280.95
57683,350.8|294.85
57684,377.5|457.8
57685,221.55|298.6
57686,224.6|501.45
57687,442.15|400.05
57688,266.8|560.15
57689,429.3|553.5
57690,592.25|557.6
57691,449.75|309.75
57692,277.55|578.95
57693,337.2|398.7
57694,369.65|429.85
57695,584.0|574.15
57696,393.05|307.1
57697,362.35|545.75
57698,367.4|338.8
57699,451.55|456.8
57700,236.95|359.05
57701,484.25|307.0
57702,564.1|221.85
57703,210.5|328.45
57704,262.2|595.75
57705,494.2|509.7
57706,382.65|349.25
57707,440.35|440.3
57708,367.45|441.1
57709,300.7|518.05
57710,591.5|348.55
57711,428.2|469.65
57712,251.3|556.8
57713,342.35|418.55
57714,522.2|515.45
57715,235.35|404.5
57716,395.55|208.7
57717,219.75|480.55
57718,239.8|341.3
57719,280.4|528.45
57720,293.65|365.05
57721,399.7|580.6
57722,307.5|530.8
57723,574.1|214.9
57724,249.25|521.35
57725,253.5|234.3
57726,221.7|590.6
57727,530.35|313.5
57728,206.55|591.2
57729,211.7|264.25
57730,217.65|248.8
57731,303.95|481.3
57732,452.95|351.05
57733,248.05|359.4
57734,585.25|230.1
57735,332.45|541.75
57736,443.05|591.65
57737,207.25|504.5
57738,398.95|298.55
57739,406.1|335.7
57740,557.6|241.95
57741,462.7|440.2
57742,580.6|357.5
57743,478.15|332.05
57744,221.15|250.9
57745,452.0|458.6
57746,366.9|392.55
57747,581.25|587.55
57748,455.45|430.35
57749,317.85|439.9
57750,577.7|287.0
57751,535.1|542.25
57752,591.4|266.0
57753,238.3|445.9
57754,388.45|469.55
57755,385.45|406.4
57756,313.85|359.15
57757,402.4|545.7
57758,444.85|414.5
57759,248.2|221.5
57760,543.7|267.35
57761,210.55|341.25
57762,508.9|516.05
57763,576.8|213.1
57764,486.25|371.85
57765,495.55|307.95
57766,549.25|288.25
57767,268.95|310.6
57768,306.55|426.9
57769,323.4|364.45
57770,364.9|389.95
57771,550.4|587.95
57772,592.4|572.4
57773,401.6|529.45
57774,529.45|434.75
57775,477.8|484.35
57776,206.85|583.65
57777,416.55|415.05
57778,462.4|477.1
57779,298.85|568.05
57780,569.0|239.25
57781,577.65|323.65
57782,288.3|319.35
57783,411.3|499.05
57784,410.95|315.85
57785,347.1|252.85
57786,590.45|207.55
57787,370.35|212.95
57788,255.6|258.9
57789,566.55|561.45
57790,559.75|589.6
57791,251.65|378.9
57792,428.25|262.5
57793,475.05|546.25
57794,330.75|277.0
57795,407.15|359.35
57796,543.05|374.45
57797,557.8|242.05
57798,355.85|214.15
57799,570.0|517.15
57800,461.5|552.45
57801,283.9|427.15
57802,224.85|228.7
57803,249.2|356.8
57804,534.7|546.1
57805,253.95|328.0
57806,221.6|571.1
57807,243.95|491.25
57808,392.25|328.05
57809,557.5|239.0
57810,341.6|593.3
57811,257.75|250.15
57812,238.3|224.15
57813,575.25|209.5
57814,469.5|226.1
57815,384.6|444.5
57816,222.35|226.75
57817,525.75|403.5
57818,334.75|340.85
57819,452.35|502.45
57820,412.35|263.05
57821,328.5|571.4
57822,254.0|308.9
57823,363.25|572.15
57824,235.4|375.25
57825,233.75|584.95
57826,295.1|324.5
57827,586.2|335.95
57828,345.55|384.3
57829,280.95|529.95
57830,553.3|457.35
57831,338.4|237.2
57832,590.0|521.95
57833,269.05|425.0
57834,251.9|266.95
57835,394.5|445.95
57836,437.55|470.45
57837,339.5|239.55
57838,270.15|330.75
57839,371.8|461.0
57840,456.95|314.2
57841,334.95|412.0
57842,428.05|453.8
57843,222.65|501.55
57844,537.3|540.7
57845,551.6|241.55
57846,361.75|585.4
57847,456.65|346.9
57848,453.2|526.65
57849,331.35|430.95
57850,458.4|270.1
57851,399.3|313.0
57852,400.85|346.9
57853,244.95|382.35
57854,417.4|208.55
57855,420.0|317.7
57856,391.2|275.05
57857,373.45|526.3
57858,539.2|339.2
57859,370.7|588.95
57860,448.7|270.65
57861,524.8|335.15
57862,583.5|363.2
57863,410.6|545.5
57864,395.2|419.9
57865,431.65|552.9
57866,588.45|477.4
57867,543.35|327.8
57868,273.25|223.6
57869,338.95|339.9
57870,254.85|366.5
57871,291.3|336.75
57872,427.05|324.35
57873,405.85|565.05
57874,349.05|582.2
57875,393.35|315.0
57876,424.85|346.6
57877,422.35|564.3
57878,210.1|249.9
57879,538.45|400.15
57880,404.3|314.6
57881,568.65|457.9
57882,355.35|525.1
57883,546.2|221.3
57884,286.3|382.3
57885,408.3|357.75
57886,385.4|325.05
57887,433.65|562.95
57888,455.05|332.45
57889,581.3|469.65
57890,325.05|427.45
57891,443.1|568.95
57892,318.6|347.4
57893,586.2|248.8
57894,234.5|383.2
57895,237.95|428.05
57896,549.55|279.05
57897,451.8|537.7
57898,476.4|336.75
57899,222.65|397.2
57900,355.1|449.5
57901,506.85|475.85
57902,348.45|590.0
57903,470.4|497.4
57904,250.85|279.05
57905,589.65|407.05
57906,347.05|435.5
57907,241.15|590.95
57908,407.55|227.5
57909,344.4|216.55
57910,514.8|502.3
57911,518.4|505.5
57912,467.05|468.1
57913,529.15|466.9
57914,253.75|225.2
57915,214.2|306.4
57916,236.55|288.4
57917,520.35|508.0
57918,408.95|537.3
57919,583.45|484.7
57920,477.5|531.3
57921,411.35|496.4
57922,241.25|229.0
57923,273.6|503.65
57924,247.65|375.15
57925,589.65|399.1
57926,566.95|488.3
57927,206.85|526.6
57928,393.55|228.55
57929,582.8|584.95
57930,319.05|391.0
57931,389.35|424.35
57932,581.35|436.3
57933,475.1|487.3
57934,386.65|550.5
57935,460.2|434.25
57936,354.6|444.75
57937,550.85|290.1
57938,213.05|255.3
57939,221.55|296.95
57940,210.6|492.55
57941,577.7|394.95
57942,280.0|347.25
57943,264.2|446.8
57944,566.5|459.15
57945,365.95|495.9
57946,395.25|358.15
57947,563.95|557.1
57948,467.1|425.2
57949,539.55|589.75
57950,588.9|308.55
57951,338.45|398.9
57952,409.3|590.0
57953,433.75|587.5
57954,304.3|444.3
57955,474.1|333.35
57956,343.75|221.35
57957,587.25|309.3
57958,251.1|276.0
57959,236.7|566.5
57960,406.55|368.4
57961,369.45|447.05
57962,532.8|300.45
57963,230.2|466.5
57964,357.5|473.3
57965,486.6|367.4
57966,260.95|262.45
57967,300.25|380.6
57968,571.05|469.6
57969,272.4|581.15
57970,274.25|333.2
57971,575.45|416.8
57972,376.05|411.3
57973,345.8|244.25
57974,256.35|282.1
57975,574.95|389.15
57976,234.55|273.85
57977,551.9|229.4
57978,384.4|503.35
57979,351.0|224.65
57980,342.1|410.05
57981,464.15|220.05
57982,379.95|285.0
57983,320.65|315.95
57984,278.5|438.75
57985,346.75|226.45
57986,261.65|365.0
57987,456.05|303.5
57988,394.55|213.2
57989,392.0|496.4
57990,460.35|303.15
57991,424.7|471.25
57992,437.65|475.35
57993,442.45|440.4
57994,391.95|511.0
57995,580.55|572.85
57996,408.1|365.8
57997,354.35|449.1
57998,558.1|221.1
57999,534.55|491.7
58000,458.85|535.8
58001,471.2|533.9
58002,557.45|249.1
58003,345.7|431.95
58004,587.05|511.4
58005,551.7|279.9
58006,467.65|333.5
58007,416.05|254.3
58008,225.9|541.55
58009,272.05|584.6
58010,400.2|571.3
58011,494.45|340.75
58012,588.5|416.45
58013,570.3|457.55
58014,292.8|344.4
58015,541.85|334.75
58016,473.75|346.6
58017,507.7|561.6
58018,360.8|509.65
58019,477.4|480.3
58020,393.35|575.1
58021,594.0|560.75
58022,548.1|585.5
58023,570.55|316.3
58024,439.65|319.85
58025,469.95|243.2
58026,474.8|342.1
58027,488.0|365.3
58028,535.9|349.85
58029,422.7|315.05
58030,458.9|259.15
58031,454.6|235.65
58032,424.4|295.65
58033,542.6|546.8
58034,263.1|299.8
58035,556.9|578.05
58036,566.9|256.85
58037,544.35|468.1
58038,284.35|439.95
58039,586.75|526.05
58040,425.65|387.15
58041,556.65|545.15
58042,352.4|377.5
58043,589.25|362.25
58044,368.4|562.55
58045,451.2|305.95
58046,226.05|490.65
58047,271.55|278.15
58048,423.55|419.15
58049,289.1|453.1
58050,387.45|235.45
58051,284.25|450.25
58052,538.7|543.95
58053,499.75|461.05
58054,265.0|291.1
58055,377.7|550.7
58056,587.95|507.15
58057,582.25|317.65
58058,377.8|345.3
58059,455.3|330.55
58060,535.35|343.25
58061,224.2|280.8
58062,385.7|289.4
58063,372.65|209.65
58064,562.3|385.15
58065,293.15|368.6
58066,250.1|400.05
58067,556.55|401.2
58068,386.25|219.5
58069,471.1|282.55
58070,364.3|239.7
58071,428.4|536.25
58072,561.3|587.85
58073,372.9|248.55
58074,368.3|485.75
58075,409.2|266.2
58076,409.1|587.0
58077,230.3|484.7
58078,216.9|302.25
58079,578.6|472.15
58080,405.55|509.65
58081,454.75|266.4
58082,452.15|472.7
58083,521.75|292.3
58084,237.9|242.7
58085,408.1|539.85
58086,525.6|543.9
58087,219.2|472.45
58088,439.75|377.4
58089,586.1|397.7
58090,477.95|344.15
58091,283.45|428.45
58092,353.15|267.9
58093,427.25|499.5
58094,209.2|582.6
58095,235.55|245.3
58096,430.4|444.7
58097,282.05|431.3
58098,245.2|536.75
58099,529.9|345.25
58100,381.75|469.7
58101,548.4|517.9
58102,403.3|533.8
58103,546.35|460.55
58104,556.95|234.65
58105,370.1|514.4
58106,364.35|256.5
58107,367.3|583.25
58108,400.75|584.8
58109,534.95|339.05
58110,367.5|314.4
58111,230.8|317.25
58112,255.8|213.85
58113,209.4|472.25
58114,503.35|446.35
58115,232.2|474.55
58116,343.55|426.8
58117,564.2|243.15
58118,427.6|499.8
58119,243.65|246.1
58120,379.7|274.3
58121,376.55|322.4
58122,242.35|274.75
58123,383.7|280.1
58124,436.2|314.8
58125,286.95|407.6
58126,209.1|257.9
58127,531.75|502.85
58128,252.9|490.65
58129,281.95|413.5
58130,524.1|539.05
58131,282.35|324.15
58132,286.55|549.1
58133,234.6|477.6
58134,203.85|457.55
58135,482.15|492.2
58136,589.8|501.25
58137,345.15|225.35
58138,246.75|426.2
58139,211.2|582.6
58140,531.6|325.1
58141,265.3|426.5
58142,256.9|553.45
58143,247.2|508.15
58144,262.95|278.35
58145,364.6|265.15
58146,373.8|290.75
58147,551.2|533.85
58148,522.0|459.45
58149,378.55|231.75
58150,540.65|321.15
58151,216.3|478.8
58152,249.95|493.7
58153,263.9|582.85
58154,571.1|570.4
58155,422.75|399.05
58156,214.15|586.65
58157,423.65|515.5
58158,538.95|247.35
58159,233.4|442.1
58160,383.6|512.65
58161,410.95|361.3
58162,585.5|449.75
58163,215.2|588.55
58164,260.8|573.85
58165,582.75|444.75
58166,277.8|291.45
58167,448.05|564.6
58168,342.95|576.35
58169,253.6|333.3
58170,401.85|277.5
58171,519.6|532.9
58172,566.25|432.9
58173,417.8|368.85
58174,239.55|523.0
58175,248.2|299.35
58176,218.0|489.3
58177,537.45|575.05
58178,558.6|588.05
58179,495.15|216.55
58180,238.05|312.4
58181,231.3|326.45
58182,381.55|223.8
58183,350.55|436.2
58184,383.85|590.65
58185,284.95|530.0
58186,272.9|487.9
58187,550.55|405.1
58188,570.95|384.25
58189,250.3|520.3
58190,343.6|411.15
58191,412.3|223.2
58192,263.95|454.3
58193,247.25|524.95
58194,428.35|592.1
58195,434.85|223.3
58196,577.2|458.5
58197,266.15|277.0
58198,347.95|258.7
58199,574.1|538.0
58200,543.5|516.9
58201,347.9|384.05
58202,580.05|438.0
58203,357.9|463.3
58204,400.75|307.55
58205,431.45|429.3
58206,225.65|266.3
58207,297.2|390.3
58208,234.4|365.2
58209,573.4|336.85
58210,338.1|560.45
58211,529.0|232.95
58212,245.95|472.6
58213,417.1|583.45
58214,222.45|449.35
58215,417.0|583.05
58216,579.0|294.6
58217,526.75|446.8
58218,386.0|357.95
58219,483.75|326.6
58220,261.85|534.35
58221,334.75|226.85
58222,429.3|244.65
58223,214.35|263.95
58224,302.5|270.0
58225,581.0|517.6
58226,393.3|498.55
58227,579.1|462.9
58228,370.3|490.8
58229,248.85|476.7
58230,373.55|564.05
58231,548.2|489.05
58232,454.8|417.25
58233,267.8|296.55
58234,562.95|251.65
58235,373.1|569.6
58236,247.9|356.8
58237,273.45|588.65
58238,411.6|413.8
58239,453.3|593.2
58240,370.4|213.95
58241,529.55|364.15
58242,238.55|423.1
58243,515.2|220.7
58244,375.3|267.4
58245,481.2|511.35
58246,549.25|219.8
58247,544.5|515.25
58248,445.85|242.2
58249,585.9|407.7
58250,293.5|549.85
58251,552.5|462.05
58252,481.45|285.75
58253,314.3|335.95
58254,447.55|326.7
58255,499.8|532.8
58256,539.35|334.55
58257,588.9|288.6
58258,586.7|228.3
58259,581.9|541.95
58260,462.75|446.65
58261,265.85|454.75
58262,534.7|561.85
58263,355.25|445.85
58264,226.5|333.7
58265,455.3|259.1
58266,474.05|513.75
58267,570.05|249.85
58268,379.9|341.0
58269,380.3|383.7
58270,591.75|561.35
58271,585.9|337.1
58272,475.55|370.15
58273,488.75|478.8
58274,481.5|557.7
58275,403.25|222.0
58276,288.2|351.65
58277,397.0|468.0
58278,215.85|236.25
58279,404.4|226.65
58280,274.75|286.5
58281,205.3|495.75
58282,457.3|222.75
58283,436.8|257.75
58284,443.75|262.65
58285,288.0|374.1
58286,566.3|440.45
58287,207.45|243.5
58288,297.6|316.0
58289,361.5|587.8
58290,307.15|393.9
58291,584.15|355.7
58292,470.25|315.3
58293,286.6|339.8
58294,572.1|539.5
58295,227.15|568.55
58296,385.95|350.65
58297,446.25|470.4
58298,334.2|341.55
58299,429.95|350.85
58300,462.9|236.6
58301,366.45|380.75
58302,349.3|221.55
58303,434.9|363.2
58304,469.65|213.4
58305,361.5|209.9
58306,317.3|425.25
58307,569.35|302.25
58308,436.3|445.7
58309,363.6|378.65
58310,489.1|345.5
58311,454.1|517.7
58312,528.85|487.6
58313,472.7|222.25
58314,318.8|587.9
58315,411.05|545.8
58316,374.1|478.25
58317,528.05|409.25
58318,353.5|376.45
58319,468.2|266.35
58320,583.1|323.45
58321,461.7|384.55
58322,213.8|285.2
58323,356.6|337.65
58324,567.4|519.6
58325,263.45|250.7
58326,477.55|225.45
58327,397.05|590.15
58328,221.0|582.25
58329,462.7|452.35
58330,382.8|248.15
58331,294.8|323.75
58332,247.0|529.95
58333,456.0|586.8
58334,471.2|445.75
58335,366.0|451.0
58336,245.2|362.5
58337,290.6|453.45
58338,348.55|567.9
58339,217.45|577.8
58340,561.0|407.95
58341,418.4|567.05
58342,329.35|417.5
58343,377.5|249.9
58344,282.4|528.05
58345,551.35|481.35
58346,573.8|389.6
58347,271.55|363.25
58348,276.35|594.6
58349,317.05|452.65
58350,290.2|468.25
58351,591.15|358.55
58352,464.45|350.45
58353,514.75|543.2
58354,426.65|259.6
58355,296.4|524.55
58356,222.55|406.05
58357,584.8|325.4
58358,388.5|419.0
58359,367.7|595.9
58360,450.4|398.6
58361,531.1|514.15
58362,241.45|426.55
58363,589.35|218.9
58364,583.85|559.9
58365,360.3|270.3
58366,277.4|412.25
58367,345.05|211.6
58368,592.75|466.4
58369,548.35|297.9
58370,253.6|408.65
58371,590.9|215.35
58372,477.2|311.75
58373,426.6|586.0
58374,215.35|266.85
58375,591.65|488.65
58376,282.0|506.95
58377,408.45|540.25
58378,465.8|237.1
58379,233.05|275.45
58380,544.3|358.55
58381,302.9|452.8
58382,213.7|464.6
58383,345.25|346.25
58384,592.6|569.15
58385,247.2|357.35
58386,377.35|330.15
58387,511.8|472.0
58388,285.9|468.0
58389,305.5|381.55
58390,553.6|325.7
58391,251.65|533.85
58392,512.05|452.05
58393,385.5|594.85
58394,243.45|432.05
58395,533.35|316.95
58396,506.65|326.25
58397,375.35|324.55
58398,537.8|304.55
58399,411.25|333.8
58400,452.55|464.85
58401,268.6|222.3
58402,421.35|431.55
58403,590.1|580.9
58404,246.0|510.2
58405,306.2|363.8
58406,548.1|243.55
58407,428.8|542.9
58408,384.5|462.45
58409,344.95|554.75
58410,428.8|574.5
58411,526.1|448.45
58412,219.05|509.5
58413,595.4|267.05
58414,471.4|260.0
58415,452.55|484.25
58416,325.7|345.4
58417,577.85|301.3
58418,335.85|288.35
58419,450.4|525.55
58420,456.9|383.05
58421,360.9|584.2
58422,406.8|340.25
58423,369.05|488.45
58424,295.8|339.7
58425,570.7|509.75
58426,291.65|478.65
58427,572.35|257.85
58428,508.8|506.1
58429,221.6|208.9
58430,550.4|538.15
58431,393.8|583.7
58432,228.15|281.2
58433,247.6|511.15
58434,251.9|431.2
58435,438.3|471.1
58436,526.15|521.85
58437,465.0|568.7
58438,217.35|398.8
58439,405.25|335.3
58440,392.8|365.15
58441,224.0|578.5
58442,244.75|270.5
58443,576.05|444.25
58444,377.55|490.15
58445,286.6|431.05
58446,227.45|376.0
58447,354.45|220.2
58448,230.3|486.4
58449,279.75|281.1
58450,385.05|336.55
58451,428.7|494.8
58452,472.55|478.4
58453,466.4|283.9
58454,592.45|510.8
58455,259.65|522.35
58456,356.3|339.35
58457,547.75|297.4
58458,418.05|392.2
58459,537.15|247.25
58460,253.9|297.9
58461,411.1|266.1
58462,236.45|560.2
58463,211.0|306.35
58464,581.9|336.2
58465,227.15|585.25
58466,407.7|470.9
58467,580.75|441.5
58468,387.0|504.6
58469,255.85|429.9
58470,569.85|579.05
58471,530.2|520.85
58472,276.75|262.1
58473,561.2|335.1
58474,440.35|497.05
58475,241.2|249.55
58476,564.35|308.5
58477,468.05|507.75
58478,478.15|355.4
58479,313.05|320.2
58480,562.25|306.85
58481,223.85|583.15
58482,387.35|269.3
58483,591.95|391.75
58484,276.9|364.25
58485,230.1|487.05
58486,451.2|548.55
58487,319.1|522.95
58488,555.55|311.4
58489,343.2|368.95
58490,220.8|489.2
58491,415.9|470.4
58492,354.25|439.9
58493,433.7|550.5
58494,223.65|576.85
58495,469.25|340.35
58496,371.05|590.55
58497,528.75|412.35
58498,426.45|543.0
58499,444.5|304.9
58500,557.25|534.7
58501,463.05|219.85
58502,404.0|327.6
58503,550.05|319.45
58504,553.7|503.15
58505,546.8|512.9
58506,305.35|433.55
58507,469.8|481.5
58508,429.55|249.4
58509,535.9|402.75
58510,359.2|562.6
58511,343.3|396.65
58512,441.45|589.15
58513,418.1|586.45
58514,566.0|234.9
58515,411.3|252.4
58516,323.8|342.4
58517,314.6|345.2
58518,553.2|301.85
58519,396.9|425.4
58520,445.4|354.2
58521,459.3|326.0
58522,515.05|339.05
58523,229.4|216.75
58524,429.65|550.8
58525,356.25|296.5
58526,363.95|452.6
58527,561.65|575.25
58528,355.9|272.45
58529,454.25|571.95
58530,282.3|375.0
58531,471.4|246.45
58532,277.95|355.8
58533,541.45|240.6
58534,425.1|292.05
58535,338.3|348.25
58536,260.95|488.55
58537,524.55|493.2
58538,593.35|387.0
58539,414.85|285.45
58540,517.2|459.2
58541,410.15|485.9
58542,347.6|322.7
58543,341.7|318.1
58544,245.25|274.85
58545,539.0|296.7
58546,583.25|554.25
58547,217.8|335.0
58548,472.25|351.65
58549,535.15|424.2
58550,528.85|555.45
58551,555.15|251.35
58552,285.4|422.0
58553,555.1|372.6
58554,381.0|317.9
58555,408.2|426.15
58556,546.2|315.85
58557,245.1|317.85
58558,207.85|570.75
58559,517.05|341.35
58560,460.3|346.6
58561,247.75|566.75
58562,234.8|442.35
58563,533.55|331.4
58564,489.8|328.45
58565,218.75|535.4
58566,571.3|451.4
58567,592.3|587.9
58568,232.45|452.9
58569,582.7|557.75
58570,370.75|334.35
58571,583.95|272.0
58572,381.5|279.35
58573,457.55|478.6
58574,462.25|349.35
58575,475.05|232.2
58576,266.9|216.1
58577,451.1|579.3
58578,574.7|528.45
58579,345.5|293.85
58580,268.7|374.95
58581,247.6|579.1
58582,572.9|433.35
58583,403.7|344.35
58584,570.15|481.15
58585,491.8|463.55
58586,399.05|332.6
58587,574.95|494.15
58588,446.2|232.05
58589,244.35|304.55
58590,344.4|376.4
58591,366.8|227.05
58592,422.4|223.15
58593,498.1|452.35
58594,210.55|587.45
58595,401.9|535.45
58596,532.9|499.05
58597,443.05|535.25
58598,340.9|346.35
58599,455.75|434.8
58600,287.9|461.25
58601,553.85|330.2
58602,226.5|417.65
58603,428.3|403.6
58604,553.15|381.6
58605,340.25|431.5
58606,338.9|330.65
58607,231.6|228.85
58608,226.3|283.95
58609,390.25|463.6
58610,520.4|498.5
58611,218.15|440.05
58612,442.1|500.55
58613,421.05|337.65
58614,436.65|429.45
58615,446.05|330.6
58616,428.1|511.95
58617,269.4|473.4
58618,396.6|320.75
58619,206.95|303.65
58620,280.05|470.8
58621,269.15|401.8
58622,275.5|228.7
58623,393.35|505.2
58624,566.7|233.35
58625,460.35|489.35
58626,579.0|565.45
58627,340.25|588.1
58628,240.65|388.5
58629,295.45|575.5
58630,336.75|554.15
58631,409.0|457.7
58632,214.2|451.95
58633,211.15|328.3
58634,332.3|410.9
58635,297.0|439.0
58636,575.35|273.9
58637,417.65|241.25
58638,443.1|294.6
58639,373.45|428.65
58640,451.45|315.65
58641,307.5|338.2
58642,366.75|285.85
58643,265.8|337.5
58644,375.6|367.35
58645,341.9|233.75
58646,400.85|390.15
58647,550.4|387.3
58648,406.05|338.6
58649,390.4|378.95
58650,584.55|303.25
58651,527.2|357.0
58652,541.85|328.3
58653,286.1|412.85
58654,551.2|289.1
58655,291.0|346.75
58656,536.7|481.45
58657,493.5|373.5
58658,587.5|520.4
58659,467.0|500.2
58660,259.6|334.35
58661,555.75|236.8
58662,254.65|233.65
58663,528.3|467.85
58664,382.9|371.0
58665,455.8|588.15
58666,233.95|421.25
58667,589.05|213.05
58668,220.45|504.9
58669,281.5|540.6
58670,415.05|371.35
58671,323.75|213.3
58672,367.55|363.3
58673,575.2|260.45
58674,220.9|230.2
58675,286.45|363.25
58676,286.3|521.3
58677,382.45|326.45
58678,578.15|236.55
58679,559.85|415.8
58680,277.5|370.1
58681,449.85|364.7
58682,242.95|326.9
58683,403.15|530.85
58684,221.15|584.9
58685,578.5|447.8
58686,555.95|389.85
58687,442.8|544.15
58688,544.45|459.2
58689,527.65|229.5
58690,543.15|540.0
58691,420.95|322.3
58692,297.45|404.05
58693,376.65|357.3
58694,424.65|371.5
58695,525.15|435.25
58696,272.35|273.45
58697,573.8|574.7
58698,216.5|509.65
58699,584.15|385.25
58700,466.5|288.75
58701,377.5|250.05
58702,429.1|317.7
58703,519.8|492.15
58704,324.55|363.35
58705,389.35|578.65
58706,255.75|377.85
58707,303.3|328.25
58708,290.0|542.1
58709,356.4|505.4
58710,462.0|437.75
58711,236.05|230.65
58712,331.05|354.25
58713,365.5|208.25
58714,583.5|358.35
58715,408.55|391.3
58716,415.85|467.7
58717,347.5|471.4
58718,366.0|246.1
58719,278.1|406.6
58720,259.2|448.65
58721,537.95|328.05
58722,514.65|480.6
58723,364.9|536.45
58724,303.15|375.85
58725,395.75|490.95
58726,584.05|590.15
58727,274.6|334.55
58728,414.1|573.05
58729,414.9|470.5
58730,212.6|520.05
58731,363.45|491.6
58732,211.3|303.75
58733,521.6|521.15
58734,220.05|548.25
58735,538.15|456.05
58736,254.5|445.25
58737,386.65|515.0
58738,585.05|300.3
58739,494.35|522.1
58740,411.9|572.75
58741,215.4|313.9
58742,522.05|312.8
58743,234.05|437.9
58744,559.15|453.2
58745,585.5|206.9
58746,275.65|441.75
58747,341.2|568.0
58748,216.35|302.1
58749,366.8|361.15
58750,571.75|280.45
58751,443.8|537.85
58752,423.25|277.05
58753,530.1|362.7
58754,408.85|396.75
58755,211.4|530.4
58756,288.5|335.4
58757,593.8|508.65
58758,473.95|479.3
58759,406.1|271.8
58760,488.25|384.8
58761,207.15|465.95
58762,461.8|583.8
58763,318.25|328.9
58764,253.4|554.65
58765,365.65|524.0
58766,225.95|213.5
58767,582.5|500.3
58768,581.8|356.5
58769,561.7|248.6
58770,362.3|522.8
58771,223.15|527.9
58772,411.75|577.9
58773,418.5|304.85
58774,464.55|289.35
58775,475.7|504.75
58776,367.55|210.85
58777,355.8|215.4
58778,345.45|569.65
58779,584.55|563.4
58780,257.65|237.0
58781,471.95|273.35
58782,592.1|269.05
58783,274.35|438.25
58784,405.9|368.2
58785,410.0|455.1
58786,496.05|520.5
58787,567.15|513.1
58788,478.15|497.35
58789,449.7|520.85
58790,218.65|216.7
58791,565.85|418.9
58792,434.35|511.4
58793,442.6|273.95
58794,576.55|252.9
58795,229.3|239.85
58796,536.35|221.1
58797,392.35|202.95
58798,387.15|299.95
58799,217.8|374.4
58800,311.45|374.45
58801,478.35|330.8
58802,392.05|486.25
58803,264.45|343.1
58804,252.8|430.2
58805,425.6|376.05
58806,239.35|353.8
58807,357.15|592.8
58808,535.2|518.25
58809,474.2|280.35
58810,548.45|310.25
58811,475.15|468.15
58812,457.5|380.35
58813,563.35|324.5
58814,462.55|226.75
58815,469.75|233.3
58816,367.3|350.1
58817,274.85|420.85
58818,431.05|390.8
58819,265.2|412.1
58820,391.4|560.45
58821,531.4|318.85
58822,471.25|278.65
58823,466.7|264.4
58824,462.6|234.9
58825,298.8|430.15
58826,300.05|438.05
58827,324.9|240.65
58828,235.05|302.5
58829,458.8|580.9
58830,223.45|326.25
58831,403.35|315.55
58832,546.1|301.35
58833,463.4|447.95
58834,558.55|501.95
58835,220.75|310.0
58836,451.85|554.25
58837,263.85|270.45
58838,375.0|318.15
58839,585.65|504.2
58840,239.35|408.35
58841,437.9|397.0
58842,209.2|457.65
58843,509.95|533.45
58844,544.85|309.85
58845,400.25|589.5
58846,334.85|372.9
58847,455.0|419.15
58848,549.25|235.95
58849,375.7|237.5
58850,533.2|512.7
58851,424.5|444.7
58852,435.4|353.6
58853,368.05|215.05
58854,406.8|357.1
58855,340.45|224.35
58856,595.25|384.55
58857,530.75|412.95
58858,572.9|435.5
58859,352.0|584.05
58860,581.75|305.6
58861,272.8|409.95
58862,533.95|245.2
58863,234.75|556.7
58864,591.7|481.85
58865,388.55|204.15
58866,436.9|399.05
58867,343.5|334.65
58868,342.25|307.75
58869,232.1|472.0
58870,297.1|373.7
58871,405.45|377.95
58872,479.45|466.1
58873,451.65|592.35
58874,457.05|353.05
58875,396.3|471.5
58876,419.05|389.4
58877,341.1|406.45
58878,469.75|470.15
58879,419.6|579.4
58880,236.7|356.2
58881,352.05|231.8
58882,338.75|374.1
58883,255.5|568.0
58884,464.9|460.8
58885,305.85|401.75
58886,302.4|375.6
58887,289.6|481.15
58888,347.95|358.9
58889,275.6|461.7
58890,249.45|492.2
58891,223.55|315.05
58892,477.1|467.45
58893,288.05|354.2
58894,353.65|221.65
58895,226.8|215.7
58896,502.2|345.45
58897,461.65|443.9
58898,389.25|497.85
58899,208.85|524.3
58900,229.65|217.4
58901,221.45|345.25
58902,421.45|363.9
58903,472.2|318.55
58904,438.55|449.25
58905,264.05|354.1
58906,457.25|348.8
58907,347.25|220.95
58908,548.1|587.65
58909,223.7|271.3
58910,552.6|582.95
58911,241.65|443.0
58912,409.75|345.0
58913,478.4|361.4
58914,381.35|586.9
58915,332.55|541.2
58916,560.85|293.45
58917,415.6|563.85
58918,594.0|520.15
58919,291.7|472.85
58920,320.05|353.25
58921,225.05|290.3
58922,268.45|408.05
58923,418.1|344.6
58924,425.15|459.6
58925,592.85|582.75
58926,429.35|355.45
58927,453.95|485.75
58928,480.45|253.65
58929,301.3|345.75
58930,535.95|456.15
58931,594.8|406.2
58932,270.2|549.2
58933,448.65|437.85
58934,210.0|332.25
58935,462.25|221.95
58936,251.7|209.45
58937,343.9|392.7
58938,367.0|523.3
58939,425.35|214.7
58940,208.4|456.85
58941,318.65|494.05
58942,576.95|317.8
58943,415.1|360.3
58944,566.45|444.75
58945,436.1|576.65
58946,590.15|370.45
58947,529.3|304.3
58948,517.45|484.0
58949,402.5|590.2
58950,410.3|328.85
58951,273.3|593.35
58952,247.8|492.1
58953,229.85|564.45
58954,226.2|370.45
58955,590.4|584.65
58956,241.35|415.55
58957,367.0|375.9
58958,551.25|241.05
58959,268.0|478.75
58960,430.0|362.75
58961,589.15|351.25
58962,582.8|461.5
58963,386.65|215.2
58964,216.3|280.7
58965,206.65|263.65
58966,326.4|357.5
58967,577.95|250.25
58968,434.5|579.1
58969,422.3|367.55
58970,236.5|223.65
58971,589.5|580.3
58972,463.0|224.2
58973,398.7|438.7
58974,300.3|304.0
58975,309.75|300.2
58976,443.55|257.4
58977,566.85|312.4
58978,208.75|289.55
58979,454.25|382.55
58980,592.95|274.45
58981,212.5|568.75
58982,272.25|228.15
58983,372.3|385.25
58984,437.9|590.05
58985,499.3|244.1
58986,416.3|522.3
58987,463.8|508.15
58988,210.75|470.95
58989,343.9|235.8
58990,257.2|566.65
58991,299.25|388.5
58992,286.65|575.4
58993,230.85|417.6
58994,567.15|240.9
58995,570.4|276.25
58996,588.05|292.5
58997,443.6|267.85
58998,393.35|259.55
58999,242.45|416.2
59000,241.75|376.15
59001,581.05|372.95
59002,248.35|228.3
59003,420.5|235.4
59004,488.45|345.7
59005,367.0|283.25
59006,236.05|304.3
59007,350.7|205.2
59008,463.25|315.05
59009,354.0|338.55
59010,580.35|519.6
59011,537.85|458.1
59012,293.85|358.35
59013,268.15|580.8
59014,222.75|310.15
59015,382.1|572.05
59016,565.85|385.6
59017,594.3|477.8
59018,592.2|399.1
59019,492.2|492.75
59020,573.8|444.45
59021,237.1|555.45
59022,221.35|480.45
59023,479.8|495.4
59024,579.45|283.55
59025,443.35|516.4
59026,577.5|511.8
59027,412.25|490.7
59028,535.9|511.5
59029,345.5|560.05
59030,425.7|502.85
59031,270.05|230.7
59032,438.2|538.65
59033,227.1|500.85
59034,274.4|337.9
59035,479.35|261.8
59036,581.7|492.9
59037,255.75|206.4
59038,352.0|485.35
59039,542.6|264.35
59040,451.85|320.5
59041,255.85|415.85
59042,249.05|272.65
59043,395.05|318.8
59044,276.9|351.9
59045,249.65|428.0
59046,264.6|378.3
59047,435.75|309.25
59048,587.8|577.9
59049,508.35|453.45
59050,237.6|227.7
59051,340.1|228.3
59052,574.85|574.35
59053,209.8|528.9
59054,592.35|408.75
59055,405.75|494.55
59056,568.7|568.4
59057,218.6|512.45
59058,402.65|332.4
59059,370.45|289.55
59060,236.3|585.5
59061,557.7|584.55
59062,288.8|319.4
59063,371.15|556.4
59064,453.25|393.35
59065,403.35|553.45
59066,546.2|396.55
59067,308.1|316.35
59068,240.8|430.15
59069,426.45|553.7
59070,255.4|556.1
59071,494.5|514.1
59072,333.85|315.85
59073,398.5|414.7
59074,388.9|327.05
59075,244.6|231.4
59076,386.25|538.75
59077,219.95|584.65
59078,449.35|286.9
59079,274.45|390.75
59080,262.35|317.6
59081,521.05|515.8
59082,434.95|213.15
59083,542.1|242.4
59084,345.95|432.45
59085,248.65|228.75
59086,554.65|228.3
59087,372.7|240.75
59088,221.4|563.55
59089,340.9|369.9
59090,402.35|536.9
59091,453.2|342.95
59092,434.45|262.25
59093,258.65|350.6
59094,220.05|499.45
59095,412.1|584.35
59096,533.85|555.65
59097,471.85|281.55
59098,499.45|442.6
59099,464.1|459.8
59100,535.8|571.75
59101,223.05|428.45
59102,339.4|254.2
59103,443.55|543.6
59104,468.8|217.6
59105,466.6|427.55
59106,281.3|592.4
59107,482.1|232.0
59108,588.6|246.45
59109,529.55|568.05
59110,419.3|360.35
59111,589.8|552.7
59112,232.25|333.3
59113,441.1|587.25
59114,271.25|281.5
59115,420.3|577.3
59116,592.2|506.75
59117,411.6|339.7
59118,237.75|458.15
59119,576.25|345.45
59120,357.8|539.35
59121,451.7|236.4
59122,240.75|433.05
59123,393.3|527.8
59124,571.7|399.05
59125,522.85|572.3
59126,409.2|376.9
59127,523.2|503.85
59128,540.25|522.2
59129,551.7|518.7
59130,403.45|544.15
59131,539.35|227.9
59132,353.1|214.95
59133,537.0|265.1
59134,562.45|431.45
59135,406.7|496.45
59136,363.65|374.05
59137,238.5|331.15
59138,591.85|522.85
59139,300.4|283.25
59140,354.4|243.4
59141,446.0|256.7
59142,594.5|284.75
59143,469.25|549.4
59144,366.25|469.55
59145,251.45|577.35
59146,468.25|284.45
59147,352.95|346.75
59148,231.1|349.7
59149,588.6|353.05
59150,279.95|564.9
59151,218.9|307.1
59152,421.15|458.35
59153,585.05|537.05
59154,393.1|276.5
59155,472.95|343.25
59156,271.65|575.95
59157,539.75|255.8
59158,344.45|444.0
59159,351.05|336.05
59160,257.3|422.8
59161,533.65|564.7
59162,421.45|309.15
59163,587.3|382.2
59164,207.3|526.25
59165,382.0|250.1
59166,553.65|577.65
59167,584.75|515.55
59168,582.3|352.55
59169,578.85|580.55
59170,465.8|530.3
59171,580.05|349.65
59172,319.85|363.25
59173,398.45|384.1
59174,410.0|220.65
59175,403.2|484.0
59176,386.75|444.85
59177,326.75|407.55
59178,316.55|556.6
59179,451.65|308.55
59180,516.9|520.65
59181,348.7|590.3
59182,239.1|386.75
59183,233.7|435.45
59184,440.4|242.35
59185,437.6|590.4
59186,568.0|211.4
59187,451.35|448.85
59188,387.05|280.95
59189,351.0|346.6
59190,480.15|253.25
59191,231.8|423.2
59192,426.0|573.25
59193,558.65|549.65
59194,576.2|285.55
59195,533.0|564.3
59196,459.8|446.55
59197,572.95|437.6
59198,358.55|481.85
59199,407.2|243.8
59200,588.45|549.4
59201,213.0|467.05
59202,275.65|548.55
59203,503.4|360.25
59204,354.8|414.55
59205,397.9|264.6
59206,546.75|259.2
59207,371.8|361.95
59208,286.5|562.7
59209,208.6|584.3
59210,230.25|486.75
59211,270.2|337.25
59212,430.0|475.35
59213,404.4|573.15
59214,231.15|579.7
59215,388.15|588.65
59216,571.15|233.5
59217,562.0|343.4
59218,278.55|588.7
59219,235.45|556.05
59220,410.55|230.6
59221,470.25|541.1
59222,475.75|269.1
59223,370.6|243.0
59224,541.4|448.9
59225,461.6|450.05
59226,360.8|336.85
59227,364.65|333.85
59228,257.1|293.3
59229,382.6|386.6
59230,447.55|560.05
59231,345.25|257.7
59232,502.45|336.55
59233,254.0|234.9
59234,212.75|472.1
59235,365.75|570.6
59236,232.75|311.5
59237,346.3|277.9
59238,348.75|438.6
59239,223.7|591.6
59240,291.85|520.6
59241,592.65|364.85
59242,369.55|587.8
59243,231.95|397.2
59244,232.5|366.4
59245,274.9|286.3
59246,537.2|248.3
59247,463.05|347.0
59248,442.6|401.75
59249,515.95|229.95
59250,486.7|455.25
59251,475.55|466.9
59252,582.0|366.2
59253,592.6|481.05
59254,429.85|566.05
59255,255.55|535.5
59256,217.35|301.05
59257,435.8|272.8
59258,354.7|283.05
59259,421.0|298.65
59260,365.35|402.15
59261,415.5|361.85
59262,591.95|265.3
59263,287.05|572.0
59264,293.9|318.65
59265,321.95|338.3
59266,554.0|240.0
59267,339.8|326.55
59268,269.6|236.0
59269,221.0|458.6
59270,207.55|583.25
59271,440.7|582.6
59272,379.4|217.05
59273,542.95|589.0
59274,248.05|218.0
59275,235.75|262.8
59276,534.35|224.65
59277,456.85|500.45
59278,511.9|302.15
59279,440.05|538.85
59280,389.45|235.75
59281,324.1|348.2
59282,215.25|426.15
59283,411.25|546.95
59284,366.75|364.55
59285,572.35|570.4
59286,577.0|418.0
59287,591.85|563.45
59288,208.3|505.8
59289,534.8|535.65
59290,293.25|559.05
59291,468.55|244.65
59292,209.9|263.95
59293,519.95|510.1
59294,217.85|354.5
59295,263.9|393.45
59296,209.0|338.65
59297,544.7|326.35
59298,257.7|249.45
59299,589.25|557.5
59300,344.15|514.45
59301,374.95|495.3
59302,556.5|546.1
59303,399.5|543.2
59304,375.2|485.35
59305,537.9|542.25
59306,375.6|529.55
59307,206.6|483.45
59308,558.55|233.2
59309,412.85|439.8
59310,560.1|305.55
59311,424.3|566.45
59312,290.45|420.45
59313,555.25|590.85
59314,591.25|213.35
59315,482.9|537.5
59316,428.2|451.45
59317,397.75|540.95
59318,214.35|314.7
59319,485.6|265.5
59320,401.7|575.15
59321,590.55|419.6
59322,452.15|593.2
59323,414.05|225.6
59324,393.45|498.25
59325,389.0|419.35
59326,538.3|414.2
59327,256.85|533.7
59328,532.7|447.6
59329,302.95|439.15
59330,539.85|340.65
59331,571.0|324.35
59332,217.55|542.35
59333,251.45|330.45
59334,589.1|360.1
59335,567.6|274.05
59336,475.3|538.65
59337,389.75|504.95
59338,346.55|237.8
59339,388.3|230.9
59340,289.15|386.2
59341,319.4|552.85
59342,359.25|509.0
59343,351.15|295.4
59344,588.8|412.15
59345,269.2|257.4
59346,503.75|476.6
59347,530.5|528.65
59348,377.7|284.2
59349,274.0|437.7
59350,465.6|303.75
59351,417.95|381.45
59352,458.05|460.45
59353,549.25|267.4
59354,545.3|544.35
59355,304.95|353.3
59356,423.35|466.15
59357,467.8|438.2
59358,382.05|249.1
59359,221.55|222.05
59360,472.9|224.45
59361,239.15|372.05
59362,270.3|248.85
59363,264.4|289.25
59364,539.0|424.9
59365,470.05|461.85
59366,274.5|346.15
59367,255.5|405.2
59368,409.7|215.9
59369,464.7|233.75
59370,546.8|323.45
59371,285.65|373.45
59372,212.1|310.45
59373,444.2|556.15
59374,584.1|501.95
59375,218.6|509.65
59376,411.8|364.65
59377,443.8|226.85
59378,576.1|488.75
59379,447.0|493.55
59380,564.45|587.0
59381,294.15|516.3
59382,464.6|322.1
59383,389.4|245.25
59384,429.8|402.5
59385,591.3|572.6
59386,499.9|236.4
59387,298.6|362.5
59388,427.55|454.15
59389,552.05|584.85
59390,253.5|280.65
59391,522.1|414.05
59392,216.75|575.55
59393,536.25|528.75
59394,352.8|344.5
59395,414.5|581.5
59396,583.9|533.95
59397,589.7|588.15
59398,466.65|486.9
59399,430.95|490.85
59400,498.45|516.75
59401,474.05|472.0
59402,239.25|357.85
59403,210.6|287.45
59404,385.05|208.05
59405,588.15|465.9
59406,239.5|573.5
59407,544.55|520.1
59408,322.9|393.65
59409,299.4|498.45
59410,436.2|464.6
59411,227.3|472.1
59412,463.3|231.35
59413,579.45|309.85
59414,561.35|586.95
59415,550.75|459.7
59416,384.75|215.05
59417,317.7|403.95
59418,218.5|388.85
59419,352.95|448.4
59420,433.8|398.55
59421,541.0|425.45
59422,392.75|531.3
59423,563.9|216.35
59424,323.85|544.8
59425,540.35|532.65
59426,477.1|267.3
59427,578.8|589.0
59428,351.3|540.25
59429,274.45|340.4
59430,215.85|513.4
59431,252.1|300.35
59432,445.9|447.4
59433,396.7|343.5
59434,472.05|499.0
59435,342.65|272.75
59436,461.9|584.15
59437,515.2|353.55
59438,569.9|432.85
59439,442.15|482.6
59440,570.4|214.8
59441,401.95|417.85
59442,227.85|323.0
59443,259.05|520.25
59444,378.3|493.15
59445,562.15|495.45
59446,400.85|344.8
59447,294.75|531.8
59448,444.85|352.15
59449,272.25|591.5
59450,513.8|579.75
59451,256.45|273.8
59452,273.35|331.4
59453,226.5|536.1
59454,357.3|303.45
59455,252.55|376.2
59456,360.05|207.2
59457,383.7|507.4
59458,393.2|354.85
59459,560.45|525.55
59460,427.5|591.75
59461,245.3|591.3
59462,384.5|403.8
59463,371.35|280.05
59464,263.25|375.5
59465,211.9|586.5
59466,581.45|324.1
59467,579.55|210.15
59468,228.45|536.65
59469,451.65|313.6
59470,225.9|268.65
59471,401.2|505.75
59472,248.7|592.25
59473,380.2|236.95
59474,407.6|545.95
59475,450.45|445.8
59476,504.4|231.05
59477,207.7|285.0
59478,444.5|264.4
59479,207.8|471.45
59480,215.4|561.9
59481,434.25|571.35
59482,521.9|496.15
59483,406.1|462.4
59484,568.5|223.95
59485,228.0|581.2
59486,226.65|556.7
59487,293.1|299.1
59488,371.8|556.45
59489,497.75|446.0
59490,215.7|469.6
59491,258.95|265.05
59492,360.25|353.85
59493,239.2|547.95
59494,475.75|288.6
59495,384.3|557.0
59496,329.65|242.4
59497,571.05|463.25
59498,547.1|255.9
59499,318.45|248.6
59500,368.6|582.55
59501,248.8|509.45
59502,254.05|223.7
59503,412.05|285.85
59504,389.25|332.25
59505,370.05|252.95
59506,278.9|310.25
59507,422.85|380.4
59508,466.1|393.85
59509,289.25|389.35
59510,452.85|437.2
59511,434.55|340.9
59512,564.85|291.5
59513,377.95|240.75
59514,346.8|336.95
59515,382.65|309.8
59516,207.55|521.2
59517,555.95|467.3
59518,217.7|256.95
59519,479.95|313.1
59520,357.9|382.2
59521,573.9|258.9
59522,228.65|468.1
59523,524.0|342.65
59524,324.3|487.15
59525,578.9|591.0
59526,226.05|335.65
59527,212.2|547.05
59528,577.8|306.0
59529,456.0|467.1
59530,284.95|336.0
59531,384.8|260.9
59532,222.7|501.0
59533,522.05|457.3
59534,572.65|578.2
59535,579.7|385.25
59536,208.9|582.9
59537,463.1|549.3
59538,545.05|255.15
59539,452.5|582.4
59540,301.6|315.7
59541,566.25|311.75
59542,209.2|555.05
59543,564.1|400.85
59544,455.7|412.95
59545,453.2|281.2
59546,346.5|295.05
59547,538.4|456.95
59548,403.9|339.75
59549,273.1|246.35
59550,476.5|520.5
59551,591.6|246.6
59552,452.3|503.15
59553,327.2|568.7
59554,458.3|393.4
59555,271.6|375.45
59556,458.6|327.75
59557,550.45|227.4
59558,509.75|501.3
59559,268.05|279.45
59560,479.55|457.95
59561,421.7|378.55
59562,252.3|228.95
59563,370.0|446.9
59564,427.3|316.55
59565,374.8|571.15
59566,213.6|280.4
59567,429.6|298.85
59568,444.4|320.3
59569,565.75|426.5
59570,444.2|242.75
59571,593.45|479.0
59572,405.45|364.6
59573,353.4|506.7
59574,472.4|244.3
59575,322.55|394.4
59576,279.05|222.8
59577,343.45|349.9
59578,583.75|516.75
59579,363.15|431.2
59580,462.35|361.15
59581,373.25|256.55
59582,431.75|407.1
59583,563.65|261.0
59584,287.45|359.8
59585,240.75|494.7
59586,270.35|311.15
59587,549.1|256.15
59588,217.5|373.35
59589,328.85|330.75
59590,249.3|554.3
59591,418.55|262.5
59592,412.0|441.95
59593,575.95|506.1
59594,550.55|544.45
59595,577.75|209.0
59596,583.7|396.1
59597,442.45|391.7
59598,559.4|477.2
59599,471.9|506.0
59600,281.8|328.4
59601,241.95|390.85
59602,556.3|224.05
59603,213.6|245.75
59604,393.45|456.8
59605,364.4|429.9
59606,348.55|449.45
59607,589.25|414.1
59608,351.1|502.7
59609,556.15|313.35
59610,337.45|220.0
59611,470.25|315.55
59612,593.9|412.7
59613,567.4|334.8
59614,458.8|547.65
59615,430.4|541.0
59616,477.3|353.9
59617,465.9|220.05
59618,541.1|513.15
59619,590.6|362.1
59620,205.6|518.05
59621,234.6|397.75
59622,568.05|572.15
59623,589.4|268.7
59624,300.1|377.75
59625,306.35|395.1
59626,582.75|568.4
59627,499.05|442.05
59628,281.65|393.35
59629,254.4|287.8
59630,552.35|505.8
59631,383.25|216.75
59632,563.35|461.95
59633,266.7|384.6
59634,207.6|315.0
59635,372.1|359.85
59636,289.25|374.5
59637,379.35|275.3
59638,226.8|495.35
59639,410.8|512.45
59640,481.35|525.75
59641,357.15|207.35
59642,447.5|367.95
59643,409.65|545.9
59644,521.6|448.25
59645,481.0|274.4
59646,575.85|454.2
59647,581.85|519.6
59648,543.95|334.75
59649,276.4|224.9
59650,220.95|221.3
59651,341.8|516.0
59652,528.8|521.3
59653,292.1|573.45
59654,374.6|526.2
59655,209.75|296.65
59656,553.9|558.6
59657,389.8|262.6
59658,568.0|279.2
59659,221.0|290.1
59660,425.8|490.65
59661,520.45|462.35
59662,268.3|355.2
59663,214.7|417.15
59664,461.1|292.3
59665,229.45|519.85
59666,440.3|587.25
59667,576.55|339.15
59668,520.05|511.35
59669,569.6|593.15
59670,360.35|442.65
59671,462.15|324.7
59672,285.5|510.25
59673,410.2|282.3
59674,459.45|450.45
59675,232.8|541.3
59676,283.6|549.75
59677,350.95|451.1
59678,228.35|217.1
59679,246.5|551.4
59680,228.25|433.9
59681,449.7|536.7
59682,534.1|442.25
59683,368.5|266.95
59684,239.1|290.95
59685,455.85|389.45
59686,405.45|236.05
59687,524.35|237.15
59688,287.7|483.65
59689,534.5|587.0
59690,451.55|536.4
59691,435.45|233.2
59692,563.8|331.65
59693,404.0|375.6
59694,211.95|531.85
59695,245.75|304.0
59696,370.95|432.25
59697,371.35|507.75
59698,208.5|403.8
59699,261.6|569.4
59700,583.05|442.05
59701,562.55|459.0
59702,592.2|410.85
59703,594.75|280.15
59704,431.5|580.4
59705,428.4|465.7
59706,240.8|361.15
59707,433.3|403.1
59708,480.0|348.65
59709,472.55|553.65
59710,586.15|476.75
59711,244.35|377.5
59712,241.15|509.0
59713,333.6|336.45
59714,390.6|461.6
59715,432.95|392.55
59716,390.0|480.3
59717,270.55|492.3
59718,375.65|372.3
59719,482.4|465.35
59720,469.9|427.15
59721,585.8|406.6
59722,244.35|514.8
59723,245.05|591.15
59724,408.1|589.95
59725,442.45|253.65
59726,225.95|473.9
59727,213.65|569.6
59728,458.2|397.95
59729,341.55|564.85
59730,558.65|389.3
59731,228.9|420.7
59732,289.9|519.7
59733,256.1|587.6
59734,335.95|326.25
59735,366.7|325.15
59736,354.35|210.4
59737,444.7|544.5
59738,476.05|346.65
59739,224.05|585.15
59740,246.7|408.8
59741,402.35|397.85
59742,459.85|233.25
59743,443.85|533.05
59744,430.95|241.7
59745,505.9|526.05
59746,555.8|555.7
59747,534.85|493.95
59748,255.2|497.95
59749,551.35|561.45
59750,444.3|277.4
59751,378.9|473.85
59752,513.1|465.55
59753,329.15|412.5
59754,529.3|466.05
59755,585.35|582.1
59756,217.8|335.2
59757,225.5|260.95
59758,232.85|378.1
59759,524.6|543.9
59760,213.9|424.25
59761,237.0|238.0
59762,239.2|508.3
59763,263.65|586.9
59764,538.1|500.35
59765,466.15|367.7
59766,411.45|262.45
59767,362.9|210.6
59768,358.5|402.5
59769,419.2|258.2
59770,579.65|294.15
59771,449.75|546.85
59772,211.55|458.15
59773,580.5|510.35
59774,357.6|566.2
59775,384.9|389.15
59776,204.95|483.35
59777,588.0|368.4
59778,469.15|453.45
59779,476.3|287.5
59780,572.05|295.8
59781,457.85|305.5
59782,478.1|241.9
59783,437.3|555.4
59784,310.55|318.65
59785,270.25|588.65
59786,407.55|337.85
59787,412.9|584.3
59788,471.25|317.9
59789,472.85|233.5
59790,390.1|371.85
59791,275.1|269.95
59792,391.2|304.05
59793,245.65|551.2
59794,593.35|475.1
59795,483.7|484.1
59796,230.7|588.55
59797,394.0|582.7
59798,572.3|306.65
59799,583.35|417.1
59800,210.5|453.05
59801,214.5|504.8
59802,400.55|496.95
59803,499.7|471.75
59804,345.35|544.55
59805,249.3|567.15
59806,356.3|272.35
59807,494.0|487.8
59808,305.55|419.7
59809,279.45|407.45
59810,476.05|247.1
59811,586.95|215.0
59812,532.6|435.4
59813,248.85|229.8
59814,212.4|455.9
59815,474.95|477.75
59816,260.8|294.7
59817,383.95|591.25
59818,408.05|385.2
59819,229.05|509.55
59820,474.2|354.25
59821,511.05|494.8
59822,447.85|216.35
59823,396.8|571.5
59824,454.0|298.8
59825,464.3|329.1
59826,371.65|488.45
59827,449.9|283.1
59828,367.4|575.85
59829,284.15|353.9
59830,220.45|335.05
59831,533.15|531.15
59832,394.65|593.9
59833,392.45|320.85
59834,280.4|539.7
59835,458.1|467.45
59836,569.7|314.1
59837,587.15|500.5
59838,473.9|365.95
59839,283.55|417.0
59840,433.1|578.6
59841,354.75|457.45
59842,511.0|315.05
59843,545.55|551.4
59844,209.35|508.35
59845,470.3|411.8
59846,474.15|437.0
59847,471.3|311.55
59848,466.85|210.5
59849,214.45|415.65
59850,445.7|511.1
59851,482.2|274.05
59852,211.4|469.55
59853,553.15|272.4
59854,418.95|320.2
59855,391.1|591.15
59856,521.85|322.85
59857,251.05|222.4
59858,217.5|226.4
59859,367.05|568.05
59860,277.25|590.35
59861,530.4|411.05
59862,342.2|556.75
59863,408.7|589.4
59864,353.8|580.25
59865,567.05|272.1
59866,389.4|361.6
59867,421.45|380.7
59868,253.2|507.35
59869,304.9|416.3
59870,416.0|440.15
59871,581.65|357.5
59872,419.7|285.45
59873,275.2|481.9
59874,234.55|440.2
59875,592.2|361.2
59876,471.05|249.4
59877,428.7|575.95
59878,216.6|336.2
59879,336.15|417.75
59880,467.65|275.55
59881,406.5|585.45
59882,222.05|588.25
59883,581.85|345.35
59884,236.25|259.65
59885,249.8|221.65
59886,349.3|306.95
59887,438.9|571.25
59888,240.7|593.15
59889,418.75|561.1
59890,226.1|550.55
59891,587.1|404.05
59892,492.65|335.05
59893,376.45|559.9
59894,558.65|495.05
59895,552.05|574.9
59896,285.65|546.95
59897,211.2|471.65
59898,268.7|223.5
59899,519.45|514.1
59900,415.3|261.2
59901,562.15|333.9
59902,585.15|462.7
59903,590.65|514.1
59904,384.45|486.7
59905,583.2|419.65
59906,339.25|544.5
59907,557.9|546.75
59908,277.3|375.15
59909,346.55|450.5
59910,395.9|554.25
59911,376.1|564.9
59912,455.25|386.25
59913,260.2|483.75
59914,589.4|559.0
59915,453.5|322.85
59916,475.5|477.45
59917,211.25|240.3
59918,248.75|591.15
59919,255.35|407.8
59920,417.75|213.05
59921,589.55|329.3
59922,347.8|233.35
59923,594.05|576.4
59924,566.9|531.55
59925,281.45|411.6
59926,269.4|222.25
59927,460.85|560.2
59928,231.8|318.6
59929,410.5|551.45
59930,368.75|311.5
59931,293.65|476.1
59932,414.0|577.95
59933,364.45|216.15
59934,555.05|360.6
59935,349.45|413.35
59936,536.6|442.55
59937,365.35|594.9
59938,221.65|302.8
59939,263.35|578.65
59940,404.3|512.1
59941,254.2|381.85
59942,319.6|352.0
59943,464.0|333.3
59944,388.95|504.55
59945,389.6|287.5
59946,419.75|579.45
59947,394.9|507.2
59948,463.7|481.7
59949,477.1|297.05
59950,539.95|553.2
59951,464.6|261.2
59952,419.05|317.2
59953,575.2|532.85
59954,284.9|453.7
59955,210.65|587.25
59956,425.5|532.6
59957,568.9|405.45
59958,473.9|352.8
59959,282.05|379.4
59960,464.45|288.85
59961,515.75|515.15
59962,579.4|483.6
59963,577.1|450.15
59964,452.75|253.95
59965,439.85|347.55
59966,433.95|226.7
59967,395.3|358.0
59968,237.3|508.95
59969,590.2|341.6
59970,480.35|323.25
59971,430.65|331.3
59972,529.0|517.85
59973,386.1|222.0
59974,587.85|406.75
59975,585.85|516.95
59976,442.2|362.15
59977,410.05|478.5
59978,441.75|484.8
59979,474.5|523.05
59980,229.05|440.95
59981,589.65|321.05
59982,239.85|319.1
59983,291.95|535.55
59984,307.05|326.3
59985,343.65|539.4
59986,240.2|478.05
59987,473.05|268.8
59988,592.15|470.65
59989,322.9|518.4
59990,290.1|327.7
59991,296.15|405.95
59992,327.85|252.3
59993,431.85|590.25
59994,385.05|296.15
59995,556.5|476.95
59996,439.05|530.55
59997,216.8|218.95
59998,390.5|378.15
59999,305.0|313.15
60000,518.95|308.6
60001,441.4|381.6
60002,400.25|452.05
60003,219.45|258.3
60004,458.95|473.9
60005,418.05|230.5
60006,309.7|426.85
60007,348.7|383.7
60008,372.9|427.45
60009,310.7|317.75
60010,238.05|341.9
60011,534.95|332.75
60012,350.05|265.05
60013,364.5|334.25
60014,539.65|279.2
60015,391.45|542.15
60016,457.8|357.4
60017,234.8|262.5
60018,224.15|521.4
60019,362.1|364.1
60020,231.8|580.9
60021,287.95|539.8
60022,469.15|454.3
60023,531.8|558.25
60024,538.1|478.25
60025,362.8|470.65
60026,566.25|222.6
60027,221.2|239.4
60028,587.35|502.6
60029,479.8|482.95
60030,528.1|535.3
60031,212.95|295.25
60032,444.9|389.6
60033,289.9|463.1
60034,354.95|452.65
60035,253.5|554.8
60036,468.65|248.95
60037,406.05|592.65
60038,347.85|330.4
60039,255.6|410.65
60040,388.9|366.05
60041,293.65|356.7
60042,458.9|423.4
60043,450.5|268.7
60044,565.05|245.2
60045,482.55|450.65
60046,284.7|434.8
60047,324.15|503.15
60048,382.65|364.15
60049,374.0|228.9
60050,495.55|375.45
60051,264.0|484.6
60052,593.55|277.65
60053,261.0|570.7
60054,222.2|581.1
60055,219.35|241.05
60056,567.95|362.3
60057,565.9|506.8
60058,238.0|502.25
60059,353.1|286.05
60060,240.9|532.55
60061,321.0|357.3
60062,360.95|528.45
60063,264.8|239.45
60064,408.15|296.5
60065,207.45|591.3
60066,270.9|386.15
60067,410.25|592.5
60068,361.9|575.2
60069,473.95|305.85
60070,276.45|486.65
60071,237.55|480.35
60072,363.05|586.45
60073,228.0|438.5
60074,502.25|469.85
60075,541.95|344.25
60076,484.15|293.5
60077,540.8|327.8
60078,587.4|423.75
60079,299.65|389.85
60080,218.9|416.35
60081,461.35|446.95
60082,321.3|325.2
60083,410.95|227.7
60084,386.35|393.6
60085,469.4|444.85
60086,553.8|320.75
60087,351.9|362.5
60088,364.25|430.0
60089,536.05|313.2
60090,387.55|245.75
60091,485.6|492.9
60092,258.1|476.65
60093,581.0|340.6
60094,551.5|521.0
60095,425.45|475.65
60096,418.7|512.65
60097,242.5|405.75
60098,388.65|559.5
60099,443.4|330.4
60100,299.3|325.25
60101,453.35|328.85
60102,401.35|439.8
60103,262.8|319.25
60104,212.8|259.8
60105,347.7|335.9
60106,399.95|503.6
60107,388.55|470.85
60108,346.4|545.25
60109,419.75|498.85
60110,560.1|578.4
60111,376.75|337.65
60112,267.25|397.45
60113,284.5|374.35
60114,350.95|521.2
60115,361.4|394.65
60116,487.2|230.6
60117,258.2|472.6
60118,252.6|281.85
60119,318.8|565.2
60120,587.3|419.9
60121,341.2|238.85
60122,530.25|412.65
60123,223.75|320.35
60124,470.3|452.5
60125,251.25|280.25
60126,425.9|511.65
60127,418.3|316.7
60128,444.9|323.35
60129,256.45|278.7
60130,375.85|590.7
60131,552.75|235.35
60132,368.25|485.4
60133,225.4|310.0
60134,388.3|255.15
60135,355.55|346.3
60136,468.5|314.3
60137,591.25|386.8
60138,539.25|540.8
60139,524.85|472.5
60140,219.95|586.05
60141,397.45|489.65
60142,221.5|578.95
60143,335.75|571.05
60144,342.85|546.3
60145,358.5|577.75
60146,582.4|388.05
60147,549.7|331.75
60148,590.2|369.95
60149,354.25|340.75
60150,460.4|430.3
60151,589.35|417.85
60152,380.85|531.2
60153,545.15|519.1
60154,397.9|332.65
60155,249.25|533.45
60156,371.95|572.95
60157,440.95|529.3
60158,214.65|284.9
60159,368.65|253.25
60160,425.25|380.3
60161,349.45|417.45
60162,296.25|438.9
60163,231.6|438.05
60164,592.5|490.75
60165,396.85|363.6
60166,471.0|410.6
60167,360.55|215.2
60168,585.4|436.85
60169,229.9|576.3
60170,557.9|305.2
60171,534.5|273.65
60172,228.95|305.8
60173,469.95|311.85
60174,539.0|247.25
60175,236.55|286.8
60176,222.4|215.9
60177,347.1|553.35
60178,394.15|506.2
60179,481.35|215.35
60180,469.3|257.35
60181,462.8|220.9
60182,378.35|296.8
60183,325.05|410.75
60184,429.9|239.1
60185,563.85|243.6
60186,213.45|281.75
60187,252.3|384.25
60188,381.3|303.75
60189,333.55|328.85
60190,429.6|524.05
60191,388.15|536.2
60192,454.0|459.45
60193,583.3|312.8
60194,419.4|310.05
60195,367.35|595.3
60196,215.6|386.45
60197,305.8|406.2
60198,368.5|459.35
60199,412.6|364.25
60200,290.0|479.35
60201,216.35|485.4
60202,511.9|523.1
60203,573.2|209.35
60204,237.45|282.7
60205,588.1|252.75
60206,285.15|584.15
60207,278.6|528.0
60208,331.15|398.65
60209,580.05|290.95
60210,591.45|384.7
60211,274.1|275.55
60212,321.2|431.0
60213,211.9|332.15
60214,458.05|531.1
60215,567.5|553.25
60216,556.2|291.0
60217,460.15|418.9
60218,288.4|349.2
60219,578.35|518.65
60220,265.4|412.0
60221,485.8|291.75
60222,451.6|544.7
60223,319.05|549.35
60224,216.0|330.25
60225,573.2|364.35
60226,250.5|560.15
60227,461.7|228.75
60228,401.55|239.5
60229,438.65|454.3
60230,574.05|465.45
60231,582.45|362.2
60232,352.2|385.45
60233,352.1|451.8
60234,365.2|379.6
60235,369.5|573.2
60236,551.05|548.8
60237,428.45|303.0
60238,380.5|395.25
60239,451.3|472.35
60240,421.4|370.1
60241,212.8|518.45
60242,565.95|276.75
60243,462.35|446.95
60244,388.65|288.45
60245,491.5|494.75
60246,367.6|211.95
60247,426.7|454.0
60248,523.4|549.85
60249,527.9|435.05
60250,345.7|548.25
60251,303.2|563.4
60252,354.45|352.2
60253,320.7|393.45
60254,592.45|495.5
60255,419.15|465.7
60256,215.0|464.75
60257,362.5|580.75
60258,475.6|292.7
60259,395.1|482.6
60260,574.85|477.3
60261,302.6|341.55
60262,396.25|581.25
60263,451.6|433.1
60264,371.4|487.25
60265,381.0|583.15
60266,274.15|370.95
60267,410.55|519.15
60268,251.95|469.95
60269,551.95|272.85
60270,307.9|415.4
60271,408.35|310.3
60272,215.25|289.35
60273,588.55|556.55
60274,359.45|335.35
60275,232.65|343.2
60276,555.8|294.0
60277,529.4|548.55
60278,351.6|338.3
60279,415.0|589.4
60280,341.4|469.45
60281,209.15|588.35
60282,236.4|219.05
60283,419.15|280.8
60284,575.85|555.15
60285,263.4|288.5
60286,216.25|419.6
60287,370.6|276.2
60288,464.55|429.25
60289,575.4|218.9
60290,389.75|211.8
60291,537.5|292.7
60292,526.5|554.7
60293,401.1|336.75
60294,581.95|227.35
60295,225.9|533.5
60296,229.7|273.9
60297,345.5|543.15
60298,410.3|549.3
60299,392.95|399.4
60300,370.45|381.65
60301,587.45|546.95
60302,549.25|469.95
60303,236.65|448.4
60304,470.1|515.5
60305,242.3|257.35
60306,462.2|276.3
60307,220.45|479.2
60308,349.05|299.65
60309,495.3|419.35
60310,579.85|352.5
60311,213.85|351.65
60312,240.85|581.45
60313,438.9|344.4
60314,352.7|249.85
60315,340.55|558.3
60316,394.1|267.55
60317,209.3|238.05
60318,466.05|555.6
60319,459.0|458.75
60320,360.25|448.4
60321,361.45|227.3
60322,376.3|388.2
60323,282.05|287.15
60324,265.25|373.3
60325,224.25|406.1
60326,408.05|236.75
60327,549.15|532.85
60328,264.2|267.95
60329,402.6|498.0
60330,447.65|589.6
60331,286.75|565.4
60332,412.1|217.45
60333,428.1|476.1
60334,385.5|590.25
60335,340.5|406.3
60336,559.3|591.35
60337,373.6|393.0
60338,274.55|430.7
60339,290.1|256.3
60340,228.8|247.15
60341,355.05|588.95
60342,564.45|291.55
60343,427.25|501.1
60344,390.05|427.65
60345,537.4|429.0
60346,215.0|386.05
60347,289.5|443.95
60348,505.0|398.8
60349,551.95|569.9
60350,322.3|366.95
60351,576.15|460.75
60352,557.25|585.25
60353,473.2|301.75
60354,475.5|526.45
60355,403.95|539.55
60356,328.75|209.3
60357,535.25|537.2
60358,383.75|590.55
60359,560.4|591.3
60360,269.75|592.85
60361,479.35|357.5
60362,559.5|589.45
60363,399.45|587.15
60364,340.75|331.7
60365,265.9|269.0
60366,550.55|509.6
60367,485.8|514.9
60368,594.2|483.95
60369,468.6|277.95
60370,393.35|219.3
60371,531.35|324.4
60372,417.65|258.7
60373,346.9|386.4
60374,579.5|310.9
60375,582.25|439.45
60376,559.5|325.6
60377,392.0|283.25
60378,387.0|368.8
60379,271.35|540.95
60380,397.5|496.25
60381,211.9|580.4
60382,235.05|411.9
60383,584.55|425.45
60384,449.6|438.5
60385,360.8|576.8
60386,422.0|578.5
60387,236.55|498.65
60388,530.95|551.7
60389,215.8|570.7
60390,546.45|552.8
60391,226.4|477.05
60392,253.8|419.65
60393,329.0|559.95
60394,234.85|583.5
60395,283.55|423.6
60396,278.45|459.75
60397,250.65|273.9
60398,283.0|445.05
60399,352.75|222.1
60400,262.05|381.5
60401,555.75|228.5
60402,234.15|496.15
60403,208.65|283.5
60404,514.85|484.8
60405,285.75|510.75
60406,556.25|223.6
60407,413.9|363.2
60408,387.15|240.05
60409,397.4|246.85
60410,534.35|570.9
60411,282.95|439.3
60412,390.85|205.2
60413,546.85|434.75
60414,369.05|375.45
60415,239.65|533.75
60416,239.55|546.35
60417,375.85|566.05
60418,590.2|295.7
60419,306.55|585.55
60420,207.5|243.8
60421,284.5|441.55
60422,424.2|572.4
60423,262.25|570.85
60424,354.1|213.15
60425,207.05|394.6
60426,534.8|490.8
60427,583.0|420.75
60428,584.0|443.6
60429,359.15|223.0
60430,462.3|416.9
60431,476.65|340.7
60432,296.3|312.55
60433,593.0|297.4
60434,244.45|355.4
60435,215.55|245.5
60436,486.5|380.7
60437,435.5|513.55
60438,531.65|551.35
60439,445.9|339.75
60440,211.6|313.45
60441,498.75|512.35
60442,397.2|491.3
60443,455.1|476.55
60444,409.15|456.05
60445,338.2|444.25
60446,477.5|352.35
60447,579.45|451.15
60448,536.3|519.35
60449,373.25|415.2
60450,443.05|559.4
60451,273.3|401.7
60452,456.55|544.7
60453,569.3|586.1
60454,525.2|424.6
60455,267.35|305.0
60456,378.1|424.9
60457,580.4|473.4
60458,524.7|487.35
60459,578.9|439.25
60460,527.5|421.45
60461,586.55|427.05
60462,530.7|546.0
60463,205.65|549.15
60464,402.8|316.35
60465,560.4|382.45
60466,217.8|258.7
60467,452.15|314.85
60468,410.8|391.55
60469,205.65|537.6
60470,462.5|418.1
60471,410.9|363.85
60472,515.7|525.9
60473,572.55|441.0
60474,324.7|353.0
60475,272.5|266.75
60476,277.5|431.75
60477,291.0|499.35
60478,485.1|247.45
60479,208.8|475.75
60480,523.65|517.6
60481,220.95|479.3
60482,336.55|335.65
60483,577.15|548.9
60484,212.15|589.8
60485,218.1|425.3
60486,400.9|341.3
60487,515.25|358.15
60488,584.2|567.6
60489,323.75|580.1
60490,542.35|229.0
60491,444.5|402.5
60492,555.2|372.85
60493,316.6|393.2
60494,456.35|350.95
60495,408.0|553.6
60496,419.9|498.75
60497,580.25|564.7
60498,463.25|331.05
60499,395.6|317.3
60500,364.8|263.4
60501,422.85|341.7
60502,475.9|345.45
60503,341.6|372.1
60504,589.15|373.1
60505,270.35|563.2
60506,227.7|422.8
60507,591.05|567.05
60508,224.0|314.0
60509,262.85|390.4
60510,379.3|397.5
60511,549.0|553.15
60512,252.8|505.6
60513,264.9|413.6
60514,382.1|208.1
60515,267.7|358.65
60516,473.95|255.8
60517,377.1|554.15
60518,444.45|387.2
60519,272.5|267.1
60520,548.05|467.05
60521,294.2|434.25
60522,246.8|384.8
60523,477.85|352.75
60524,571.5|296.35
60525,429.6|586.1
60526,582.75|528.25
60527,539.35|464.1
60528,528.0|505.75
60529,411.7|563.0
60530,236.7|499.9
60531,262.2|344.45
60532,212.9|580.75
60533,407.25|210.0
60534,420.95|270.05
60535,413.6|499.65
60536,474.35|341.5
60537,552.15|475.4
60538,555.8|519.75
60539,408.25|532.15
60540,214.75|265.4
60541,255.7|263.8
60542,213.3|477.95
60543,302.6|471.15
60544,586.65|547.0
60545,363.0|341.45
60546,437.9|224.85
60547,336.95|438.4
60548,544.9|230.35
60549,586.35|478.9
60550,210.35|566.25
60551,573.4|219.1
60552,362.35|583.55
60553,249.3|267.65
60554,254.6|365.95
60555,249.35|502.25
60556,508.35|473.15
60557,474.95|234.5
60558,501.8|300.5
60559,376.1|493.15
60560,405.4|589.2
60561,417.8|355.8
60562,315.3|412.7
60563,352.9|368.85
60564,431.85|313.3
60565,301.85|225.05
60566,423.8|578.8
60567,385.95|224.0
60568,244.5|384.85
60569,402.35|304.05
60570,253.9|313.6
60571,299.35|323.95
60572,330.85|501.0
60573,310.05|580.15
60574,589.1|563.25
60575,341.0|217.8
60576,452.8|229.5
60577,333.7|390.9
60578,215.4|235.8
60579,400.2|579.25
60580,354.95|574.75
60581,582.85|216.35
60582,464.25|294.9
60583,417.1|538.25
60584,283.5|548.2
60585,460.1|516.6
60586,364.55|271.25
60587,276.8|518.5
60588,411.65|521.25
60589,554.3|446.85
60590,459.6|419.0
60591,318.2|383.75
60592,439.8|243.65
60593,248.2|392.95
60594,332.05|433.65
60595,289.85|327.05
60596,206.45|470.15
60597,279.8|397.4
60598,433.05|458.1
60599,541.75|546.0
60600,576.85|546.45
60601,342.1|592.45
60602,367.3|559.55
60603,493.8|374.7
60604,279.15|286.05
60605,225.95|314.15
60606,346.55|532.7
60607,422.05|373.1
60608,399.7|513.5
60609,457.25|444.8
60610,581.8|430.45
60611,255.4|425.75
60612,471.55|521.7
60613,444.75|527.1
60614,216.45|580.0
60615,526.15|366.2
60616,221.45|584.35
60617,465.1|313.25
60618,552.2|345.4
60619,573.85|592.15
60620,377.8|383.65
60621,343.0|512.1
60622,473.15|512.15
60623,591.85|569.6
60624,572.15|357.55
60625,362.15|444.4
60626,419.55|417.8
60627,263.35|376.5
60628,562.1|417.4
60629,496.1|356.3
60630,231.4|399.75
60631,440.35|502.9
60632,467.35|386.8
60633,236.05|399.9
60634,368.75|238.75
60635,560.95|216.15
60636,554.45|346.15
60637,422.9|342.4
60638,420.25|295.8
60639,207.3|247.8
60640,459.35|227.05
60641,531.9|452.3
60642,379.2|210.9
60643,538.95|536.75
60644,394.05|511.4
60645,280.9|500.2
60646,360.05|212.6
60647,368.55|521.65
60648,260.25|212.3
60649,354.5|379.45
60650,575.1|367.6
60651,566.35|246.65
60652,266.4|556.8
60653,552.4|550.2
60654,290.15|557.85
60655,397.1|496.65
60656,542.45|308.95
60657,467.55|457.4
60658,437.55|512.85
60659,268.7|236.75
60660,344.2|578.8
60661,475.15|278.4
60662,397.05|584.5
60663,551.25|587.7
60664,337.6|497.8
60665,549.2|251.35
60666,347.0|528.15
60667,212.15|578.45
60668,557.65|562.85
60669,260.2|413.25
60670,521.85|341.65
60671,230.4|465.15
60672,394.9|315.8
60673,272.75|370.05
60674,335.25|328.1
60675,411.65|505.5
60676,446.85|243.65
60677,406.75|439.8
60678,260.9|591.05
60679,361.3|591.95
60680,430.65|366.75
60681,279.8|521.35
60682,563.55|588.2
60683,530.7|374.95
60684,571.25|578.85
60685,285.6|589.85
60686,495.4|301.4
60687,217.4|395.0
60688,228.5|252.25
60689,268.2|279.5
60690,350.05|525.45
60691,475.9|236.85
60692,343.5|587.5
60693,523.65|400.75
60694,269.65|387.45
60695,233.9|386.25
60696,544.85|224.5
60697,271.05|524.95
60698,339.8|520.55
60699,400.6|485.3
60700,241.45|384.85
60701,586.45|581.65
60702,225.2|222.1
60703,252.0|487.0
60704,549.7|546.65
60705,532.0|229.1
60706,388.65|480.85
60707,538.7|423.35
60708,275.15|310.85
60709,593.7|284.5
60710,462.5|351.3
60711,223.65|468.7
60712,253.25|489.85
60713,348.55|353.8
60714,420.15|300.0
60715,456.8|518.9
60716,331.3|533.7
60717,342.85|261.8
60718,441.0|298.5
60719,558.15|429.95
60720,547.05|294.0
60721,467.0|354.5
60722,359.25|428.6
60723,403.05|461.3
60724,287.4|342.55
60725,372.2|595.25
60726,445.95|241.45
60727,364.35|294.1
60728,577.75|460.85
60729,388.25|247.5
60730,234.55|362.05
60731,253.6|338.85
60732,352.35|339.65
60733,465.0|247.1
60734,286.05|578.5
60735,418.6|265.4
60736,412.05|443.1
60737,348.25|224.8
60738,245.9|248.35
60739,458.15|310.8
60740,434.7|300.05
60741,297.85|409.8
60742,426.5|547.95
60743,573.65|402.55
60744,526.5|524.3
60745,320.7|485.75
60746,581.05|283.25
60747,413.0|490.15
60748,514.95|455.7
60749,229.15|383.45
60750,318.05|400.25
60751,546.75|585.2
60752,447.4|504.45
60753,458.8|539.8
60754,342.6|591.6
60755,357.75|489.95
60756,528.5|426.0
60757,216.4|236.2
60758,210.35|337.2
60759,374.7|212.95
60760,242.6|288.75
60761,374.9|257.5
60762,501.4|231.9
60763,451.85|219.65
60764,469.75|276.45
60765,246.95|385.3
60766,465.0|388.25
60767,274.5|585.65
60768,255.2|225.35
60769,298.45|432.85
60770,409.3|380.55
60771,576.85|517.5
60772,342.15|241.05
60773,579.8|459.8
60774,584.65|361.85
60775,353.55|398.75
60776,434.5|358.25
60777,346.45|584.05
60778,526.5|276.2
60779,542.85|581.2
60780,289.8|551.65
60781,471.1|453.05
60782,536.25|524.9
60783,402.55|214.0
60784,320.0|363.35
60785,343.75|422.85
60786,418.05|473.25
60787,369.25|538.3
60788,592.25|560.55
60789,212.35|550.8
60790,294.9|444.8
60791,592.6|275.75
60792,242.85|278.9
60793,418.2|256.35
60794,244.8|383.05
60795,287.7|407.4
60796,548.0|590.85
60797,590.45|307.9
60798,212.0|552.1
60799,365.55|234.6
60800,286.6|497.25
60801,290.25|339.15
60802,528.6|566.75
60803,218.6|301.6
60804,556.5|435.05
60805,232.15|268.25
60806,415.05|413.1
60807,226.6|383.15
60808,413.8|391.3
60809,491.9|242.2
60810,427.25|375.6
60811,287.6|380.95
60812,271.8|568.2
60813,564.35|294.65
60814,440.1|372.3
60815,526.65|428.25
60816,222.95|381.2
60817,269.7|413.8
60818,384.7|407.9
60819,456.65|255.85
60820,288.35|447.55
60821,293.05|543.3
60822,454.7|215.3
60823,540.65|415.7
60824,375.05|580.35
60825,332.85|421.9
60826,519.8|520.75
60827,541.5|433.55
60828,413.15|346.45
60829,232.15|569.8
60830,213.2|462.9
60831,347.15|518.25
60832,577.25|235.85
60833,290.65|386.3
60834,548.1|235.75
60835,218.85|233.35
60836,224.55|476.8
60837,496.85|455.9
60838,551.8|592.1
60839,288.4|518.3
60840,573.05|449.7
60841,414.8|368.15
60842,205.1|480.7
60843,266.35|349.3
60844,550.9|240.7
60845,478.0|249.55
60846,520.0|535.85
60847,593.9|277.1
60848,526.45|473.6
60849,585.05|493.6
60850,584.4|357.35
60851,345.5|545.7
60852,581.35|374.0
60853,593.95|387.7
60854,492.55|286.65
60855,279.9|501.45
60856,404.75|552.65
60857,471.5|578.8
60858,217.85|250.25
60859,272.3|499.15
60860,415.05|247.0
60861,560.7|582.3
60862,321.8|404.55
60863,297.05|411.35
60864,419.3|301.55
60865,422.45|238.35
60866,437.55|318.2
60867,245.65|541.6
60868,479.85|329.7
60869,420.95|465.65
60870,281.4|488.55
60871,582.35|216.15
60872,296.55|370.75
60873,403.75|310.75
60874,263.75|285.35
60875,577.65|378.8
60876,210.25|581.55
60877,552.75|440.75
60878,414.2|587.7
60879,585.85|392.6
60880,351.2|439.0
60881,299.35|542.2
60882,363.75|586.8
60883,211.8|338.65
60884,435.3|295.2
60885,405.2|376.95
60886,460.8|560.25
60887,458.9|425.1
60888,262.6|289.25
60889,230.3|222.0
60890,257.0|469.0
60891,280.65|534.65
60892,220.75|498.3
60893,582.2|369.8
60894,507.6|550.25
60895,469.65|257.35
60896,320.25|322.25
60897,472.4|220.65
60898,466.5|375.05
60899,269.8|368.0
60900,586.35|549.3
60901,408.7|360.6
60902,432.75|388.75
60903,590.95|210.5
60904,332.0|579.6
60905,484.0|540.45
60906,443.8|530.25
60907,500.7|226.35
60908,205.75|518.5
60909,547.65|252.3
60910,283.85|265.05
60911,277.0|573.7
60912,303.2|448.4
60913,240.4|277.4
60914,402.85|438.25
60915,449.15|449.75
60916,523.95|510.05
60917,233.25|592.5
60918,551.15|314.65
60919,528.55|558.5
60920,276.55|246.1
60921,241.1|506.35
60922,402.6|543.2
60923,465.0|294.25
60924,295.0|492.9
60925,373.8|233.4
60926,231.6|596.85
60927,510.35|542.85
60928,405.1|278.8
60929,424.4|591.45
60930,259.8|226.0
60931,249.6|307.6
60932,518.55|446.8
60933,224.2|259.35
60934,379.05|344.15
60935,513.4|472.55
60936,363.65|542.15
60937,575.25|549.7
60938,267.85|242.5
60939,529.3|576.85
60940,255.95|393.0
60941,415.1|249.0
60942,467.85|346.65
60943,560.45|491.8
60944,589.6|351.6
60945,549.1|534.6
60946,471.5|368.75
60947,408.45|218.9
60948,401.8|442.55
60949,235.4|583.0
60950,362.75|265.25
60951,450.8|383.75
60952,426.05|379.55
60953,456.5|221.6
60954,447.0|536.55
60955,582.3|369.25
60956,446.5|380.7
60957,464.9|295.7
60958,542.15|516.25
60959,457.55|253.6
60960,350.55|302.1
60961,435.3|469.15
60962,493.2|334.1
60963,443.45|237.4
60964,206.65|525.4
60965,516.95|462.2
60966,410.0|501.25
60967,229.15|565.7
60968,212.4|580.9
60969,360.25|351.8
60970,552.35|261.65
60971,369.95|282.6
60972,365.5|468.35
60973,296.95|288.05
60974,532.55|243.85
60975,591.7|271.75
60976,407.85|215.2
60977,531.7|537.9
60978,344.4|242.25
60979,574.45|284.9
60980,474.25|251.9
60981,470.25|469.7
60982,587.7|372.8
60983,451.3|439.55
60984,372.0|442.15
60985,478.95|526.25
60986,589.65|518.4
60987,527.0|525.9
60988,343.25|240.0
60989,422.45|287.45
60990,278.6|562.6
60991,547.6|587.4
60992,429.65|591.8
60993,402.55|491.55
60994,292.5|382.75
60995,423.75|278.95
60996,552.6|453.9
60997,369.1|261.8
60998,416.65|550.6
60999,406.2|214.0
61000,265.25|337.8
61001,226.95|516.4
61002,351.65|460.0
61003,283.15|429.95
61004,444.7|326.45
61005,542.6|571.2
61006,261.95|283.45
61007,463.4|347.7
61008,453.9|301.35
61009,584.95|518.65
61010,461.75|413.65
61011,477.95|219.55
61012,450.35|334.7
61013,391.5|281.3
61014,409.7|214.0
61015,550.95|365.85
61016,563.85|469.4
61017,433.0|565.1
61018,587.55|542.95
61019,323.0|374.25
61020,246.15|405.55
61021,557.85|227.6
61022,206.45|234.7
61023,341.1|409.95
61024,383.55|283.15
61025,228.2|412.9
61026,453.0|330.9
61027,476.85|556.7
61028,356.85|261.9
61029,437.5|244.1
61030,367.45|255.95
61031,583.85|302.95
61032,230.25|392.7
61033,547.5|421.7
61034,471.05|331.9
61035,343.2|247.55
61036,543.5|242.2
61037,555.45|338.15
61038,488.75|376.95
61039,255.5|320.2
61040,372.55|524.05
61041,273.95|375.1
61042,239.45|358.8
61043,297.7|344.6
61044,520.35|514.5
61045,406.55|337.55
61046,262.65|245.75
61047,490.2|315.75
61048,360.9|593.05
61049,460.1|331.1
61050,439.1|223.75
61051,531.05|346.55
61052,247.4|289.65
61053,389.95|426.75
61054,520.95|343.0
61055,266.65|249.2
61056,452.3|411.55
61057,291.9|314.15
61058,316.15|344.85
61059,543.7|549.05
61060,418.25|369.9
61061,243.35|304.2
61062,232.05|589.75
61063,473.6|353.0
61064,539.7|592.6
61065,212.85|434.2
61066,521.85|210.45
61067,448.8|272.45
61068,483.35|219.8
61069,409.45|551.65
61070,576.0|344.0
61071,448.3|587.35
61072,215.4|408.5
61073,274.3|525.45
61074,337.1|387.85
61075,301.9|513.9
61076,221.8|542.15
61077,273.05|450.45
61078,280.45|428.35
61079,414.8|221.55
61080,234.85|562.45
61081,384.8|461.65
61082,475.55|274.2
61083,346.6|548.35
61084,335.9|546.0
61085,451.8|308.75
61086,231.35|402.5
61087,512.8|500.55
61088,448.55|529.7
61089,392.5|541.9
61090,284.5|422.0
61091,265.1|284.45
61092,289.2|546.85
61093,391.45|363.6
61094,302.35|370.1
61095,210.25|297.8
61096,208.45|499.9
61097,221.6|419.5
61098,361.0|436.6
61099,418.85|553.05
61100,466.75|448.4
61101,217.4|475.55
61102,363.65|421.6
61103,539.2|245.85
61104,430.3|456.0
61105,449.9|514.7
61106,246.15|228.05
61107,557.15|452.4
61108,347.65|548.8
61109,487.7|273.75
61110,477.6|271.4
61111,566.8|431.75
61112,232.35|476.5
61113,562.65|411.1
61114,336.75|382.4
61115,358.9|391.1
61116,209.9|482.4
61117,576.85|335.8
61118,210.25|235.25
61119,395.25|258.0
61120,278.2|358.95
61121,474.0|354.4
61122,400.95|338.8
61123,408.85|377.0
61124,346.4|517.55
61125,400.2|277.9
61126,405.05|392.9
61127,590.4|336.95
61128,363.2|326.55
61129,573.0|538.45
61130,547.45|434.65
61131,533.35|489.75
61132,385.2|474.3
61133,413.45|543.85
61134,427.8|230.0
61135,209.5|389.25
61136,309.5|542.65
61137,447.05|269.2
61138,584.0|510.85
61139,443.1|384.0
61140,382.3|562.95
61141,345.0|478.15
61142,210.2|234.8
61143,419.85|345.45
61144,282.8|538.5
61145,351.7|263.4
61146,276.1|226.8
61147,425.9|374.85
61148,386.5|573.15
61149,388.25|585.75
61150,373.35|508.25
61151,261.4|484.8
61152,430.2|375.55
61153,333.3|228.75
61154,546.0|540.3
61155,288.65|540.85
61156,556.85|239.2
61157,257.75|341.2
61158,356.75|327.7
61159,231.65|255.65
61160,220.8|410.9
61161,316.6|369.65
61162,529.75|492.65
61163,528.4|466.65
61164,390.2|332.85
61165,415.6|486.2
61166,232.65|430.75
61167,571.75|415.85
61168,439.5|508.65
61169,265.85|389.1
61170,218.35|250.45
61171,382.0|215.85
61172,231.15|430.6
61173,585.6|214.95
61174,352.5|219.0
61175,549.75|449.95
61176,288.85|345.25
61177,461.05|467.8
61178,397.65|572.9
61179,299.15|421.5
61180,486.1|233.55
61181,564.5|326.0
61182,435.7|355.3
61183,291.45|480.4
61184,462.5|253.35
61185,534.25|581.35
61186,339.2|242.3
61187,205.85|507.55
61188,257.0|583.5
61189,404.25|506.1
61190,581.4|219.8
61191,345.3|322.6
61192,563.2|511.15
61193,468.6|243.55
61194,560.6|591.05
61195,351.35|531.3
61196,209.5|339.1
61197,358.35|564.6
61198,579.5|525.75
61199,541.4|512.55
61200,360.8|327.85
61201,467.5|246.0
61202,396.1|304.25
61203,422.8|345.1
61204,528.15|553.15
61205,218.0|261.45
61206,359.05|491.25
61207,262.4|383.6
61208,559.55|473.6
61209,529.75|439.05
61210,283.9|377.05
61211,415.85|371.5
61212,355.15|331.2
61213,562.15|299.2
61214,464.45|520.75
61215,388.3|373.6
61216,319.8|396.75
61217,246.95|219.35
61218,261.3|372.15
61219,440.15|235.55
61220,527.35|358.5
61221,407.7|431.6
61222,410.3|539.75
61223,216.7|235.2
61224,234.75|534.55
61225,252.05|265.75
61226,344.55|346.2
61227,575.55|547.95
61228,269.35|573.25
61229,379.05|579.75
61230,424.6|343.5
61231,239.15|263.1
61232,341.1|513.8
61233,369.9|223.45
61234,340.7|567.35
61235,541.15|556.0
61236,505.0|487.75
61237,209.15|524.8
61238,566.25|586.3
61239,588.9|350.8
61240,252.9|506.25
61241,249.0|515.85
61242,443.7|216.65
61243,582.55|552.65
61244,217.3|429.45
61245,535.7|489.8
61246,281.2|374.15
61247,320.8|368.8
61248,487.6|457.05
61249,531.75|308.2
61250,543.55|263.85
61251,342.65|235.15
61252,272.3|561.0
61253,591.9|400.05
61254,279.35|492.15
61255,397.8|479.45
61256,438.15|232.85
61257,377.1|206.95
61258,563.9|264.2
61259,590.8|504.0
61260,340.55|386.45
61261,480.3|264.1
61262,591.1|507.6
61263,521.8|507.55
61264,406.5|398.75
61265,484.55|496.1
61266,303.1|527.1
61267,549.15|370.1
61268,470.3|345.45
61269,574.65|438.45
61270,527.05|358.25
61271,575.5|485.6
61272,339.1|242.2
61273,449.85|482.75
61274,469.4|497.0
61275,406.55|293.8
61276,262.25|269.45
61277,375.3|394.85
61278,329.4|409.35
61279,400.5|488.25
61280,583.75|523.8
61281,344.65|494.55
61282,242.3|577.05
61283,235.4|408.7
61284,540.75|274.75
61285,447.45|242.7
61286,388.45|345.95
61287,369.85|596.6
61288,248.55|582.55
61289,484.9|234.5
61290,420.4|546.3
61291,458.85|541.55
61292,583.25|356.45
61293,454.95|319.45
61294,233.0|390.95
61295,214.4|286.7
61296,470.0|310.7
61297,588.2|356.9
61298,498.05|449.15
61299,535.85|279.3
61300,362.55|222.1
61301,585.95|548.8
61302,586.6|367.05
61303,519.7|517.0
61304,220.45|589.75
61305,291.85|319.55
61306,522.35|422.2
61307,464.45|222.55
61308,563.15|270.5
61309,392.25|499.7
61310,521.6|522.5
61311,563.55|231.15
61312,524.7|339.35
61313,590.1|215.05
61314,544.5|285.65
61315,594.0|553.4
61316,476.0|480.85
61317,405.85|262.45
61318,292.85|587.95
61319,258.55|282.8
61320,466.6|466.85
61321,252.1|515.05
61322,570.1|305.3
61323,206.35|323.1
61324,221.05|583.55
61325,364.95|220.65
61326,547.25|399.1
61327,378.55|341.35
61328,504.0|333.95
61329,359.45|374.35
61330,470.3|562.45
61331,388.1|589.2
61332,556.45|305.35
61333,352.6|306.65
61334,435.0|235.35
61335,213.35|242.8
61336,440.1|217.5
61337,294.2|499.85
61338,564.95|494.0
61339,575.5|313.8
61340,554.25|576.25
61341,274.2|269.8
61342,475.75|574.15
61343,369.5|228.9
61344,534.35|570.0
61345,388.8|388.95
61346,252.6|445.4
61347,591.55|373.25
61348,554.05|543.3
61349,527.6|371.25
61350,583.4|317.15
61351,269.65|245.1
61352,233.7|431.95
61353,568.15|524.55
61354,378.4|487.55
61355,566.8|514.3
61356,245.1|269.5
61357,454.7|260.6
61358,557.5|575.8
61359,474.5|357.3
61360,404.8|557.7
61361,377.6|422.85
61362,556.7|569.35
61363,544.25|349.95
61364,440.15|509.8
61365,279.2|344.6
61366,577.4|287.45
61367,454.15|298.4
61368,548.4|584.7
61369,412.2|578.5
61370,584.0|370.1
61371,524.3|534.0
61372,471.95|432.1
61373,331.8|399.9
61374,456.15|571.5
61375,417.0|375.6
61376,241.3|513.65
61377,217.65|301.15
61378,569.95|407.4
61379,591.45|586.9
61380,560.95|533.7
61381,229.9|580.5
61382,234.1|517.95
61383,533.75|341.35
61384,382.85|348.35
61385,571.4|305.2
61386,495.55|312.55
61387,229.8|245.35
61388,242.1|277.0
61389,433.8|548.35
61390,588.2|363.55
61391,351.25|446.0
61392,476.95|546.8
61393,346.85|327.55
61394,357.35|513.1
61395,526.0|415.55
61396,468.15|328.15
61397,349.65|226.5
61398,233.9|570.1
61399,404.75|515.5
61400,476.65|476.6
61401,451.9|309.2
61402,276.75|444.15
61403,539.6|550.9
61404,457.45|507.15
61405,340.35|266.85
61406,564.4|590.6
61407,556.5|579.25
61408,341.25|531.5
61409,462.4|302.6
61410,306.95|302.3
61411,436.9|376.3
61412,589.1|263.5
61413,411.35|510.05
61414,435.45|398.85
61415,441.5|468.05
61416,536.15|543.3
61417,565.1|219.0
61418,483.5|368.55
61419,271.45|421.8
61420,380.95|271.3
61421,388.0|209.8
61422,471.65|336.7
61423,256.65|220.75
61424,206.75|524.4
61425,320.4|361.6
61426,285.1|275.4
61427,350.1|245.0
61428,440.3|547.85
61429,335.0|235.2
61430,452.2|572.45
61431,363.85|423.45
61432,411.9|487.6
61433,346.4|424.2
61434,357.55|258.25
61435,573.25|407.05
61436,487.3|494.55
61437,589.4|357.25
61438,462.0|495.45
61439,250.25|548.1
61440,400.9|274.0
61441,350.6|585.4
61442,333.65|515.3
61443,414.95|311.8
61444,566.8|463.2
61445,550.8|388.3
61446,484.6|529.75
61447,350.5|459.35
61448,399.4|221.6
61449,569.65|271.25
61450,522.1|457.8
61451,354.45|445.95
61452,218.1|297.0
61453,229.2|520.75
61454,261.05|274.45
61455,555.25|311.45
61456,466.5|220.05
61457,543.05|259.75
61458,212.25|455.35
61459,244.6|244.55
61460,375.35|329.4
61461,409.6|549.95
61462,459.85|380.25
61463,501.4|232.65
61464,344.2|320.8
61465,218.8|215.2
61466,245.65|469.75
61467,227.2|335.2
61468,367.55|443.05
61469,206.75|451.05
61470,467.55|455.95
61471,548.0|231.55
61472,251.7|560.4
61473,256.15|384.05
61474,457.75|503.05
61475,516.2|491.2
61476,263.45|258.65
61477,593.75|384.95
61478,517.6|535.65
61479,236.75|499.55
61480,262.15|403.45
61481,297.25|325.5
61482,506.95|470.7
61483,222.65|564.5
61484,462.95|343.8
61485,212.85|246.5
61486,357.55|332.95
61487,328.8|567.3
61488,394.3|274.45
61489,529.9|549.55
61490,460.0|535.65
61491,489.35|458.1
61492,368.6|458.7
61493,431.45|567.45
61494,323.05|385.0
61495,592.45|357.25
61496,256.1|503.55
61497,213.9|307.6
61498,248.75|515.05
61499,343.25|235.6
61500,240.75|331.25
61501,292.15|374.4
61502,282.3|212.25
61503,460.1|431.05
61504,379.35|385.4
61505,230.8|438.5
61506,568.9|505.5
61507,574.15|413.7
61508,256.1|319.85
61509,431.9|311.2
61510,350.1|436.15
61511,276.9|540.45
61512,589.65|591.75
61513,229.9|374.85
61514,281.55|271.6
61515,243.2|409.25
61516,402.4|501.6
61517,591.7|383.95
61518,314.8|508.55
61519,363.85|564.0
61520,575.45|261.75
61521,281.85|463.9
61522,221.05|500.0
61523,237.0|528.5
61524,562.7|569.35
61525,347.7|255.45
61526,445.9|291.75
61527,406.45|266.75
61528,254.8|365.3
61529,411.05|447.15
61530,433.35|584.3
61531,226.0|480.7
61532,571.3|478.35
61533,566.2|418.6
61534,583.9|332.35
61535,212.95|581.15
61536,592.05|424.9
61537,454.9|562.2
61538,251.45|506.95
61539,521.65|372.45
61540,371.8|485.7
61541,388.15|485.75
61542,401.85|477.8
61543,556.0|481.35
61544,356.25|211.5
61545,275.9|522.1
61546,330.4|416.95
61547,458.15|444.2
61548,452.9|582.05
61549,379.95|297.1
61550,458.95|559.15
61551,222.35|318.1
61552,393.75|378.65
61553,370.55|472.5
61554,367.7|576.05
61555,590.4|516.1
61556,593.45|381.15
61557,464.9|382.4
61558,469.55|526.0
61559,350.85|322.7
61560,553.8|244.3
61561,416.5|469.0
61562,448.0|346.0
61563,210.35|581.7
61564,428.75|288.7
61565,268.95|225.7
61566,582.75|274.0
61567,529.3|346.5
61568,586.15|544.75
61569,206.8|512.7
61570,257.05|550.9
61571,503.8|458.95
61572,225.5|476.4
61573,443.4|260.85
61574,244.2|480.2
61575,343.85|231.5
61576,220.2|279.8
61577,421.85|579.1
61578,218.55|476.4
61579,467.3|436.75
61580,309.6|349.45
61581,527.75|494.25
61582,208.9|565.85
61583,445.6|567.95
61584,446.05|499.15
61585,254.85|388.15
61586,238.1|572.75
61587,328.45|352.5
61588,301.9|325.3
61589,460.9|256.45
61590,211.55|455.1
61591,434.55|548.8
61592,580.45|450.5
61593,408.2|328.9
61594,574.7|286.95
61595,244.4|347.05
61596,399.4|522.15
61597,528.3|516.55
61598,568.2|590.65
61599,451.1|363.7
61600,548.1|336.35
61601,368.3|387.9
61602,414.45|556.55
61603,378.05|569.75
61604,534.05|367.05
61605,291.1|392.15
61606,546.8|589.25
61607,444.95|411.0
61608,376.05|410.3
61609,470.65|247.55
61610,271.5|522.4
61611,530.15|586.75
61612,581.15|330.9
61613,563.05|515.4
61614,218.85|567.7
61615,565.75|354.8
61616,415.1|530.3
61617,402.25|252.85
61618,474.1|451.9
61619,395.25|568.7
61620,371.6|307.35
61621,278.95|251.35
61622,472.1|261.7
61623,545.2|269.25
61624,568.45|464.15
61625,218.4|305.25
61626,311.3|303.7
61627,271.15|289.35
61628,351.3|216.75
61629,344.7|592.5
61630,340.9|410.5
61631,403.85|542.2
61632,386.4|351.75
61633,310.7|332.8
61634,590.6|557.5
61635,514.65|455.2
61636,435.9|588.1
61637,576.25|531.5
61638,277.95|501.15
61639,482.95|232.3
61640,559.85|527.45
61641,208.6|521.15
61642,555.15|299.25
61643,507.6|488.3
61644,255.7|423.2
61645,272.4|427.1
61646,567.15|533.95
61647,279.8|358.55
61648,558.75|473.15
61649,231.45|359.3
61650,245.2|328.45
61651,405.4|365.8
61652,406.2|562.0
61653,283.55|559.0
61654,548.8|240.1
61655,232.1|546.5
61656,542.9|531.9
61657,233.85|439.7
61658,214.4|404.0
61659,458.55|412.8
61660,256.5|437.65
61661,254.0|255.3
61662,224.45|369.6
61663,594.15|362.0
61664,385.0|526.4
61665,570.15|344.75
61666,570.65|575.35
61667,422.75|276.3
61668,530.65|377.05
61669,535.4|433.1
61670,281.55|263.7
61671,534.2|335.6
61672,592.1|545.05
61673,226.85|397.45
61674,459.55|345.3
61675,378.7|490.4
61676,429.5|295.15
61677,593.0|382.7
61678,320.45|403.55
61679,593.9|562.4
61680,426.2|372.95
61681,435.35|427.65
61682,536.0|461.55
61683,564.05|240.95
61684,391.3|280.85
61685,308.5|323.8
61686,234.25|330.7
61687,552.25|283.85
61688,376.2|220.4
61689,268.65|432.15
61690,347.25|560.5
61691,446.85|407.95
61692,448.6|483.05
61693,586.05|367.2
61694,257.7|408.7
61695,468.05|481.75
61696,530.3|585.3
61697,364.35|255.35
61698,555.2|524.95
61699,328.85|564.55
61700,351.0|581.1
61701,270.15|222.05
61702,469.25|536.55
61703,211.6|264.3
61704,367.45|494.25
61705,401.0|585.65
61706,589.55|401.45
61707,470.65|266.45
61708,420.65|299.5
61709,409.25|260.85
61710,589.85|511.35
61711,359.2|595.15
61712,335.95|394.85
61713,244.5|577.05
61714,544.7|548.35
61715,457.15|433.55
61716,351.8|409.55
61717,413.35|592.45
61718,395.35|451.6
61719,328.0|520.55
61720,217.7|255.6
61721,334.15|233.15
61722,339.7|537.4
61723,267.2|401.05
61724,328.85|339.4
61725,489.7|471.85
61726,211.9|468.8
61727,274.35|376.2
61728,437.25|561.0
61729,578.3|539.4
61730,343.95|523.65
61731,462.45|219.05
61732,467.55|324.1
61733,394.7|590.7
61734,476.45|412.1
61735,518.1|480.9
61736,258.65|558.45
61737,548.75|385.2
61738,352.95|389.6
61739,354.9|595.6
61740,255.7|591.05
61741,521.15|584.4
61742,469.5|361.05
61743,492.9|487.45
61744,548.2|456.45
61745,407.45|214.25
61746,488.85|319.65
61747,554.5|283.55
61748,380.05|571.3
61749,211.8|330.75
61750,284.55|521.75
61751,528.4|291.45
61752,460.45|224.4
61753,401.85|579.35
61754,405.15|548.2
61755,417.75|246.65
61756,298.9|543.55
61757,297.4|563.35
61758,404.15|536.4
61759,236.65|212.85
61760,347.4|304.5
61761,220.4|272.65
61762,267.1|252.45
61763,340.0|238.95
61764,378.25|349.15
61765,360.5|402.35
61766,467.75|462.65
61767,231.6|503.05
61768,229.6|284.45
61769,479.25|321.45
61770,489.6|518.8
61771,343.4|501.2
61772,279.4|550.05
61773,212.45|314.15
61774,580.1|516.15
61775,425.6|506.45
61776,444.0|451.4
61777,290.6|460.75
61778,361.7|588.75
61779,557.75|456.35
61780,414.85|393.6
61781,518.65|424.4
61782,220.0|384.2
61783,510.05|458.35
61784,587.3|400.2
61785,286.85|447.95
61786,527.35|444.1
61787,248.35|535.75
61788,524.45|221.9
61789,431.5|210.0
61790,593.4|376.5
61791,216.75|570.8
61792,570.35|511.3
61793,566.8|368.15
61794,228.8|377.4
61795,313.05|348.45
61796,401.25|499.0
61797,529.3|555.3
61798,205.05|491.9
61799,341.9|569.3
61800,344.95|277.4
61801,402.45|340.25
61802,273.95|424.75
61803,535.0|561.9
61804,574.95|273.75
61805,579.2|267.6
61806,319.0|262.9
61807,417.65|478.6
61808,350.35|489.25
61809,423.05|444.55
61810,286.4|544.6
61811,590.35|495.2
61812,451.65|549.15
61813,256.85|560.8
61814,224.65|573.2
61815,520.4|378.15
61816,414.45|486.45
61817,273.8|230.15
61818,370.35|345.9
61819,513.3|504.4
61820,482.45|232.25
61821,384.1|338.7
61822,275.75|370.55
61823,214.05|234.85
61824,449.3|220.7
61825,560.8|254.6
61826,343.75|391.55
61827,227.95|539.7
61828,473.0|416.5
61829,554.85|489.75
61830,559.55|538.15
61831,421.2|401.15
61832,421.4|247.8
61833,267.1|470.95
61834,210.45|237.9
61835,337.55|414.85
61836,327.5|520.7
61837,304.9|513.1
61838,412.55|364.45
61839,392.55|579.15
61840,582.4|553.2
61841,273.4|361.85
61842,248.2|347.7
61843,575.4|569.3
61844,483.35|267.45
61845,387.05|229.1
61846,469.25|480.85
61847,524.95|538.55
61848,259.9|590.55
61849,355.2|435.0
61850,452.95|508.2
61851,537.85|518.75
61852,344.15|255.4
61853,220.75|257.1
61854,240.6|351.5
61855,279.15|235.4
61856,549.4|588.3
61857,355.65|578.4
61858,348.8|249.8
61859,344.7|564.6
61860,262.7|526.95
61861,245.7|236.75
61862,454.1|330.95
61863,377.75|595.8
61864,321.75|417.45
61865,246.05|555.5
61866,576.05|593.7
61867,367.65|275.2
61868,485.85|510.9
61869,440.65|253.6
61870,420.45|372.55
61871,410.6|284.75
61872,353.8|225.0
61873,247.8|435.4
61874,340.15|368.15
61875,488.25|329.35
61876,434.65|583.25
61877,219.4|426.9
61878,466.3|445.75
61879,386.55|587.7
61880,402.65|269.6
61881,442.2|589.05
61882,210.1|325.0
61883,262.85|234.9
61884,267.55|301.05
61885,215.75|588.9
61886,225.9|583.65
61887,590.35|548.5
61888,279.15|432.8
61889,572.7|294.05
61890,287.5|541.15
61891,492.75|303.9
61892,261.05|215.2
61893,343.0|407.15
61894,364.8|356.65
61895,465.7|299.45
61896,352.75|465.0
61897,215.1|552.35
61898,460.55|436.4
61899,529.5|545.8
61900,439.7|218.1
61901,419.9|559.0
61902,214.6|490.4
61903,220.5|304.2
61904,471.5|513.6
61905,430.95|295.25
61906,305.55|581.15
61907,407.6|273.45
61908,358.05|439.15
61909,411.25|445.65
61910,258.4|557.0
61911,345.5|284.25
61912,521.5|370.6
61913,502.8|366.95
61914,447.1|303.6
61915,276.95|396.5
61916,585.35|283.4
61917,475.4|524.85
61918,440.05|386.25
61919,233.15|387.5
61920,426.75|347.3
61921,242.45|586.4
61922,391.95|281.4
61923,351.15|515.1
61924,444.15|533.5
61925,209.85|509.0
61926,438.6|326.65
61927,432.1|353.75
61928,437.75|325.05
61929,583.15|452.15
61930,214.25|591.9
61931,250.5|509.65
61932,353.5|567.65
61933,447.35|476.15
61934,259.25|586.05
61935,480.5|432.7
61936,380.75|229.55
61937,471.15|347.2
61938,514.9|246.8
61939,545.4|521.9
61940,278.9|250.2
61941,210.95|581.8
61942,454.75|319.3
61943,577.2|245.65
61944,490.75|493.15
61945,547.5|437.9
61946,593.3|475.75
61947,569.6|221.5
61948,260.1|277.7
61949,343.85|536.6
61950,487.85|278.85
61951,464.9|446.55
61952,295.7|591.5
61953,421.85|288.7
61954,569.3|293.05
61955,463.7|390.85
61956,292.25|315.4
61957,277.85|290.15
61958,266.15|457.1
61959,454.35|287.95
61960,454.1|546.7
61961,360.5|593.95
61962,206.3|479.95
61963,334.25|551.4
61964,590.05|361.05
61965,583.9|476.6
61966,245.5|338.95
61967,529.45|554.8
61968,296.5|387.45
61969,392.15|350.55
61970,561.2|355.0
61971,406.05|212.8
61972,369.3|411.0
61973,352.9|500.05
61974,403.75|208.95
61975,320.6|356.85
61976,543.2|542.1
61977,548.85|297.45
61978,208.85|549.7
61979,568.2|318.9
61980,458.9|460.0
61981,533.4|500.9
61982,563.9|478.65
61983,423.95|321.8
61984,380.55|512.55
61985,235.9|464.95
61986,460.85|295.05
61987,568.65|577.9
61988,465.3|548.75
61989,275.85|247.4
61990,472.5|281.95
61991,466.45|296.2
61992,405.35|420.5
61993,505.3|574.7
61994,362.9|352.35
61995,580.75|363.75
61996,457.35|263.1
61997,493.05|243.55
61998,445.85|212.8
61999,552.1|513.45
62000,582.95|515.7
62001,234.65|208.3
62002,538.05|436.55
62003,209.8|271.95
62004,442.8|218.25
62005,410.45|561.05
62006,316.95|389.8
62007,278.15|349.05
62008,557.4|521.65
62009,272.25|216.65
62010,351.25|577.9
62011,476.7|272.0
62012,210.45|491.4
62013,310.55|335.95
62014,546.2|539.45
62015,258.1|243.15
62016,387.15|452.9
62017,538.75|274.0
62018,276.05|365.85
62019,511.3|451.3
62020,525.65|538.55
62021,243.75|400.7
62022,232.5|527.45
62023,384.8|560.3
62024,291.95|493.05
62025,350.55|233.95
62026,370.3|263.9
62027,398.05|303.8
62028,578.2|281.85
62029,362.85|409.3
62030,357.15|335.35
62031,251.85|219.15
62032,307.7|447.6
62033,575.05|469.05
62034,226.75|247.95
62035,435.8|537.65
62036,576.9|427.45
62037,220.85|281.65
62038,550.4|239.1
62039,252.7|540.3
62040,458.45|581.15
62041,520.55|301.45
62042,414.15|589.7
62043,213.5|283.2
62044,417.65|279.4
62045,421.8|225.9
62046,264.35|573.0
62047,255.15|504.6
62048,470.95|309.75
62049,528.0|363.0
62050,287.0|405.2
62051,557.7|273.5
62052,216.0|582.75
62053,542.5|228.05
62054,347.65|531.75
62055,235.95|227.6
62056,537.35|327.7
62057,430.8|365.65
62058,391.05|554.0
62059,520.9|332.85
62060,339.9|232.45
62061,378.95|272.7
62062,385.05|595.85
62063,443.4|350.5
62064,516.5|484.6
62065,551.1|527.35
62066,290.8|327.8
62067,533.95|231.55
62068,367.85|355.05
62069,450.1|306.25
62070,275.35|572.95
62071,491.1|482.4
62072,484.65|442.8
62073,546.45|520.15
62074,336.75|418.0
62075,251.85|290.55
62076,392.7|206.75
62077,477.65|480.85
62078,577.5|442.45
62079,249.15|275.3
62080,590.4|374.7
62081,376.1|573.45
62082,279.15|435.1
62083,295.9|312.9
62084,393.1|414.75
62085,580.35|221.4
62086,546.45|463.9
62087,214.15|468.9
62088,277.5|380.5
62089,232.0|245.6
62090,466.25|237.75
62091,378.5|279.95
62092,440.1|509.25
62093,425.45|321.15
62094,452.5|243.8
62095,459.35|375.4
62096,365.6|567.55
62097,588.35|558.9
62098,359.05|288.25
62099,286.45|507.25
62100,405.65|540.7
62101,382.05|402.95
62102,445.2|429.85
62103,243.0|394.95
62104,355.9|515.35
62105,354.05|351.15
62106,410.65|338.3
62107,395.9|590.7
62108,232.4|296.95
62109,399.55|303.55
62110,364.45|587.4
62111,572.95|293.0
62112,542.0|585.15
62113,327.1|392.8
62114,356.25|509.3
62115,237.7|397.7
62116,583.45|385.4
62117,283.95|405.95
62118,404.75|377.6
62119,413.65|386.0
62120,456.0|434.4
62121,246.15|391.25
62122,360.35|217.7
62123,236.3|268.95
62124,484.85|312.1
62125,249.75|468.5
62126,424.05|290.45
62127,263.45|428.25
62128,347.6|546.65
62129,536.35|342.25
62130,249.4|327.75
62131,433.55|558.8
62132,570.5|425.75
62133,510.6|384.65
62134,217.3|545.95
62135,470.15|524.45
62136,430.0|379.5
62137,564.0|591.7
62138,389.45|212.7
62139,546.85|495.5
62140,265.15|433.6
62141,470.6|229.2
62142,464.65|241.9
62143,535.85|499.45
62144,432.5|581.4
62145,442.6|330.3
62146,322.25|317.6
62147,491.2|487.7
62148,469.95|478.85
62149,412.5|437.9
62150,581.4|572.4
62151,391.25|276.7
62152,206.95|295.75
62153,593.1|374.6
62154,351.85|406.45
62155,559.7|490.45
62156,576.1|269.95
62157,587.05|509.2
62158,438.55|389.45
62159,246.15|263.45
62160,229.2|386.55
62161,505.1|505.45
62162,453.85|552.9
62163,288.1|340.2
62164,356.0|525.5
62165,566.25|589.95
62166,270.25|401.2
62167,442.4|395.6
62168,260.55|422.1
62169,357.9|365.0
62170,490.4|269.3
62171,219.75|255.45
62172,554.75|260.35
62173,455.55|389.35
62174,427.55|404.6
62175,278.15|409.7
62176,469.8|257.15
62177,554.1|401.5
62178,401.55|492.25
62179,319.35|317.7
62180,226.25|400.35
62181,533.2|532.8
62182,405.65|484.0
62183,321.95|257.8
62184,557.25|524.65
62185,346.0|216.55
62186,211.1|469.2
62187,591.6|379.4
62188,216.25|243.7
62189,226.65|517.7
62190,234.55|472.1
62191,421.6|392.1
62192,362.75|217.45
62193,232.05|220.6
62194,259.5|272.95
62195,380.75|238.05
62196,471.9|236.45
62197,396.9|309.15
62198,323.0|395.5
62199,254.3|462.35
62200,355.4|279.3
62201,379.35|272.8
62202,586.6|413.2
62203,356.1|245.35
62204,486.55|374.3
62205,371.6|568.4
62206,386.95|533.8
62207,583.3|406.9
62208,574.2|589.55
62209,501.1|377.45
62210,277.5|375.45
62211,485.8|226.9
62212,456.35|563.25
62213,414.45|476.4
62214,343.05|275.1
62215,415.4|451.5
62216,497.35|394.8
62217,347.85|464.9
62218,284.4|557.8
62219,463.8|519.9
62220,373.6|461.6
62221,416.55|488.2
62222,398.2|563.65
62223,526.5|548.0
62224,465.35|234.6
62225,254.35|246.75
62226,339.5|346.05
62227,586.25|586.1
62228,294.1|342.95
62229,332.2|300.9
62230,566.85|224.3
62231,462.65|239.1
62232,337.55|369.85
62233,354.85|225.45
62234,370.0|360.85
62235,234.9|383.9
62236,358.45|440.25
62237,393.15|553.45
62238,347.4|326.2
62239,287.85|530.45
62240,417.05|538.7
62241,483.45|538.2
62242,351.2|572.5
62243,569.5|434.6
62244,528.0|290.1
62245,534.5|376.8
62246,409.3|297.05
62247,238.0|589.25
62248,402.0|277.15
62249,284.7|537.45
62250,540.35|553.15
62251,246.8|579.75
62252,230.65|229.15
62253,535.05|578.25
62254,550.8|288.05
62255,441.0|462.05
62256,460.4|380.75
62257,301.55|556.85
62258,379.4|486.05
62259,477.8|341.85
62260,509.05|347.5
62261,579.25|449.05
62262,521.95|437.9
62263,219.25|408.9
62264,489.3|465.2
62265,376.75|214.6
62266,534.7|472.7
62267,332.4|432.05
62268,219.85|494.7
62269,547.5|316.75
62270,348.8|577.3
62271,272.4|572.3
62272,372.5|340.75
62273,334.35|413.75
62274,590.95|263.2
62275,523.9|358.4
62276,408.0|283.95
62277,579.65|478.0
62278,218.0|291.65
62279,460.45|295.8
62280,413.2|368.6
62281,496.3|331.7
62282,350.7|250.5
62283,564.8|453.5
62284,250.55|483.5
62285,391.85|582.95
62286,272.25|563.6
62287,420.1|396.45
62288,495.5|447.1
62289,284.3|470.25
62290,261.95|477.1
62291,470.95|346.65
62292,280.6|501.2
62293,382.7|402.6
62294,243.95|296.4
62295,451.75|414.05
62296,506.6|342.8
62297,335.75|315.5
62298,301.45|369.25
62299,412.1|529.4
62300,521.1|385.7
62301,477.45|310.65
62302,460.45|312.3
62303,293.6|302.45
62304,223.55|461.85
62305,398.6|471.2
62306,569.55|261.3
62307,437.1|428.45
62308,209.2|586.8
62309,220.25|274.0
62310,550.65|538.6
62311,216.55|529.65
62312,478.85|401.05
62313,404.2|351.75
62314,231.4|572.25
62315,366.2|539.0
62316,567.6|311.0
62317,343.5|423.4
62318,230.75|480.8
62319,409.75|555.0
62320,440.65|421.8
62321,366.4|437.1
62322,535.2|556.55
62323,375.7|218.5
62324,272.2|435.3
62325,399.35|471.9
62326,573.75|415.15
62327,456.4|488.7
62328,416.4|364.2
62329,419.3|387.3
62330,380.45|321.8
62331,590.35|213.15
62332,386.0|516.5
62333,440.5|453.0
62334,368.55|386.75
62335,423.3|484.85
62336,254.65|273.8
62337,443.25|447.0
62338,397.3|505.6
62339,409.7|339.65
62340,342.2|303.5
62341,346.8|566.35
62342,588.55|588.3
62343,286.05|388.05
62344,595.3|415.1
62345,398.6|353.2
62346,469.95|307.2
62347,425.7|314.35
62348,207.3|507.15
62349,426.0|580.1
62350,454.6|454.0
62351,583.0|344.1
62352,270.2|423.8
62353,512.4|534.95
62354,482.95|474.9
62355,379.8|552.25
62356,230.85|329.6
62357,229.45|538.7
62358,416.8|481.25
62359,223.1|286.7
62360,588.5|358.0
62361,362.4|333.95
62362,416.4|554.65
62363,217.35|452.75
62364,424.9|372.9
62365,547.3|571.8
62366,406.95|340.9
62367,247.5|507.7
62368,579.2|322.1
62369,296.3|418.85
62370,241.3|475.7
62371,427.25|493.35
62372,236.25|404.3
62373,294.5|317.55
62374,283.35|471.05
62375,244.1|420.15
62376,466.15|319.1
62377,423.65|271.95
62378,556.05|550.05
62379,208.95|364.3
62380,294.1|445.95
62381,397.8|590.95
62382,292.4|420.05
62383,383.95|468.0
62384,405.95|362.55
62385,566.65|225.25
62386,521.8|563.2
62387,537.9|275.9
62388,360.05|373.65
62389,584.85|347.7
62390,279.6|459.85
62391,444.65|459.55
62392,377.85|238.3
62393,265.2|285.65
62394,469.35|422.15
62395,361.2|285.55
62396,338.0|358.6
62397,265.7|400.7
62398,211.05|409.5
62399,493.15|489.6
62400,571.25|458.05
62401,247.45|416.75
62402,565.1|468.45
62403,419.9|383.9
62404,351.75|432.9
62405,399.2|562.65
62406,274.35|582.3
62407,215.7|405.65
62408,554.75|538.9
62409,258.35|216.8
62410,227.1|209.5
62411,586.4|339.5
62412,341.15|259.85
62413,485.65|569.35
62414,474.7|274.2
62415,269.0|532.15
62416,230.45|389.45
62417,361.8|328.85
62418,391.25|554.2
62419,465.1|535.0
62420,540.4|561.4
62421,446.05|466.75
62422,479.95|337.75
62423,272.1|394.15
62424,410.65|209.55
62425,544.45|420.4
62426,577.15|388.5
62427,550.7|576.0
62428,391.6|335.75
62429,228.3|219.5
62430,420.25|543.4
62431,218.85|406.2
62432,588.3|265.6
62433,581.55|483.15
62434,523.75|505.4
62435,542.2|292.6
62436,295.2|418.5
62437,256.05|379.7
62438,242.35|265.9
62439,212.8|582.5
62440,585.5|353.55
62441,210.75|325.2
62442,582.45|349.5
62443,579.8|527.6
62444,389.95|496.05
62445,267.7|275.85
62446,563.45|469.45
62447,551.65|518.75
62448,209.75|325.0
62449,576.45|240.5
62450,544.9|227.3
62451,576.75|455.1
62452,413.55|472.95
62453,210.75|266.3
62454,436.65|510.5
62455,397.9|500.8
62456,536.15|568.55
62457,366.15|218.25
62458,411.25|387.25
62459,577.15|384.95
62460,561.4|313.2
62461,292.05|393.05
62462,287.05|343.5
62463,548.0|227.15
62464,211.35|470.3
62465,422.45|298.45
62466,588.5|483.25
62467,258.05|356.05
62468,593.2|368.75
62469,426.25|345.7
62470,525.0|465.3
62471,292.45|519.0
62472,387.8|264.7
62473,450.35|459.4
62474,249.9|266.15
62475,215.8|494.2
62476,341.0|569.35
62477,581.9|564.45
62478,545.35|520.9
62479,227.6|377.6
62480,541.6|279.95
62481,367.5|335.8
62482,313.8|540.2
62483,403.15|541.2
62484,204.15|463.2
62485,526.0|237.7
62486,451.75|551.1
62487,272.9|568.9
62488,544.25|527.15
62489,389.0|490.7
62490,257.95|570.3
62491,232.6|273.45
62492,573.95|472.75
62493,396.9|448.05
62494,437.95|308.2
62495,407.1|230.6
62496,573.05|283.9
62497,571.3|240.2
62498,580.15|312.1
62499,478.7|439.8
62500,254.1|581.2
62501,580.95|216.8
62502,488.4|516.4
62503,383.75|327.75
62504,572.75|477.2
62505,257.5|554.75
62506,551.75|520.55
62507,213.7|519.45
62508,351.9|331.3
62509,365.2|371.05
62510,436.65|229.3
62511,537.15|545.45
62512,580.0|313.9
62513,581.1|287.55
62514,453.75|569.05
62515,437.05|377.95
62516,387.25|566.4
62517,578.1|478.2
62518,580.45|240.15
62519,348.25|342.2
62520,583.4|268.4
62521,247.1|219.05
62522,443.0|481.45
62523,583.75|218.0
62524,241.95|238.3
62525,552.0|498.75
62526,226.8|507.25
62527,250.85|587.45
62528,349.25|452.95
62529,550.05|263.15
62530,530.5|539.55
62531,240.2|315.35
62532,391.85|376.55
62533,395.05|593.7
62534,229.4|545.5
62535,342.65|556.95
62536,365.0|582.45
62537,277.05|390.2
62538,581.45|413.65
62539,460.7|546.3
62540,547.65|450.4
62541,417.95|502.8
62542,243.6|508.15
62543,457.95|403.65
62544,383.95|558.65
62545,210.45|261.7
62546,245.25|300.6
62547,339.1|355.2
62548,206.25|512.05
62549,427.15|420.45
62550,276.6|446.45
62551,399.1|408.85
62552,355.1|342.25
62553,546.45|264.2
62554,439.65|350.6
62555,587.5|356.0
62556,533.8|443.15
62557,412.0|472.4
62558,395.4|466.6
62559,534.25|314.55
62560,457.0|408.45
62561,555.45|441.8
62562,351.35|287.15
62563,527.0|545.95
62564,475.4|426.2
62565,279.05|237.2
62566,575.8|317.5
62567,283.1|514.6
62568,472.6|275.2
62569,542.0|498.7
62570,433.45|549.05
62571,477.9|313.35
62572,388.6|581.65
62573,386.85|337.85
62574,219.1|471.7
62575,458.45|282.7
62576,281.6|453.1
62577,335.0|246.45
62578,295.0|339.2
62579,279.4|594.05
62580,463.4|390.4
62581,299.9|415.7
62582,206.45|518.8
62583,210.85|588.25
62584,591.65|577.1
62585,382.8|567.1
62586,468.55|433.7
62587,233.4|435.85
62588,402.55|357.7
62589,571.5|224.4
62590,280.2|581.0
62591,349.2|353.05
62592,246.15|290.4
62593,473.25|337.55
62594,237.3|459.15
62595,299.45|360.05
62596,351.4|548.1
62597,275.6|236.5
62598,372.55|496.0
62599,354.9|435.15
62600,232.15|414.8
62601,344.55|279.35
62602,437.0|276.15
62603,558.75|271.3
62604,526.6|553.5
62605,348.8|440.75
62606,262.45|226.05
62607,274.8|246.9
62608,372.85|578.9
62609,385.3|220.0
62610,540.3|310.45
62611,580.65|345.8
62612,316.1|378.5
62613,582.5|207.3
62614,370.45|490.7
62615,386.35|368.35
62616,254.8|492.8
62617,210.3|500.35
62618,584.45|360.3
62619,370.4|542.9
62620,273.05|243.7
62621,423.95|590.7
62622,257.95|554.15
62623,349.55|306.35
62624,410.7|579.85
62625,430.95|449.0
62626,577.55|323.4
62627,280.2|329.95
62628,335.05|458.5
62629,382.85|585.45
62630,581.8|371.4
62631,424.45|437.4
62632,406.6|336.85
62633,245.45|499.75
62634,528.5|548.3
62635,370.15|435.3
62636,390.1|308.9
62637,270.1|382.95
62638,231.35|446.6
62639,219.65|370.65
62640,311.2|396.5
62641,573.05|301.35
62642,348.1|334.05
62643,488.15|268.15
62644,435.65|266.25
62645,370.2|390.65
62646,354.25|380.75
62647,542.15|298.05
62648,359.45|298.8
62649,569.2|411.65
62650,520.95|518.4
62651,227.25|462.5
62652,285.25|525.85
62653,590.25|364.5
62654,589.5|395.8
62655,419.25|581.35
62656,542.35|235.45
62657,255.6|311.9
62658,218.7|263.2
62659,591.8|322.15
62660,432.35|234.6
62661,375.7|335.5
62662,541.1|586.7
62663,451.3|431.75
62664,270.3|569.9
62665,456.1|520.15
62666,336.4|335.9
62667,438.5|401.75
62668,349.1|430.7
62669,355.9|587.5
62670,429.4|255.65
62671,218.3|300.1
62672,353.15|358.35
62673,359.7|209.45
62674,424.15|393.5
62675,425.5|213.9
62676,352.0|335.75
62677,488.35|337.35
62678,222.5|366.95
62679,346.05|331.15
62680,368.2|263.7
62681,419.3|457.2
62682,211.05|498.8
62683,221.85|503.5
62684,374.55|208.55
62685,529.35|551.85
62686,580.85|293.65
62687,435.0|450.75
62688,290.55|368.95
62689,454.2|283.6
62690,572.9|390.7
62691,358.25|328.3
62692,545.9|571.0
62693,255.35|239.8
62694,414.95|407.85
62695,461.3|372.1
62696,240.15|551.9
62697,250.75|397.2
62698,412.45|238.05
62699,409.0|355.05
62700,316.2|357.15
62701,525.3|425.5
62702,432.75|530.65
62703,220.55|586.8
62704,473.65|433.7
62705,363.35|276.95
62706,400.55|537.5
62707,211.8|504.3
62708,379.75|277.85
62709,262.7|300.6
62710,219.55|308.85
62711,408.6|234.4
62712,587.35|544.45
62713,235.85|332.8
62714,588.25|577.65
62715,427.8|552.5
62716,378.0|362.35
62717,353.2|229.5
62718,567.05|300.65
62719,358.35|495.1
62720,270.3|413.3
62721,272.8|286.85
62722,568.4|585.55
62723,238.95|205.75
62724,427.0|377.6
62725,242.3|286.0
62726,212.5|307.55
62727,447.95|228.1
62728,360.85|245.9
62729,222.8|361.15
62730,229.8|550.55
62731,434.8|219.85
62732,339.4|512.85
62733,588.25|298.65
62734,239.7|227.8
62735,474.15|463.55
62736,474.35|468.3
62737,266.7|533.1
62738,580.4|462.3
62739,471.75|450.15
62740,237.95|277.6
62741,551.8|450.5
62742,480.45|352.05
62743,282.2|342.1
62744,403.2|316.15
62745,480.35|328.25
62746,432.95|391.15
62747,283.25|511.5
62748,283.2|394.0
62749,500.5|321.25
62750,473.2|479.05
62751,259.45|227.35
62752,410.0|408.45
62753,404.85|228.4
62754,348.55|365.2
62755,483.0|395.1
62756,263.75|577.45
62757,358.9|582.2
62758,401.75|544.05
62759,591.55|280.2
62760,533.55|347.55
62761,386.55|576.55
62762,591.65|432.9
62763,370.3|489.75
62764,471.65|215.6
62765,483.75|461.45
62766,291.4|530.0
62767,473.65|387.1
62768,292.15|459.6
62769,320.8|328.2
62770,538.05|584.9
62771,400.95|508.95
62772,423.35|360.9
62773,438.45|436.95
62774,399.45|529.1
62775,439.6|331.65
62776,433.0|450.5
62777,230.1|285.25
62778,368.5|330.9
62779,473.4|450.75
62780,453.6|317.95
62781,261.65|336.15
62782,287.7|409.15
62783,387.5|234.9
62784,474.45|272.85
62785,547.65|320.45
62786,586.25|401.7
62787,573.05|495.1
62788,376.75|483.1
62789,446.8|551.2
62790,442.2|443.4
62791,441.8|591.4
62792,442.05|487.4
62793,387.9|293.1
62794,236.4|353.45
62795,589.7|260.85
62796,481.35|363.5
62797,363.1|584.55
62798,239.25|250.45
62799,437.1|341.6
62800,556.2|295.4
62801,470.5|550.0
62802,455.9|583.7
62803,529.95|571.1
62804,393.7|409.9
62805,375.85|585.5
62806,376.1|254.85
62807,450.65|591.7
62808,468.9|254.3
62809,387.75|350.6
62810,264.8|274.0
62811,588.95|408.2
62812,547.2|580.65
62813,488.3|485.1
62814,555.75|375.6
62815,580.4|410.5
62816,562.25|320.75
62817,468.9|473.0
62818,405.5|261.7
62819,593.85|430.3
62820,446.55|524.45
62821,385.95|454.05
62822,473.05|343.8
62823,593.15|567.95
62824,552.75|293.55
62825,332.85|272.75
62826,564.05|311.35
62827,454.4|325.6
62828,424.65|267.5
62829,387.6|285.9
62830,364.95|271.7
62831,246.15|405.8
62832,242.35|296.5
62833,595.0|476.3
62834,395.25|376.1
62835,342.95|338.7
62836,409.4|290.0
62837,207.1|458.15
62838,344.6|318.85
62839,525.15|298.75
62840,406.35|578.5
62841,352.05|511.65
62842,391.25|519.45
62843,454.85|272.0
62844,578.85|227.9
62845,543.3|501.5
62846,290.6|294.55
62847,524.05|459.95
62848,262.7|527.85
62849,348.95|545.55
62850,475.65|524.55
62851,333.85|573.7
62852,238.75|383.1
62853,450.15|475.05
62854,564.4|248.95
62855,393.45|312.95
62856,572.45|521.9
62857,410.9|527.25
62858,545.05|228.95
62859,587.5|316.35
62860,464.7|274.75
62861,580.0|214.45
62862,511.0|464.6
62863,513.65|468.2
62864,449.1|233.7
62865,507.9|520.6
62866,433.5|580.05
62867,353.9|211.25
62868,527.6|440.15
62869,225.85|514.6
62870,441.1|318.1
62871,403.1|222.5
62872,423.9|409.0
62873,257.25|206.15
62874,466.7|449.9
62875,474.45|458.1
62876,387.75|345.8
62877,487.15|292.25
62878,373.55|286.65
62879,352.6|224.9
62880,373.65|329.55
62881,463.65|224.8
62882,250.75|218.15
62883,231.2|579.0
62884,458.35|529.0
62885,246.5|291.15
62886,276.3|309.8
62887,281.9|525.2
62888,275.95|372.05
62889,530.6|498.65
62890,473.75|248.55
62891,349.1|219.35
62892,371.65|526.5
62893,459.1|360.15
62894,345.95|232.05
62895,555.95|584.05
62896,585.0|510.15
62897,352.55|215.2
62898,338.4|555.45
62899,459.45|535.9
62900,415.5|382.05
62901,336.4|519.4
62902,218.85|401.4
62903,280.5|248.25
62904,522.85|531.65
62905,295.75|433.2
62906,574.35|293.35
62907,342.55|567.6
62908,269.3|436.75
62909,585.4|341.1
62910,274.45|230.2
62911,543.8|406.5
62912,471.45|483.8
62913,505.75|381.15
62914,574.1|490.45
62915,423.55|480.95
62916,523.55|496.95
62917,446.4|319.45
62918,398.7|568.2
62919,223.55|495.1
62920,472.05|312.85
62921,464.3|378.0
62922,374.6|439.7
62923,545.4|333.8
62924,333.45|490.5
62925,552.7|430.65
62926,265.65|509.1
62927,396.5|291.45
62928,444.75|480.25
62929,386.45|461.55
62930,354.45|576.6
62931,307.1|419.45
62932,343.55|411.45
62933,447.85|534.3
62934,215.55|295.45
62935,335.95|425.0
62936,574.3|290.15
62937,473.6|410.85
62938,206.5|588.05
62939,280.85|471.6
62940,332.5|428.75
62941,355.95|342.7
62942,454.3|553.75
62943,589.85|349.7
62944,534.0|286.4
62945,357.9|336.4
62946,467.5|447.65
62947,369.6|343.6
62948,329.65|341.0
62949,361.15|454.65
62950,433.9|540.65
62951,207.4|224.55
62952,521.4|570.35
62953,364.9|284.8
62954,380.85|322.3
62955,441.05|495.9
62956,578.7|330.3
62957,474.35|336.4
62958,521.95|350.05
62959,558.1|492.95
62960,394.75|332.9
62961,562.9|388.3
62962,222.5|402.3
62963,233.05|455.3
62964,436.7|410.6
62965,346.7|389.0
62966,360.95|364.05
62967,372.75|405.25
62968,353.95|235.9
62969,236.05|500.9
62970,472.45|466.35
62971,209.3|513.65
62972,427.2|239.05
62973,205.7|587.25
62974,444.75|356.6
62975,438.35|392.45
62976,299.1|312.65
62977,446.85|272.45
62978,544.75|535.55
62979,234.45|220.15
62980,212.65|317.8
62981,478.65|452.45
62982,291.4|502.05
62983,237.15|575.95
62984,344.4|334.45
62985,568.3|511.6
62986,399.9|403.85
62987,584.3|399.5
62988,489.6|369.2
62989,572.35|278.15
62990,473.4|352.5
62991,577.75|343.45
62992,218.2|245.0
62993,430.75|570.75
62994,209.25|534.0
62995,468.85|233.1
62996,439.2|219.95
62997,239.85|572.5
62998,400.05|399.35
62999,551.2|273.75
63000,566.7|264.3
63001,542.6|380.7
63002,350.05|523.95
63003,322.25|377.2
63004,429.95|333.2
63005,231.05|267.7
63006,487.15|500.65
63007,265.0|465.3
63008,582.35|444.05
63009,375.45|421.75
63010,494.5|207.6
63011,377.2|294.6
63012,216.9|466.9
63013,386.4|504.6
63014,273.1|338.0
63015,534.0|572.55
63016,220.85|359.2
63017,283.75|457.6
63018,232.45|296.65
63019,373.2|570.85
63020,353.8|538.7
63021,382.3|468.9
63022,475.05|352.1
63023,593.15|361.05
63024,242.65|412.9
63025,258.1|294.25
63026,258.15|211.9
63027,344.45|586.85
63028,406.8|305.8
63029,435.45|218.45
63030,472.9|292.25
63031,463.5|573.5
63032,318.65|350.9
63033,473.65|483.5
63034,583.65|353.85
63035,216.75|461.55
63036,312.4|417.1
63037,363.5|249.8
63038,326.1|560.4
63039,497.4|407.35
63040,374.95|443.2
63041,543.1|455.9
63042,583.05|557.15
63043,490.95|306.7
63044,282.9|336.2
63045,332.2|317.75
63046,527.45|427.9
63047,255.95|516.0
63048,580.45|517.85
63049,469.0|218.0
63050,215.9|469.7
63051,284.65|419.45
63052,376.95|209.95
63053,557.0|460.95
63054,281.1|577.4
63055,411.2|491.9
63056,221.65|239.8
63057,560.4|445.1
63058,221.9|225.55
63059,495.35|223.0
63060,255.7|587.1
63061,211.85|505.85
63062,456.55|582.6
63063,366.7|236.15
63064,452.1|560.1
63065,417.85|581.95
63066,555.5|478.45
63067,256.1|431.6
63068,568.45|418.5
63069,538.2|404.35
63070,414.5|548.55
63071,265.15|384.45
63072,543.45|571.1
63073,541.1|511.9
63074,395.6|572.8
63075,306.25|518.55
63076,452.2|562.7
63077,536.35|333.6
63078,321.05|343.85
63079,207.15|455.6
63080,474.2|479.7
63081,334.4|403.85
63082,271.6|323.9
63083,519.15|529.9
63084,249.65|219.8
63085,346.2|218.85
63086,224.65|479.3
63087,224.6|267.65
63088,242.1|564.45
63089,465.85|209.1
63090,465.7|539.8
63091,562.3|519.2
63092,338.95|259.95
63093,542.5|496.3
63094,215.3|507.7
63095,207.3|543.05
63096,583.35|302.95
63097,581.9|362.45
63098,469.5|574.8
63099,546.8|562.2
63100,274.05|371.05
63101,213.55|579.35
63102,368.0|298.3
63103,569.65|420.65
63104,529.3|444.0
63105,429.6|479.35
63106,409.7|292.3
63107,457.9|581.75
63108,373.85|562.4
63109,393.55|515.4
63110,337.1|420.5
63111,582.3|415.6
63112,404.15|487.6
63113,589.7|579.4
63114,309.5|312.45
63115,228.2|508.6
63116,350.5|237.3
63117,392.25|593.75
63118,588.45|511.65
63119,414.95|208.7
63120,462.95|226.45
63121,338.0|563.85
63122,255.55|273.7
63123,229.35|331.7
63124,299.2|418.15
63125,530.55|482.1
63126,259.8|512.8
63127,323.9|515.05
63128,289.9|309.55
63129,377.05|362.8
63130,485.6|487.9
63131,571.4|232.7
63132,589.9|416.85
63133,264.1|226.65
63134,590.55|393.4
63135,513.95|566.05
63136,357.0|220.25
63137,403.4|468.8
63138,540.2|584.15
63139,406.8|350.6
63140,530.1|553.7
63141,368.0|574.8
63142,242.9|308.25
63143,577.0|583.05
63144,333.7|408.85
63145,361.05|216.0
63146,424.15|565.3
63147,209.0|585.05
63148,270.2|269.9
63149,375.0|449.65
63150,286.8|463.7
63151,450.0|497.85
63152,581.7|568.5
63153,208.45|253.95
63154,289.65|369.8
63155,459.65|280.3
63156,535.6|537.05
63157,213.2|547.5
63158,523.8|500.15
63159,265.25|271.75
63160,377.6|274.35
63161,589.35|582.1
63162,283.55|302.55
63163,462.75|347.7
63164,340.45|348.9
63165,547.0|448.95
63166,274.45|426.45
63167,376.5|571.7
63168,215.25|503.25
63169,256.3|577.95
63170,208.6|246.95
63171,566.7|239.35
63172,382.75|206.0
63173,346.75|236.7
63174,418.0|546.9
63175,471.95|331.6
63176,530.25|378.7
63177,278.85|489.9
63178,568.95|240.55
63179,549.95|526.85
63180,538.3|388.0
63181,274.5|537.15
63182,341.85|223.75
63183,476.8|341.65
63184,558.75|245.45
63185,370.6|282.05
63186,591.85|416.9
63187,306.1|392.6
63188,334.7|423.2
63189,216.95|253.25
63190,482.35|299.65
63191,222.75|265.5
63192,533.5|356.75
63193,567.75|496.25
63194,311.0|493.0
63195,445.95|256.85
63196,444.65|236.15
63197,444.7|536.05
63198,480.75|492.9
63199,390.4|381.65
63200,432.0|468.2
63201,513.45|499.55
63202,531.05|328.85
63203,370.7|593.7
63204,337.75|316.55
63205,219.5|397.25
63206,408.3|578.5
63207,397.3|292.15
63208,297.75|348.45
63209,593.75|379.0
63210,241.6|259.65
63211,434.6|432.5
63212,244.0|489.85
63213,573.7|306.85
63214,353.4|535.65
63215,225.75|538.4
63216,576.1|446.55
63217,263.45|358.75
63218,461.2|562.85
63219,469.5|311.35
63220,430.6|477.5
63221,385.2|401.95
63222,226.15|212.4
63223,352.4|212.75
63224,490.4|576.35
63225,247.5|210.15
63226,425.95|386.1
63227,337.35|266.35
63228,529.0|574.35
63229,394.05|592.85
63230,395.15|394.2
63231,282.05|457.0
63232,461.25|225.35
63233,433.15|455.0
63234,269.55|262.85
63235,360.3|410.1
63236,393.8|223.65
63237,482.45|454.8
63238,251.1|281.4
63239,252.1|508.75
63240,338.15|543.9
63241,588.85|411.35
63242,259.75|483.8
63243,349.35|221.9
63244,539.55|309.7
63245,368.8|213.0
63246,248.9|228.95
63247,455.85|491.7
63248,401.95|377.7
63249,406.3|222.95
63250,594.35|402.85
63251,257.9|555.15
63252,234.95|569.6
63253,221.6|405.25
63254,373.3|266.1
63255,591.65|260.55
63256,420.3|551.85
63257,520.2|381.7
63258,274.4|249.65
63259,445.6|498.15
63260,528.35|529.95
63261,577.75|301.85
63262,208.75|279.45
63263,252.15|491.15
63264,217.1|461.65
63265,542.55|402.35
63266,535.0|282.4
63267,551.75|585.5
63268,242.05|271.25
63269,536.65|583.0
63270,244.1|308.95
63271,571.3|288.45
63272,401.75|440.6
63273,472.05|499.5
63274,521.75|438.15
63275,451.4|581.4
63276,356.3|214.9
63277,585.9|346.0
63278,253.05|396.0
63279,441.85|327.4
63280,359.25|248.35
63281,436.1|310.85
63282,352.25|397.05
63283,350.95|596.15
63284,388.15|466.45
63285,211.35|589.3
63286,467.85|313.5
63287,237.85|488.7
63288,558.45|419.95
63289,248.95|398.15
63290,525.6|497.15
63291,343.45|554.7
63292,411.75|228.3
63293,592.55|563.35
63294,403.4|591.55
63295,580.4|296.4
63296,403.9|301.05
63297,418.45|334.15
63298,464.15|349.85
63299,525.6|552.3
63300,214.8|276.1
63301,280.7|242.75
63302,414.6|481.3
63303,376.4|511.15
63304,226.35|340.6
63305,233.5|453.2
63306,528.95|379.55
63307,567.3|452.25
63308,455.4|323.9
63309,345.75|383.35
63310,228.3|523.1
63311,407.8|228.95
63312,280.15|350.45
63313,224.55|498.0
63314,275.0|528.0
63315,282.3|499.9
63316,586.05|573.85
63317,350.9|454.95
63318,252.65|365.55
63319,433.55|225.0
63320,255.4|364.35
63321,246.85|365.1
63322,536.4|392.1
63323,390.65|595.3
63324,380.5|526.0
63325,570.7|412.6
63326,433.4|579.85
63327,427.3|579.0
63328,534.35|447.3
63329,495.4|512.1
63330,495.65|382.45
63331,553.55|592.3
63332,236.3|248.95
63333,523.95|434.65
63334,576.1|317.1
63335,519.35|228.8
63336,337.2|412.75
63337,222.5|292.4
63338,365.7|216.7
63339,426.8|585.35
63340,574.95|378.95
63341,453.25|591.9
63342,215.9|542.85
63343,463.15|272.35
63344,425.4|305.75
63345,287.25|415.85
63346,472.25|360.75
63347,391.25|352.5
63348,384.95|241.9
63349,561.55|549.05
63350,337.2|390.25
63351,256.05|450.3
63352,559.8|234.15
63353,473.5|460.5
63354,416.1|394.6
63355,246.1|225.15
63356,261.9|429.05
63357,253.15|388.1
63358,532.65|379.7
63359,251.0|207.0
63360,370.55|226.2
63361,566.4|406.7
63362,593.05|493.5
63363,296.9|484.3
63364,468.55|561.25
63365,479.3|508.9
63366,370.1|252.35
63367,564.6|540.3
63368,425.7|376.45
63369,557.5|234.35
63370,471.7|488.85
63371,218.85|587.15
63372,475.05|336.9
63373,354.35|324.4
63374,411.9|356.85
63375,441.65|343.65
63376,236.1|290.1
63377,525.75|453.15
63378,299.4|298.5
63379,558.5|392.05
63380,348.0|227.25
63381,208.15|482.95
63382,207.25|480.1
63383,271.15|271.05
63384,560.6|223.0
63385,473.55|280.3
63386,588.2|481.15
63387,547.3|537.0
63388,244.75|565.9
63389,559.55|442.45
63390,583.1|353.4
63391,368.1|249.25
63392,423.7|555.95
63393,249.55|492.6
63394,419.65|571.8
63395,407.75|326.95
63396,480.9|229.3
63397,242.55|550.5
63398,298.75|345.9
63399,278.5|594.2
63400,223.3|266.95
63401,531.15|323.55
63402,542.2|273.25
63403,462.6|433.5
63404,266.8|250.4
63405,591.2|476.25
63406,528.95|564.75
63407,559.45|307.6
63408,509.45|376.95
63409,396.8|593.65
63410,460.2|560.8
63411,231.65|473.7
63412,355.8|339.45
63413,536.5|440.8
63414,209.3|527.0
63415,307.9|452.0
63416,481.7|278.05
63417,562.45|531.95
63418,278.35|282.3
63419,390.05|209.0
63420,435.75|346.65
63421,456.6|490.65
63422,366.3|353.1
63423,323.25|367.25
63424,546.45|488.95
63425,334.9|327.25
63426,439.45|419.4
63427,587.6|432.0
63428,593.2|408.25
63429,219.5|553.65
63430,370.55|242.5
63431,275.3|276.45
63432,332.0|533.75
63433,454.6|325.05
63434,361.1|377.15
63435,371.55|506.15
63436,317.85|357.4
63437,350.9|302.0
63438,298.0|359.95
63439,386.85|276.85
63440,393.95|369.45
63441,587.3|299.8
63442,232.9|472.65
63443,279.3|449.5
63444,409.1|490.7
63445,299.8|301.25
63446,413.2|231.55
63447,479.75|331.35
63448,535.1|508.9
63449,410.9|506.15
63450,210.0|591.45
63451,243.3|438.05
63452,349.3|447.65
63453,273.15|574.25
63454,381.9|573.4
63455,413.5|311.05
63456,584.9|208.9
63457,574.8|525.0
63458,482.85|551.45
63459,473.25|498.4
63460,322.8|407.1
63461,585.15|320.35
63462,416.0|218.45
63463,578.65|268.7
63464,218.3|222.55
63465,244.65|330.45
63466,467.5|219.45
63467,369.7|274.25
63468,433.65|594.45
63469,425.85|362.8
63470,358.45|389.25
63471,444.0|274.35
63472,224.95|588.1
63473,382.25|227.8
63474,484.95|465.15
63475,543.7|260.65
63476,286.45|399.15
63477,501.5|513.25
63478,399.2|298.35
63479,264.5|346.0
63480,221.4|441.65
63481,425.7|329.0
63482,342.3|531.35
63483,284.05|464.85
63484,585.1|372.95
63485,466.55|237.6
63486,386.55|414.95
63487,537.05|444.55
63488,450.95|453.7
63489,508.85|490.3
63490,363.65|575.2
63491,315.95|385.5
63492,398.75|379.4
63493,281.8|336.3
63494,545.2|292.85
63495,230.25|397.2
63496,221.0|332.2
63497,403.75|537.1
63498,361.25|234.55
63499,290.95|358.0
63500,390.3|224.7
63501,427.3|432.6
63502,460.8|513.95
63503,590.55|489.6
63504,535.45|288.45
63505,248.15|506.65
63506,205.1|512.85
63507,282.05|402.2
63508,207.6|481.6
63509,571.4|477.45
63510,490.8|499.3
63511,423.75|590.9
63512,278.15|456.7
63513,229.15|223.85
63514,539.4|538.6
63515,227.95|354.25
63516,353.05|223.7
63517,269.6|533.6
63518,395.9|210.95
63519,404.55|570.55
63520,222.1|329.5
63521,262.85|278.0
63522,453.35|222.1
63523,368.25|566.65
63524,582.05|586.65
63525,266.25|433.9
63526,556.4|294.75
63527,226.8|489.85
63528,434.45|371.6
63529,372.35|497.5
63530,396.85|551.2
63531,353.3|360.35
63532,452.35|432.95
63533,481.4|485.1
63534,285.05|344.1
63535,207.95|522.65
63536,592.3|354.45
63537,237.8|396.9
63538,362.7|220.1
63539,319.55|401.3
63540,446.95|498.45
63541,467.5|578.05
63542,539.6|325.35
63543,229.55|460.6
63544,470.4|459.85
63545,422.1|422.45
63546,588.35|267.35
63547,263.25|538.1
63548,262.85|326.1
63549,449.3|565.45
63550,577.6|317.8
63551,588.3|363.65
63552,565.9|542.9
63553,293.5|571.05
63554,584.35|214.05
63555,582.55|219.4
63556,338.1|363.7
63557,403.85|364.1
63558,409.1|352.65
63559,423.85|528.5
63560,445.3|268.45
63561,536.8|249.0
63562,258.05|292.2
63563,414.95|592.15
63564,429.7|455.6
63565,499.2|226.8
63566,283.5|322.9
63567,517.7|388.5
63568,207.15|400.3
63569,397.9|351.8
63570,469.5|311.7
63571,212.75|579.15
63572,325.9|255.05
63573,285.25|446.9
63574,211.75|223.0
63575,504.65|517.2
63576,366.95|216.25
63577,397.75|338.35
63578,366.0|230.5
63579,578.85|332.75
63580,218.3|369.35
63581,586.65|325.1
63582,237.4|575.8
63583,334.7|325.55
63584,304.35|543.85
63585,482.45|471.05
63586,238.9|476.7
63587,211.35|334.45
63588,223.35|467.4
63589,588.25|268.35
63590,276.35|366.4
63591,298.8|437.95
63592,520.05|356.75
63593,216.5|576.55
63594,343.0|513.4
63595,454.9|575.35
63596,509.9|459.6
63597,256.35|289.55
63598,578.55|214.05
63599,552.5|297.7
63600,441.45|488.7
63601,494.7|481.9
63602,216.65|300.85
63603,224.6|253.5
63604,384.15|508.35
63605,343.35|539.5
63606,211.65|282.75
63607,580.9|332.8
63608,591.65|363.3
63609,456.5|451.45
63610,582.1|255.75
63611,379.0|292.6
63612,569.5|471.75
63613,411.2|550.7
63614,566.95|490.75
63615,342.6|301.85
63616,571.75|285.85
63617,209.05|458.95
63618,413.65|347.2
63619,272.7|442.9
63620,345.65|563.55
63621,567.6|506.5
63622,295.55|327.4
63623,260.6|272.75
63624,570.05|365.75
63625,455.4|239.95
63626,460.7|421.45
63627,563.7|571.7
63628,278.4|243.0
63629,454.45|263.1
63630,472.45|305.75
63631,282.0|541.9
63632,585.85|332.0
63633,222.15|582.8
63634,332.6|228.75
63635,352.15|567.0
63636,230.15|232.85
63637,392.2|583.0
63638,593.2|459.9
63639,472.1|466.95
63640,571.7|417.6
63641,390.85|382.85
63642,545.45|541.35
63643,585.35|229.85
63644,385.05|500.8
63645,419.5|500.95
63646,468.55|218.0
63647,579.0|315.4
63648,374.65|365.9
63649,457.8|319.05
63650,582.15|383.5
63651,382.25|284.25
63652,534.75|546.0
63653,304.4|352.75
63654,587.25|336.45
63655,499.95|558.85
63656,543.65|430.3
63657,400.55|312.9
63658,427.85|441.35
63659,472.55|282.25
63660,345.5|352.0
63661,377.25|394.2
63662,417.55|565.45
63663,266.4|551.15
63664,409.35|310.25
63665,378.35|481.1
63666,578.75|580.85
63667,396.15|540.3
63668,406.0|330.65
63669,370.5|590.7
63670,269.7|546.4
63671,469.5|344.8
63672,315.5|342.8
63673,239.2|304.45
63674,569.4|220.05
63675,564.9|316.8
63676,392.4|349.35
63677,450.55|569.6
63678,263.85|376.45
63679,363.05|568.85
63680,222.25|496.5
63681,272.6|579.65
63682,437.55|216.3
63683,238.95|433.6
63684,476.45|279.0
63685,489.6|508.8
63686,237.65|584.5
63687,571.75|501.4
63688,244.45|483.95
63689,359.75|458.4
63690,228.6|496.2
63691,581.6|284.25
63692,588.65|220.7
63693,249.0|236.95
63694,503.95|559.05
63695,225.95|492.05
63696,295.4|488.2
63697,240.05|445.0
63698,349.15|515.2
63699,558.5|426.65
63700,207.1|536.05
63701,395.95|454.95
63702,359.85|582.2
63703,445.7|307.05
63704,227.55|342.0
63705,549.75|328.1
63706,388.5|216.55
63707,593.45|496.4
63708,236.75|234.4
63709,345.6|592.35
63710,555.45|550.15
63711,413.1|385.0
63712,288.25|411.45
63713,360.5|313.65
63714,542.1|228.05
63715,411.6|542.7
63716,411.4|570.5
63717,582.4|496.65
63718,272.35|492.5
63719,214.25|516.95
63720,459.1|264.5
63721,578.4|215.6
63722,223.45|230.45
63723,545.3|335.35
63724,562.6|306.3
63725,527.95|345.45
63726,422.6|487.95
63727,372.7|225.8
63728,257.45|216.4
63729,422.05|315.25
63730,235.75|547.75
63731,517.4|477.25
63732,334.0|567.45
63733,525.7|459.75
63734,428.55|214.5
63735,349.6|419.8
63736,367.25|264.8
63737,536.95|299.55
63738,322.5|359.65
63739,516.4|419.3
63740,337.45|541.35
63741,492.35|404.5
63742,465.1|288.75
63743,407.75|520.25
63744,466.95|392.35
63745,567.7|454.35
63746,531.35|541.9
63747,511.7|454.35
63748,227.35|222.7
63749,211.55|584.25
63750,341.9|389.7
63751,395.8|485.55
63752,268.3|430.3
63753,445.0|517.6
63754,286.5|581.5
63755,394.3|473.15
63756,214.55|308.05
63757,246.4|444.55
63758,281.45|403.45
63759,382.45|267.9
63760,419.15|588.3
63761,268.2|560.2
63762,260.85|323.7
63763,465.0|434.25
63764,579.35|365.75
63765,467.45|565.65
63766,426.05|271.05
63767,537.55|362.5
63768,334.4|574.7
63769,441.0|573.0
63770,588.9|494.4
63771,463.4|496.15
63772,223.8|347.2
63773,415.05|548.0
63774,586.65|380.75
63775,351.35|564.7
63776,411.2|522.0
63777,407.35|348.65
63778,352.3|261.15
63779,463.7|257.05
63780,367.7|411.65
63781,205.25|457.45
63782,263.05|564.3
63783,243.4|561.85
63784,254.45|558.65
63785,367.65|482.55
63786,357.45|437.95
63787,470.1|526.1
63788,573.85|576.6
63789,401.25|402.1
63790,556.7|449.65
63791,473.9|327.95
63792,262.65|364.1
63793,252.9|482.1
63794,407.35|553.2
63795,593.15|274.25
63796,383.35|493.05
63797,250.25|435.9
63798,370.3|538.0
63799,581.65|315.15
63800,466.95|295.75
63801,355.4|412.25
63802,395.7|231.1
63803,382.45|582.8
63804,236.45|542.3
63805,548.75|582.1
63806,589.8|250.0
63807,412.55|207.7
63808,582.55|482.15
63809,454.65|485.95
63810,583.1|250.75
63811,556.1|216.0
63812,511.2|509.95
63813,404.75|492.4
63814,416.0|351.95
63815,228.75|588.65
63816,433.6|242.8
63817,290.65|408.15
63818,571.7|441.8
63819,350.05|480.5
63820,482.3|530.35
63821,350.4|366.35
63822,218.25|247.2
63823,271.7|236.6
63824,439.05|443.25
63825,333.25|582.3
63826,558.9|537.5
63827,354.25|354.85
63828,568.45|535.45
63829,560.45|448.4
63830,428.7|284.35
63831,236.2|453.35
63832,207.15|447.05
63833,533.75|534.1
63834,462.25|445.2
63835,427.65|345.1
63836,549.15|230.55
63837,232.95|266.55
63838,592.95|392.75
63839,455.95|424.05
63840,311.65|378.4
63841,279.25|536.45
63842,389.85|381.95
63843,256.95|572.75
63844,392.95|450.2
63845,286.55|457.0
63846,327.95|328.0
63847,282.6|433.55
63848,540.9|522.45
63849,416.5|405.5
63850,454.15|281.85
63851,560.75|247.1
63852,266.85|536.2
63853,426.8|575.6
63854,583.4|370.25
63855,264.9|219.05
63856,344.05|418.0
63857,536.4|591.35
63858,347.2|363.05
63859,517.45|418.0
63860,579.05|226.35
63861,381.3|590.35
63862,514.35|313.4
63863,308.9|490.35
63864,269.7|565.85
63865,225.0|307.25
63866,564.05|582.8
63867,362.15|271.1
63868,401.15|512.6
63869,215.2|359.5
63870,372.0|218.15
63871,446.55|231.05
63872,288.95|420.4
63873,579.3|486.9
63874,386.45|280.0
63875,455.75|516.05
63876,251.3|492.95
63877,478.25|217.35
63878,487.2|370.55
63879,585.1|280.2
63880,418.75|380.1
63881,352.3|566.3
63882,579.0|254.25
63883,457.9|237.7
63884,346.2|347.15
63885,473.6|476.45
63886,457.2|541.25
63887,418.3|412.6
63888,559.55|271.4
63889,245.75|347.15
63890,277.05|253.2
63891,284.25|382.35
63892,345.75|538.65
63893,295.6|304.25
63894,590.25|356.6
63895,232.25|530.35
63896,579.1|511.85
63897,375.15|369.15
63898,211.2|583.15
63899,455.25|322.35
63900,235.6|354.45
63901,258.8|582.85
63902,591.35|397.1
63903,230.3|390.05
63904,340.85|590.2
63905,218.7|549.25
63906,481.95|505.35
63907,524.65|430.25
63908,444.9|304.0
63909,490.75|495.55
63910,581.8|486.8
63911,405.8|515.25
63912,453.35|293.7
63913,440.8|315.55
63914,206.8|458.05
63915,226.15|307.95
63916,578.65|450.6
63917,480.3|532.85
63918,394.5|436.9
63919,217.9|259.4
63920,246.25|504.55
63921,563.1|322.35
63922,251.75|356.95
63923,455.85|240.55
63924,534.4|343.2
63925,583.25|328.85
63926,257.9|514.8
63927,507.9|458.0
63928,375.45|221.85
63929,344.0|341.05
63930,583.65|369.65
63931,398.8|480.15
63932,443.35|376.25
63933,473.4|296.8
63934,517.85|268.95
63935,244.9|586.05
63936,242.0|564.1
63937,359.3|457.0
63938,371.85|471.7
63939,289.25|315.15
63940,220.55|526.9
63941,585.6|209.75
63942,246.8|382.45
63943,567.65|346.1
63944,534.0|333.2
63945,571.85|386.0
63946,591.6|390.8
63947,210.35|232.1
63948,583.6|475.2
63949,209.8|580.85
63950,546.75|569.75
63951,468.0|527.0
63952,578.0|493.45
63953,214.7|586.35
63954,562.6|489.85
63955,233.3|570.25
63956,570.75|391.0
63957,550.2|321.4
63958,452.85|387.2
63959,424.6|496.1
63960,216.55|524.4
63961,417.05|433.9
63962,212.0|587.3
63963,358.5|264.1
63964,285.4|454.05
63965,236.75|461.2
63966,245.35|491.85
63967,245.8|293.85
63968,347.65|412.65
63969,212.6|260.5
63970,405.05|284.0
63971,557.05|436.15
63972,334.0|408.55
63973,491.05|498.8
63974,409.95|344.15
63975,269.8|259.85
63976,590.1|486.1
63977,221.5|578.95
63978,230.25|526.95
63979,541.2|308.1
63980,568.95|316.45
63981,294.65|412.2
63982,529.25|339.35
63983,358.9|270.9
63984,583.7|523.6
63985,285.55|361.05
63986,356.1|296.25
63987,547.15|528.65
63988,505.15|344.05
63989,439.4|519.55
63990,426.15|408.5
63991,269.3|555.8
63992,245.95|385.2
63993,401.2|404.0
63994,417.55|422.4
63995,403.0|362.55
63996,352.55|578.85
63997,281.3|374.7
63998,342.35|348.7
63999,279.4|365.8
64000,579.6|563.7
64001,362.8|565.25
64002,367.6|368.75
64003,361.65|412.65
64004,431.4|218.0
64005,493.0|490.3
64006,222.2|275.55
64007,253.8|591.5
64008,585.35|554.75
64009,450.15|239.25
64010,553.35|224.3
64011,576.9|213.65
64012,450.85|227.6
64013,348.35|219.75
64014,468.25|250.7
64015,389.45|550.1
64016,228.8|286.75
64017,361.75|220.0
64018,400.1|336.0
64019,562.5|221.35
64020,538.5|324.8
64021,370.35|262.2
64022,589.3|466.65
64023,444.5|465.55
64024,283.05|539.0
64025,559.3|419.5
64026,578.35|385.4
64027,544.4|471.9
64028,558.2|561.7
64029,350.35|283.65
64030,206.3|468.8
64031,542.1|522.4
64032,262.9|366.9
64033,555.25|345.1
64034,381.75|295.75
64035,460.6|499.1
64036,578.45|510.65
64037,337.35|341.75
64038,350.7|230.6
64039,409.85|480.5
64040,404.3|342.9
64041,332.8|425.4
64042,398.6|361.85
64043,583.9|525.15
64044,350.6|561.35
64045,590.8|402.45
64046,492.85|231.45
64047,210.4|528.8
64048,576.85|521.25
64049,415.45|475.35
64050,450.0|588.7
64051,266.8|300.7
64052,446.6|574.6
64053,516.5|454.1
64054,557.1|584.15
64055,319.1|567.6
64056,466.5|275.75
64057,566.8|540.3
64058,213.1|354.2
64059,354.5|453.7
64060,549.35|264.8
64061,427.35|588.15
64062,435.5|207.9
64063,243.05|412.8
64064,560.8|288.8
64065,308.65|357.05
64066,249.45|355.15
64067,377.75|261.95
64068,399.8|327.05
64069,238.65|453.55
64070,256.9|221.2
64071,461.15|230.65
64072,254.5|570.6
64073,533.35|548.8
64074,470.35|468.55
64075,332.2|529.7
64076,471.45|439.3
64077,253.1|236.45
64078,368.6|316.8
64079,302.6|371.75
64080,440.0|317.05
64081,563.8|434.2
64082,229.2|300.9
64083,584.9|388.35
64084,589.55|571.1
64085,412.3|343.5
64086,348.0|326.45
64087,555.5|245.95
64088,475.7|213.0
64089,550.7|529.3
64090,261.5|277.85
64091,345.4|440.7
64092,543.5|538.7
64093,345.55|370.5
64094,267.7|240.55
64095,260.0|563.95
64096,376.35|265.6
64097,427.7|439.55
64098,289.5|367.5
64099,476.85|515.0
64100,485.3|362.55
64101,586.65|508.25
64102,394.8|404.35
64103,240.4|211.4
64104,451.5|443.15
64105,219.8|358.95
64106,548.4|481.35
64107,395.45|563.95
64108,364.8|429.4
64109,568.25|509.6
64110,473.3|328.1
64111,380.95|494.8
64112,443.0|533.95
64113,400.35|446.95
64114,435.8|460.75
64115,272.4|482.55
64116,214.25|268.8
64117,285.55|547.1
64118,364.5|323.95
64119,574.3|283.75
64120,214.05|454.1
64121,219.25|340.6
64122,380.9|208.0
64123,289.15|327.45
64124,341.45|584.85
64125,205.65|454.6
64126,582.0|457.7
64127,494.8|472.65
64128,250.1|263.5
64129,398.8|573.0
64130,434.95|482.75
64131,467.2|447.0
64132,561.7|246.9
64133,569.2|286.25
64134,302.2|418.95
64135,252.15|581.55
64136,416.2|219.75
64137,262.45|374.5
64138,398.65|244.6
64139,296.95|431.3
64140,424.75|562.35
64141,210.7|262.05
64142,273.0|577.95
64143,590.05|576.8
64144,440.8|457.55
64145,428.7|542.55
64146,257.35|363.3
64147,592.8|554.85
64148,445.6|471.9
64149,399.9|358.25
64150,211.9|242.25
64151,227.75|580.8
64152,423.7|461.45
64153,383.5|400.55
64154,464.25|275.95
64155,283.5|454.7
64156,367.75|570.8
64157,590.6|501.65
64158,271.9|577.7
64159,349.05|215.7
64160,239.9|581.4
64161,546.9|385.55
64162,323.6|512.65
64163,411.55|584.5
64164,531.9|513.25
64165,445.25|307.1
64166,399.35|589.65
64167,452.35|219.9
64168,486.2|359.05
64169,407.7|371.55
64170,370.8|261.4
64171,232.1|591.9
64172,478.5|521.0
64173,256.3|228.8
64174,249.5|559.1
64175,559.25|273.1
64176,246.55|558.9
64177,225.8|246.8
64178,498.25|214.35
64179,287.3|440.95
64180,430.3|591.6
64181,468.9|300.0
64182,353.5|275.0
64183,590.0|427.1
64184,330.9|252.95
64185,399.45|463.8
64186,211.8|588.5
64187,573.5|590.65
64188,440.65|471.65
64189,405.6|300.25
64190,518.1|383.55
64191,245.2|382.15
64192,381.2|204.9
64193,369.55|592.8
64194,550.45|519.25
64195,536.75|523.3
64196,541.65|230.5
64197,588.65|563.35
64198,420.2|344.7
64199,324.25|415.7
64200,277.3|422.7
64201,274.6|291.7
64202,587.95|423.45
64203,206.7|318.5
64204,542.65|497.35
64205,443.9|442.8
64206,226.15|211.85
64207,509.2|489.65
64208,256.9|584.3
64209,486.3|487.5
64210,206.45|238.75
64211,279.85|537.3
64212,579.3|453.6
64213,268.9|549.85
64214,457.95|468.5
64215,223.6|359.9
64216,260.3|574.85
64217,531.1|428.8
64218,266.95|267.3
64219,220.65|445.95
64220,581.05|325.1
64221,431.95|218.15
64222,256.85|566.5
64223,548.25|250.0
64224,590.2|576.95
64225,267.8|272.3
64226,337.55|235.4
64227,438.5|528.3
64228,447.55|558.0
64229,581.75|383.9
64230,555.3|230.85
64231,447.55|238.3
64232,251.05|285.7
64233,408.85|502.85
64234,583.4|227.65
64235,350.95|244.6
64236,364.2|321.6
64237,244.2|385.05
64238,414.8|449.95
64239,553.15|407.55
64240,563.45|525.8
64241,479.85|380.3
64242,339.4|405.8
64243,369.95|583.75
64244,386.3|544.8
64245,420.25|535.25
64246,232.3|499.9
64247,545.0|567.0
64248,378.55|440.5
64249,377.85|307.2
64250,467.0|458.0
64251,580.95|447.65
64252,383.9|372.9
64253,203.3|505.2
64254,453.25|582.05
64255,369.2|372.45
64256,481.4|547.35
64257,360.5|427.7
64258,369.9|494.4
64259,556.1|460.95
64260,560.4|317.7
64261,410.2|317.1
64262,398.75|371.2
64263,234.4|306.9
64264,208.05|514.1
64265,574.95|469.15
64266,204.45|470.25
64267,265.25|524.7
64268,209.35|273.9
64269,478.85|486.25
64270,233.95|432.6
64271,232.4|561.75
64272,277.85|427.85
64273,405.4|518.05
64274,287.25|324.6
64275,582.55|250.9
64276,398.1|593.8
64277,583.85|566.25
64278,485.05|282.9
64279,245.2|554.05
64280,465.5|349.75
64281,577.15|213.65
64282,441.8|546.6
64283,550.05|522.1
64284,368.45|573.95
64285,431.25|253.25
64286,537.45|421.45
64287,249.8|539.9
64288,573.9|530.4
64289,460.25|259.6
64290,262.8|336.45
64291,554.5|513.5
64292,249.8|512.1
64293,262.1|410.4
64294,386.2|508.45
64295,421.85|385.55
64296,236.95|590.55
64297,228.6|451.75
64298,344.4|332.8
64299,510.4|526.0
64300,396.65|525.0
64301,346.55|327.0
64302,257.8|587.3
64303,562.6|230.95
64304,336.05|386.95
64305,538.85|296.15
64306,393.3|318.95
64307,554.75|388.9
64308,439.3|441.15
64309,592.05|211.9
64310,410.15|261.85
64311,359.05|522.45
64312,282.7|443.8
64313,579.35|348.45
64314,400.15|324.45
64315,410.55|507.7
64316,579.45|543.0
64317,217.45|293.5
64318,315.5|293.1
64319,339.1|326.95
64320,583.4|333.65
64321,574.0|452.85
64322,270.0|453.2
64323,273.35|233.5
64324,356.0|383.55
64325,223.9|513.75
64326,411.1|561.05
64327,408.65|225.85
64328,355.8|444.15
64329,548.5|436.0
64330,231.4|580.9
64331,238.5|518.15
64332,256.8|450.45
64333,344.85|545.4
64334,400.85|300.55
64335,593.0|396.6
64336,281.55|448.6
64337,316.55|435.8
64338,259.3|467.5
64339,295.75|552.75
64340,248.35|258.2
64341,546.7|439.4
64342,258.5|514.2
64343,406.4|545.9
64344,542.5|271.75
64345,362.2|446.8
64346,434.3|515.4
64347,315.95|263.1
64348,340.9|554.2
64349,343.65|328.6
64350,404.15|277.45
64351,460.25|508.8
64352,549.35|386.05
64353,463.45|359.75
64354,595.45|493.35
64355,287.85|529.85
64356,284.8|370.35
64357,461.4|450.1
64358,554.4|272.8
64359,491.5|363.75
64360,441.75|437.5
64361,457.95|497.65
64362,495.95|494.0
64363,358.55|333.1
64364,254.55|541.1
64365,410.2|448.2
64366,204.3|476.1
64367,509.1|236.35
64368,377.1|459.7
64369,456.05|324.35
64370,210.6|392.1
64371,239.9|349.4
64372,340.8|505.95
64373,468.8|450.95
64374,206.65|456.0
64375,221.5|307.15
64376,364.8|255.4
64377,513.85|355.45
64378,353.05|288.4
64379,540.9|539.55
64380,272.55|590.4
64381,364.75|218.7
64382,359.6|273.2
64383,567.1|523.95
64384,552.7|407.3
64385,566.4|222.6
64386,264.2|294.75
64387,468.1|541.8
64388,445.45|481.85
64389,391.45|436.5
64390,594.95|369.55
64391,525.6|567.05
64392,237.35|217.55
64393,528.15|433.9
64394,259.75|513.9
64395,270.8|273.95
64396,549.5|583.2
64397,264.85|298.25
64398,468.45|483.6
64399,212.75|245.5
64400,299.8|350.3
64401,267.55|350.55
64402,396.5|302.0
64403,380.3|499.55
64404,405.7|558.7
64405,395.7|390.1
64406,346.6|212.9
64407,424.4|460.7
64408,355.8|437.0
64409,288.3|493.05
64410,354.95|322.95
64411,206.1|381.65
64412,447.65|516.45
64413,376.8|592.85
64414,237.3|398.4
64415,408.0|410.3
64416,580.0|305.25
64417,228.95|397.6
64418,341.45|575.8
64419,471.25|247.35
64420,394.7|505.05
64421,256.35|337.55
64422,388.8|266.4
64423,407.3|501.6
64424,595.25|395.35
64425,266.45|377.0
64426,475.5|506.0
64427,552.2|253.85
64428,401.15|541.5
64429,472.7|335.45
64430,209.3|472.7
64431,279.05|338.25
64432,254.4|409.55
64433,243.15|508.6
64434,208.3|460.45
64435,446.95|484.55
64436,337.25|325.85
64437,227.0|378.95
64438,468.25|332.2
64439,348.65|443.7
64440,543.2|550.15
64441,559.5|505.85
64442,588.45|207.15
64443,409.15|466.95
64444,483.0|333.0
64445,586.1|499.4
64446,555.55|239.95
64447,577.4|293.55
64448,300.5|407.7
64449,510.8|488.8
64450,431.2|256.65
64451,267.65|575.15
64452,393.3|445.3
64453,340.95|249.9
64454,356.45|275.1
64455,409.15|488.35
64456,438.45|303.6
64457,499.5|451.5
64458,567.1|436.0
64459,280.05|418.8
64460,216.25|424.05
64461,370.0|229.8
64462,469.4|415.25
64463,345.2|508.95
64464,447.65|235.7
64465,518.95|358.95
64466,544.4|483.15
64467,399.1|402.2
64468,461.2|368.55
64469,435.0|460.7
64470,470.4|515.45
64471,456.4|506.55
64472,373.55|397.85
64473,330.1|345.3
64474,314.4|547.4
64475,315.1|329.95
64476,466.45|235.1
64477,234.05|433.65
64478,427.0|348.55
64479,560.15|512.55
64480,259.0|365.6
64481,451.5|591.6
64482,520.05|521.0
64483,381.85|219.1
64484,554.7|393.4
64485,276.7|526.5
64486,426.9|322.5
64487,286.0|477.95
64488,555.0|515.7
64489,469.35|319.7
64490,463.3|373.05
64491,435.4|308.1
64492,371.85|403.1
64493,534.15|580.05
64494,401.95|496.45
64495,563.4|489.1
64496,405.75|565.4
64497,373.2|580.25
64498,423.9|375.8
64499,221.3|592.55
64500,395.15|559.55
64501,380.5|249.0
64502,554.45|303.35
64503,242.05|233.3
64504,275.4|287.25
64505,528.2|403.25
64506,403.1|433.65
64507,254.0|547.8
64508,240.9|511.15
64509,391.45|314.5
64510,572.8|278.75
64511,343.05|254.65
64512,462.35|464.3
64513,587.8|363.7
64514,238.95|354.95
64515,575.25|485.3
64516,348.9|249.4
64517,345.8|569.15
64518,385.05|352.45
64519,261.95|218.55
64520,306.8|371.05
64521,467.5|547.4
64522,471.95|431.8
64523,445.4|460.95
64524,286.4|390.2
64525,452.4|389.5
64526,387.05|392.55
64527,214.25|585.15
64528,406.25|445.5
64529,550.55|508.75
64530,505.8|492.8
64531,341.0|231.45
64532,247.8|506.45
64533,557.25|310.2
64534,570.8|227.75
64535,448.95|452.0
64536,280.7|388.05
64537,419.5|592.7
64538,416.85|358.8
64539,544.5|278.1
64540,229.55|573.55
64541,299.0|329.0
64542,325.95|403.4
64543,472.2|312.05
64544,546.55|345.7
64545,389.4|401.95
64546,469.6|339.7
64547,569.6|256.85
64548,451.3|453.0
64549,473.4|291.8
64550,355.85|214.1
64551,388.85|263.9
64552,208.35|496.15
64553,205.2|528.1
64554,461.3|327.2
64555,380.25|475.8
64556,344.75|426.85
64557,267.2|329.9
64558,206.0|450.3
64559,359.8|208.45
64560,561.1|585.05
64561,270.35|389.9
64562,546.7|258.3
64563,376.45|451.95
64564,364.2|492.5
64565,367.55|594.45
64566,559.05|533.7
64567,225.0|448.55
64568,526.6|450.8
64569,218.25|471.95
64570,261.9|558.2
64571,210.3|335.35
64572,338.8|402.65
64573,508.2|465.6
64574,594.75|363.7
64575,357.45|219.1
64576,344.7|254.1
64577,584.8|395.6
64578,590.35|485.25
64579,349.75|437.15
64580,511.6|499.3
64581,283.5|524.65
64582,269.35|542.05
64583,399.5|409.55
64584,587.8|352.35
64585,562.25|591.6
64586,357.05|209.35
64587,442.2|497.55
64588,400.05|355.15
64589,556.9|570.65
64590,367.3|596.2
64591,252.05|258.45
64592,560.2|253.45
64593,405.7|361.6
64594,271.5|561.85
64595,217.75|470.4
64596,285.1|459.9
64597,585.25|457.3
64598,477.9|572.75
64599,394.1|451.4
64600,454.3|539.45
64601,406.55|218.2
64602,305.75|425.85
64603,233.6|576.95
64604,460.4|521.15
64605,299.8|343.75
64606,463.1|502.1
64607,462.0|425.9
64608,244.45|349.15
64609,426.8|558.45
64610,457.65|582.35
64611,596.15|386.15
64612,365.35|269.15
64613,272.85|244.55
64614,453.45|543.0
64615,339.8|319.95
64616,525.35|341.95
64617,408.6|214.75
64618,387.5|295.0
64619,265.35|450.1
64620,413.2|504.6
64621,425.3|419.65
64622,353.2|496.15
64623,476.45|345.95
64624,442.8|394.5
64625,436.1|470.15
64626,385.55|520.55
64627,573.7|553.8
64628,437.35|333.0
64629,228.1|317.75
64630,583.85|359.3
64631,320.75|328.55
64632,246.3|585.9
64633,473.45|491.4
64634,387.2|281.1
64635,445.75|311.15
64636,441.5|588.5
64637,364.05|514.3
64638,531.75|536.5
64639,411.75|239.6
64640,461.55|424.3
64641,234.85|558.95
64642,560.0|516.1
64643,356.8|281.3
64644,573.1|462.0
64645,548.9|556.1
64646,281.5|458.5
64647,413.45|319.9
64648,589.9|589.2
64649,578.4|220.95
64650,369.2|460.65
64651,300.05|463.4
64652,411.95|537.85
64653,404.75|507.2
64654,574.15|326.4
64655,291.5|463.3
64656,280.35|558.15
64657,472.6|347.7
64658,421.85|256.1
64659,254.1|209.85
64660,394.8|480.95
64661,579.65|300.5
64662,363.4|258.75
64663,587.75|548.25
64664,515.75|347.0
64665,454.3|490.55
64666,476.9|345.55
64667,402.35|593.2
64668,233.05|583.95
64669,247.95|242.45
64670,355.45|405.6
64671,493.4|490.4
64672,287.35|392.5
64673,225.4|440.7
64674,284.5|351.8
64675,261.85|409.65
64676,495.75|449.35
64677,302.15|571.3
64678,580.15|245.35
64679,220.9|360.8
64680,433.95|472.25
64681,547.9|433.5
64682,413.5|580.9
64683,444.15|563.25
64684,337.75|226.85
64685,205.65|508.0
64686,544.35|233.05
64687,448.85|230.5
64688,378.4|333.75
64689,255.45|458.1
64690,459.05|452.2
64691,363.85|483.5
64692,415.15|221.45
64693,271.25|348.45
64694,321.3|337.1
64695,585.7|223.2
64696,229.65|477.35
64697,321.25|497.5
64698,460.95|445.45
64699,365.75|517.4
64700,584.35|375.1
64701,258.9|487.0
64702,266.9|215.9
64703,569.9|405.2
64704,571.25|535.95
64705,528.05|438.55
64706,458.95|391.45
64707,254.3|250.8
64708,252.05|329.0
64709,385.3|559.8
64710,353.9|247.3
64711,559.65|326.0
64712,208.65|457.45
64713,541.6|340.4
64714,310.8|397.85
64715,409.9|291.55
64716,423.1|449.55
64717,340.75|382.65
64718,584.5|250.5
64719,460.4|455.35
64720,589.4|357.8
64721,274.7|369.9
64722,351.65|292.35
64723,470.7|473.45
64724,576.15|413.85
64725,533.1|552.25
64726,574.4|293.85
64727,380.05|589.6
64728,553.1|513.5
64729,405.8|467.4
64730,384.9|483.45
64731,283.6|253.0
64732,247.35|413.65
64733,566.9|228.9
64734,547.75|500.2
64735,583.0|536.9
64736,407.95|208.15
64737,224.8|575.65
64738,263.5|502.55
64739,487.05|267.25
64740,556.6|300.6
64741,426.85|401.25
64742,290.0|480.05
64743,323.8|402.25
64744,285.0|370.1
64745,508.5|519.65
64746,216.0|592.75
64747,436.4|231.05
64748,580.15|223.7
64749,525.25|454.05
64750,397.8|282.65
64751,348.95|320.55
64752,589.2|480.1
64753,375.6|585.55
64754,252.2|357.75
64755,376.7|567.75
64756,470.95|310.05
64757,394.95|355.6
64758,383.95|231.2
64759,302.8|578.6
64760,379.45|368.1
64761,217.1|541.45
64762,530.05|290.25
64763,249.4|585.1
64764,445.8|507.25
64765,562.25|506.05
64766,540.5|227.35
64767,237.15|550.8
64768,591.35|267.0
64769,468.7|322.8
64770,232.35|429.3
64771,479.65|486.2
64772,207.05|244.3
64773,353.0|526.6
64774,277.95|334.15
64775,367.6|585.2
64776,465.6|230.6
64777,316.85|467.25
64778,236.7|579.25
64779,369.85|367.0
64780,217.95|309.05
64781,241.5|482.75
64782,353.35|404.65
64783,424.85|362.9
64784,472.65|372.55
64785,264.5|500.65
64786,259.05|332.7
64787,264.45|317.05
64788,274.2|319.55
64789,553.65|475.55
64790,235.05|535.25
64791,574.0|569.7
64792,587.5|354.25
64793,253.35|423.3
64794,446.85|238.5
64795,458.65|219.9
64796,470.6|214.4
64797,376.35|225.15
64798,448.65|279.3
64799,552.5|313.9
64800,532.7|386.8
64801,257.0|495.75
64802,474.6|327.5
64803,413.15|228.6
64804,292.4|534.65
64805,426.75|579.1
64806,589.3|510.3
64807,587.6|246.65
64808,433.55|576.05
64809,506.4|505.85
64810,269.25|567.25
64811,420.25|389.1
64812,566.5|285.8
64813,447.9|591.6
64814,570.95|280.05
64815,287.8|409.15
64816,268.95|365.05
64817,287.35|359.4
64818,215.95|283.8
64819,391.7|483.15
64820,472.45|226.25
64821,348.95|228.35
64822,456.8|317.35
64823,372.45|434.1
64824,591.7|378.8
64825,379.2|488.2
64826,450.45|369.0
64827,383.15|572.05
64828,391.05|361.15
64829,233.6|584.5
64830,229.25|488.8
64831,291.15|325.4
64832,441.75|445.9
64833,552.45|317.3
64834,380.8|517.55
64835,207.8|576.05
64836,338.25|254.2
64837,212.95|304.55
64838,274.75|445.4
64839,576.25|479.2
64840,269.4|341.4
64841,478.2|288.85
64842,298.75|554.05
64843,569.35|265.2
64844,353.0|435.65
64845,220.7|362.4
64846,321.65|361.95
64847,362.85|358.2
64848,510.65|485.85
64849,225.5|274.9
64850,341.3|293.95
64851,239.7|372.2
64852,559.75|245.4
64853,433.4|219.35
64854,376.35|502.5
64855,542.3|285.2
64856,588.3|550.8
64857,468.2|512.8
64858,351.55|338.7
64859,300.4|539.2
64860,278.75|539.8
64861,545.7|450.9
64862,342.65|239.15
64863,590.9|504.95
64864,579.2|483.5
64865,397.9|576.0
64866,386.55|581.0
64867,429.65|221.6
64868,385.9|566.55
64869,252.15|239.35
64870,288.0|428.55
64871,287.2|330.2
64872,574.5|265.75
64873,384.7|306.15
64874,579.85|215.9
64875,579.3|261.6
64876,376.75|260.15
64877,300.1|431.4
64878,532.6|423.05
64879,441.75|466.95
64880,374.6|506.2
64881,412.3|319.85
64882,534.2|535.9
64883,565.15|401.25
64884,408.4|452.85
64885,453.4|455.2
64886,289.15|466.1
64887,260.65|255.9
64888,586.95|351.2
64889,483.05|458.55
64890,471.2|325.15
64891,539.8|519.2
64892,243.05|231.85
64893,528.35|437.9
64894,459.25|567.75
64895,590.05|259.6
64896,216.15|574.6
64897,414.85|487.05
64898,238.05|405.2
64899,440.35|220.25
64900,394.0|454.7
64901,479.4|316.5
64902,595.5|429.95
64903,421.35|383.7
64904,410.15|570.45
64905,344.0|333.15
64906,343.9|472.05
64907,466.85|491.8
64908,591.35|433.45
64909,352.7|405.55
64910,427.45|390.1
64911,358.25|569.35
64912,590.55|266.15
64913,442.35|275.9
64914,589.95|272.35
64915,290.9|445.6
64916,371.6|227.0
64917,564.95|322.4
64918,466.25|549.0
64919,537.8|341.55
64920,417.15|318.8
64921,426.05|557.7
64922,405.8|572.75
64923,266.3|423.7
64924,239.65|489.65
64925,468.5|232.25
64926,297.5|328.2
64927,373.05|268.0
64928,418.0|485.2
64929,476.95|319.2
64930,338.9|508.75
64931,397.55|503.95
64932,216.95|264.4
64933,338.25|330.15
64934,240.6|342.5
64935,583.5|552.85
64936,500.75|498.6
64937,343.85|526.9
64938,284.9|407.7
64939,563.8|539.4
64940,482.8|383.25
64941,554.7|314.95
64942,226.75|433.05
64943,465.55|240.45
64944,336.45|375.35
64945,510.9|484.5
64946,211.05|581.8
64947,260.15|588.55
64948,365.05|344.15
64949,430.3|441.85
64950,419.0|243.85
64951,411.75|279.7
64952,283.95|574.2
64953,259.75|352.1
64954,471.4|231.0
64955,268.8|283.1
64956,213.1|474.55
64957,529.65|276.25
64958,552.5|373.05
64959,332.0|247.8
64960,592.25|369.55
64961,244.3|582.4
64962,546.35|276.15
64963,580.3|409.75
64964,575.7|497.6
64965,437.65|360.35
64966,270.2|224.8
64967,551.65|490.25
64968,253.95|292.35
64969,347.55|592.05
64970,248.2|240.05
64971,399.65|260.0
64972,251.55|391.25
64973,518.3|459.95
64974,467.55|402.05
64975,390.45|319.55
64976,561.1|397.85
64977,222.45|352.25
64978,356.55|207.35
64979,280.7|509.85
64980,511.2|507.8
64981,392.65|292.4
64982,229.85|316.15
64983,235.4|588.8
64984,336.1|262.45
64985,249.45|447.4
64986,368.55|491.35
64987,343.05|341.15
64988,430.8|219.95
64989,592.45|576.3
64990,558.1|301.25
64991,422.7|558.0
64992,465.45|358.0
64993,371.2|214.05
64994,471.25|245.5
64995,455.05|333.5
64996,285.95|365.5
64997,347.6|374.95
64998,215.35|475.85
64999,223.15|323.85
65000,475.7|265.55
65001,355.0|354.9
65002,429.95|378.45
65003,427.55|293.15
65004,354.9|220.95
65005,266.85|547.95
65006,454.85|554.75
65007,480.5|518.05
65008,471.65|362.25
65009,568.9|262.6
65010,465.1|450.3
65011,250.5|382.1
65012,248.55|584.45
65013,478.9|480.7
65014,573.25|423.35
65015,534.9|281.1
65016,246.2|243.2
65017,322.25|426.35
65018,405.45|571.65
65019,345.3|585.85
65020,569.45|457.55
65021,562.65|430.4
65022,247.65|534.85
65023,586.9|268.8
65024,374.25|358.65
65025,251.75|244.8
65026,561.0|586.4
65027,365.4|212.25
65028,347.15|259.8
65029,240.65|457.35
65030,546.7|243.5
65031,300.75|344.2
65032,470.0|370.55
65033,338.35|217.0
65034,347.15|286.2
65035,471.05|323.3
65036,267.2|448.6
65037,496.25|453.75
65038,222.05|392.8
65039,381.8|415.25
65040,340.6|588.1
65041,579.05|460.25
65042,213.35|507.15
65043,244.85|584.05
65044,372.95|366.1
65045,295.9|273.55
65046,345.6|225.15
65047,220.7|277.7
65048,568.45|517.95
65049,221.45|394.1
65050,526.0|475.9
65051,585.1|209.5
65052,406.5|383.25
65053,379.4|488.25
65054,219.2|232.0
65055,291.15|386.55
65056,534.45|342.65
65057,371.5|489.5
65058,218.75|589.05
65059,240.25|442.55
65060,344.85|231.85
65061,416.0|454.35
65062,378.05|371.8
65063,282.35|375.05
65064,358.75|216.4
65065,539.6|261.85
65066,279.0|274.15
65067,466.15|569.3
65068,472.15|250.4
65069,543.45|261.0
65070,288.2|329.6
65071,537.25|515.15
65072,551.95|587.0
65073,358.2|330.45
65074,236.15|483.85
65075,449.45|223.5
65076,247.95|516.95
65077,521.7|547.15
65078,224.4|275.8
65079,466.05|339.9
65080,581.15|218.2
65081,405.95|562.9
65082,581.8|210.2
65083,413.45|590.5
65084,373.55|585.8
65085,373.45|583.25
65086,267.05|357.75
65087,385.85|453.9
65088,213.15|241.6
65089,480.45|228.4
65090,233.35|481.85
65091,284.0|467.35
65092,427.85|427.8
65093,435.6|511.2
65094,453.7|507.8
65095,405.3|362.15
65096,217.2|583.7
65097,417.75|412.45
65098,386.35|258.25
65099,216.75|239.55
65100,341.8|222.9
65101,433.2|583.35
65102,334.05|340.2
65103,443.6|468.75
65104,416.45|537.6
65105,218.1|590.75
65106,479.9|316.55
65107,472.15|331.3
65108,358.65|245.75
65109,245.4|568.25
65110,463.05|279.9
65111,421.85|578.15
65112,363.4|595.85
65113,448.4|564.1
65114,279.55|495.35
65115,230.7|590.6
65116,435.5|249.45
65117,352.2|337.55
65118,218.85|593.5
65119,470.0|229.0
65120,234.15|345.6
65121,315.8|322.8
65122,519.0|498.4
65123,553.3|519.3
65124,266.15|268.25
65125,368.35|239.9
65126,510.6|461.8
65127,368.15|376.85
65128,395.1|492.35
65129,538.7|463.45
65130,553.2|376.35
65131,459.5|228.3
65132,321.7|425.0
65133,537.05|577.2
65134,227.85|468.15
65135,343.95|321.05
65136,401.05|306.45
65137,348.9|448.4
65138,427.9|250.65
65139,236.5|585.25
65140,568.65|451.75
65141,571.0|395.8
65142,273.95|372.5
65143,215.2|402.25
65144,467.55|342.1
65145,270.4|310.25
65146,527.05|464.4
65147,440.65|219.3
65148,567.35|344.75
65149,555.6|336.2
65150,248.95|231.7
65151,256.75|231.45
65152,332.1|390.2
65153,469.9|434.55
65154,302.0|369.6
65155,270.95|271.55
65156,247.35|302.5
65157,359.6|349.9
65158,520.0|450.65
65159,422.45|296.25
65160,580.5|349.1
65161,271.65|434.3
65162,429.55|490.0
65163,592.55|275.85
65164,464.7|325.05
65165,339.15|261.1
65166,232.45|355.45
65167,460.7|359.85
65168,343.25|441.15
65169,424.35|448.9
65170,415.4|588.35
65171,397.15|443.45
65172,363.1|586.75
65173,383.8|244.7
65174,466.95|356.25
65175,244.85|478.55
65176,342.9|413.9
65177,258.75|361.95
65178,424.05|454.85
65179,233.85|576.1
65180,279.35|345.9
65181,564.2|441.45
65182,353.6|209.4
65183,267.4|423.65
65184,338.2|259.2
65185,590.9|388.05
65186,300.45|445.15
65187,233.0|538.95
65188,530.95|433.3
65189,456.1|454.2
65190,378.8|484.75
65191,304.3|399.25
65192,557.45|293.75
65193,265.55|208.75
65194,432.7|271.45
65195,259.1|568.8
65196,224.8|339.95
65197,379.6|260.5
65198,594.5|562.75
65199,294.0|370.45
65200,480.65|331.6
65201,428.05|335.35
65202,433.05|502.1
65203,399.9|300.8
65204,226.25|488.6
65205,543.4|274.0
65206,432.3|587.6
65207,449.05|459.95
65208,418.85|579.55
65209,314.85|521.75
65210,464.65|528.3
65211,265.4|225.55
65212,265.75|258.75
65213,288.85|337.9
65214,334.25|332.35
65215,354.85|340.8
65216,416.3|292.1
65217,328.5|246.05
65218,537.05|480.3
65219,274.1|389.1
65220,588.7|548.55
65221,454.35|393.5
65222,449.6|451.6
65223,436.55|410.75
65224,289.3|351.35
65225,367.75|396.7
65226,542.35|418.85
65227,234.55|420.0
65228,239.75|318.7
65229,456.0|411.45
65230,539.3|279.25
65231,510.5|361.75
65232,362.0|486.05
65233,290.3|448.05
65234,256.3|541.6
65235,241.3|309.5
65236,271.35|391.25
65237,224.0|490.75
65238,367.45|248.95
65239,535.35|537.6
65240,386.1|254.9
65241,272.5|326.9
65242,554.5|528.25
65243,285.3|544.8
65244,520.2|531.65
65245,412.25|545.95
65246,250.5|490.45
65247,432.5|401.3
65248,541.65|540.7
65249,545.15|413.8
65250,484.95|393.0
65251,433.75|563.6
65252,418.25|370.7
65253,515.25|426.45
65254,471.85|215.8
65255,343.45|320.45
65256,571.95|377.8
65257,429.05|225.9
65258,475.7|349.9
65259,445.6|385.55
65260,363.05|591.15
65261,228.55|439.75
65262,257.95|227.4
65263,218.2|227.95
65264,428.45|319.5
65265,586.4|377.75
65266,575.15|591.5
65267,323.8|397.15
65268,286.3|360.5
65269,278.85|450.65
65270,224.55|416.05
65271,219.85|299.5
65272,249.35|238.25
65273,561.7|292.9
65274,574.55|287.5
65275,530.7|477.9
65276,319.7|404.45
65277,392.0|573.85
65278,283.85|358.8
65279,439.05|373.05
65280,579.15|504.4
65281,589.55|360.9
65282,219.75|335.25
65283,437.6|509.8
65284,505.25|332.6
65285,424.3|423.5
65286,590.2|278.65
65287,414.4|209.2
65288,458.1|512.6
65289,449.65|588.1
65290,498.45|234.2
65291,376.9|591.95
65292,250.65|532.95
65293,335.1|400.1
65294,471.05|245.8
65295,214.45|535.0
65296,546.65|238.15
65297,239.75|321.6
65298,558.85|408.9
65299,536.55|286.95
65300,278.7|315.2
65301,276.9|570.15
65302,335.85|206.85
65303,213.7|359.75
65304,582.45|515.9
65305,437.45|427.4
65306,322.9|413.45
65307,356.65|226.4
65308,262.3|426.9
65309,475.6|241.9
65310,468.7|246.65
65311,564.75|303.15
65312,248.7|287.0
65313,342.15|412.55
65314,354.15|228.7
65315,588.2|517.6
65316,537.55|505.0
65317,439.65|494.2
65318,529.4|488.5
65319,469.0|224.65
65320,470.0|295.95
65321,436.5|566.85
65322,456.9|465.7
65323,558.55|591.3
65324,457.65|398.85
65325,272.5|279.75
65326,461.25|550.45
65327,362.9|232.4
65328,208.0|517.25
65329,356.8|282.05
65330,263.85|439.9
65331,398.4|404.8
65332,378.85|323.45
65333,387.25|261.05
65334,592.65|355.75
65335,267.45|542.9
65336,219.25|321.25
65337,253.8|266.55
65338,557.15|399.6
65339,420.6|589.6
65340,217.8|242.15
65341,340.55|322.7
65342,368.4|371.65
65343,207.7|313.2
65344,390.85|470.3
65345,592.25|359.5
65346,328.6|437.85
65347,427.25|217.9
65348,487.5|215.85
65349,315.8|385.45
65350,216.4|466.35
65351,569.5|239.45
65352,250.35|280.95
65353,591.5|393.0
65354,430.2|396.0
65355,471.75|316.1
65356,266.35|479.65
65357,558.4|508.15
65358,378.45|283.5
65359,276.7|480.4
65360,348.2|455.2
65361,513.85|460.55
65362,531.45|541.1
65363,409.0|294.15
65364,241.95|286.15
65365,402.85|435.8
65366,274.15|340.55
65367,269.0|365.25
65368,355.05|280.05
65369,434.9|513.45
65370,294.95|355.65
65371,350.9|215.35
65372,467.2|323.65
65373,402.05|249.7
65374,286.95|423.55
65375,410.3|569.55
65376,230.85|286.65
65377,212.15|269.55
65378,370.35|226.45
65379,301.15|473.8
65380,364.85|487.75
65381,443.0|438.9
65382,299.15|426.95
65383,330.35|396.95
65384,210.0|362.25
65385,278.65|239.25
65386,235.0|429.55
65387,301.2|405.45
65388,369.4|270.5
65389,247.05|288.4
65390,438.35|362.3
65391,427.85|385.3
65392,468.25|277.65
65393,223.5|236.5
65394,443.2|504.9
65395,394.6|477.85
65396,247.8|439.0
65397,364.6|449.2
65398,506.65|525.0
65399,368.65|249.6
65400,347.35|406.45
65401,418.3|396.25
65402,352.75|240.8
65403,557.7|233.3
65404,479.2|361.05
65405,387.75|479.3
65406,218.75|268.55
65407,580.75|307.9
65408,532.55|544.95
65409,356.45|213.2
65410,454.8|395.2
65411,447.05|474.75
65412,451.2|446.6
65413,528.5|434.35
65414,428.5|313.05
65415,584.55|217.45
65416,274.4|218.05
65417,440.4|512.4
65418,346.75|383.6
65419,341.65|266.0
65420,449.6|363.65
65421,529.7|357.4
65422,347.45|222.35
65423,254.9|389.75
65424,470.8|327.1
65425,468.65|279.6
65426,471.95|461.5
65427,438.8|279.0
65428,518.15|433.8
65429,367.15|373.6
65430,402.15|468.35
65431,434.25|303.25
65432,417.5|578.85
65433,587.65|579.65
65434,261.05|579.8
65435,354.45|208.55
65436,280.55|268.15
65437,211.25|249.8
65438,419.85|220.1
65439,249.2|254.75
65440,220.6|492.4
65441,583.7|467.8
65442,382.85|505.75
65443,438.5|240.95
65444,551.1|400.2
65445,298.75|406.8
65446,270.95|552.2
65447,392.2|256.55
65448,496.45|343.8
65449,253.95|387.9
65450,418.55|342.15
65451,210.85|587.85
65452,329.9|547.95
65453,466.0|473.05
65454,465.55|219.8
65455,455.05|331.5
65456,438.65|320.35
65457,590.8|250.25
65458,594.8|268.25
65459,390.35|499.75
65460,588.1|457.95
65461,485.1|357.4
65462,338.2|318.75
65463,462.75|370.0
65464,396.25|581.7
65465,397.15|259.5
65466,353.75|525.75
65467,544.1|515.05
65468,418.4|209.85
65469,341.7|328.7
65470,215.8|309.65
65471,277.95|274.65
65472,214.1|403.25
65473,454.55|472.9
65474,358.7|473.15
65475,286.8|292.95
65476,545.45|272.65
65477,520.75|494.5
65478,464.05|289.8
65479,525.4|551.8
65480,385.55|268.15
65481,551.1|590.3
65482,503.1|316.8
65483,436.05|455.85
65484,226.1|252.7
65485,551.05|253.45
65486,353.1|363.35
65487,463.4|433.0
65488,543.15|586.45
65489,365.65|266.6
65490,570.1|250.45
65491,425.45|377.5
65492,540.2|412.1
65493,453.0|363.55
65494,587.05|250.4
65495,305.45|460.5
65496,462.9|502.35
65497,534.2|528.7
65498,444.2|381.45
65499,330.35|326.2
65500,219.15|294.2
65501,582.15|485.05
65502,494.6|477.0
65503,507.5|351.95
65504,243.55|549.3
65505,520.8|550.5
65506,376.7|373.4
65507,276.4|564.85
65508,488.1|357.8
65509,247.35|265.75
65510,278.0|245.6
65511,392.25|312.6
65512,535.35|328.1
65513,256.05|409.9
65514,387.1|592.9
65515,511.3|449.5
65516,287.3|442.6
65517,360.5|206.7
65518,579.15|507.1
65519,556.05|313.7
65520,398.3|555.95
65521,345.45|244.45
65522,571.05|472.95
65523,225.95|480.2
65524,283.3|478.25
65525,376.15|255.65
65526,437.6|388.35
65527,301.05|405.0
65528,363.65|497.5
65529,555.85|277.15
65530,339.9|417.55
65531,349.8|535.5
65532,542.6|329.7
65533,535.15|519.95
65534,525.4|433.15
65535,451.7|333.25
65536,489.85|365.35
65537,535.65|337.35
65538,245.3|563.2
65539,530.65|482.75
65540,465.2|503.5
65541,291.75|534.15
65542,273.15|460.55
65543,409.15|580.95
65544,447.65|376.4
65545,447.75|583.5
65546,442.2|438.75
65547,355.5|342.65
65548,423.15|311.15
65549,231.7|461.05
65550,389.2|581.9
65551,539.85|451.1
65552,363.5|316.0
65553,407.6|499.25
65554,388.55|309.55
65555,411.75|334.7
65556,333.45|436.15
65557,257.05|422.7
65558,454.1|250.15
65559,217.3|498.95
65560,405.8|326.8
65561,535.6|459.35
65562,455.95|337.85
65563,435.5|373.55
65564,465.7|288.1
65565,321.55|319.0
65566,232.15|505.4
65567,456.25|538.15
65568,471.05|235.6
65569,269.75|276.9
65570,235.6|321.55
65571,459.9|433.0
65572,405.7|245.4
65573,294.55|349.1
65574,431.05|251.05
65575,267.4|399.05
65576,533.55|575.05
65577,212.7|347.35
65578,415.55|369.55
65579,384.75|377.0
65580,465.5|222.1
65581,247.7|586.7
65582,231.0|563.85
65583,417.9|575.35
65584,271.5|277.95
65585,214.35|340.9
65586,288.0|317.45
65587,572.2|275.65
65588,273.95|388.05
65589,434.95|349.65
65590,271.1|532.5
65591,539.35|262.05
65592,465.85|462.8
65593,401.7|511.55
65594,388.85|291.5
65595,583.7|332.15
65596,360.4|334.3
65597,317.7|306.7
65598,371.25|331.0
65599,590.9|354.3
65600,591.2|293.6
65601,335.95|301.3
65602,223.05|277.1
65603,345.75|505.8
65604,285.95|333.5
65605,207.0|553.55
65606,358.25|253.0
65607,348.35|585.2
65608,450.5|319.8
65609,527.2|375.95
65610,402.3|540.7
65611,364.35|289.75
65612,349.95|538.95
65613,421.3|374.5
65614,291.9|325.05
65615,269.55|578.2
65616,299.65|396.45
65617,461.1|446.45
65618,447.2|558.6
65619,423.45|248.3
65620,239.9|411.85
65621,483.15|483.8
65622,247.2|451.0
65623,244.4|434.75
65624,351.45|432.4
65625,558.2|590.8
65626,456.25|517.5
65627,332.0|435.1
65628,557.85|307.05
65629,273.15|423.15
65630,587.5|436.05
65631,520.2|578.75
65632,577.2|314.1
65633,588.7|444.9
65634,450.9|461.65
65635,542.3|537.15
65636,231.65|271.2
65637,468.3|415.2
65638,396.8|510.1
65639,400.25|590.25
65640,218.6|479.9
65641,230.75|434.5
65642,284.75|271.0
65643,296.7|422.05
65644,545.9|592.85
65645,221.2|297.45
65646,452.5|447.3
65647,213.75|252.85
65648,237.2|389.95
65649,344.15|399.0
65650,372.75|346.25
65651,400.8|366.65
65652,381.65|490.75
65653,462.65|561.6
65654,436.75|535.4
65655,554.85|295.7
65656,475.65|330.25
65657,371.1|577.2
65658,440.75|581.65
65659,207.8|500.5
65660,351.3|384.3
65661,537.3|317.5
65662,375.2|343.4
65663,548.85|355.4
65664,466.55|219.25
65665,565.7|274.75
65666,431.7|483.75
65667,580.75|220.1
65668,330.65|325.9
65669,248.9|497.65
65670,346.3|350.0
65671,459.65|320.5
65672,415.8|585.35
65673,249.35|413.1
65674,348.85|256.35
65675,352.5|216.85
65676,212.7|381.7
65677,583.6|384.0
65678,424.15|339.9
65679,403.6|411.3
65680,287.5|486.65
65681,437.1|563.7
65682,450.8|450.9
65683,456.6|563.9
65684,296.3|501.2
65685,284.75|530.05
65686,459.6|456.55
65687,429.1|363.45
65688,357.1|559.05
65689,361.15|488.05
65690,414.85|585.25
65691,218.1|584.8
65692,346.0|276.1
65693,533.65|363.6
65694,324.8|428.35
65695,241.15|580.9
65696,236.3|366.2
65697,384.15|273.6
65698,217.0|253.1
65699,212.9|262.6
65700,338.25|585.45
65701,535.95|407.1
65702,546.25|522.05
65703,237.05|571.6
65704,375.45|549.05
65705,549.1|540.55
65706,216.6|582.6
65707,227.55|407.2
65708,473.2|361.85
65709,361.85|388.1
65710,564.05|340.1
65711,395.3|514.35
65712,499.6|238.65
65713,257.5|400.85
65714,522.4|280.35
65715,575.35|220.65
65716,590.2|268.25
65717,207.95|460.25
65718,565.1|453.1
65719,374.85|384.35
65720,252.1|269.7
65721,315.75|357.65
65722,388.0|346.0
65723,512.0|517.3
65724,360.4|239.7
65725,235.35|522.0
65726,426.3|348.8
65727,544.2|416.75
65728,235.35|396.3
65729,229.95|439.5
65730,240.15|337.85
65731,397.95|278.65
65732,212.25|242.75
65733,584.3|251.15
65734,324.2|355.1
65735,470.4|246.45
65736,463.3|494.35
65737,467.35|399.55
65738,413.8|587.2
65739,508.65|445.6
65740,542.75|545.2
65741,362.95|594.15
65742,360.3|213.3
65743,534.3|337.1
65744,543.4|291.8
65745,270.75|584.2
65746,461.4|223.5
65747,403.55|563.6
65748,276.6|564.5
65749,217.1|223.35
65750,533.7|590.55
65751,252.4|367.55
65752,345.35|493.95
65753,478.2|474.45
65754,208.6|480.45
65755,533.95|443.25
65756,340.5|238.7
65757,547.1|558.05
65758,245.25|286.5
65759,237.15|398.85
65760,298.0|306.95
65761,428.0|503.2
65762,249.0|304.0
65763,385.6|254.7
65764,314.0|332.4
65765,423.8|343.85
65766,474.85|348.2
65767,566.45|215.1
65768,401.9|208.25
65769,248.95|263.6
65770,417.9|578.45
65771,469.9|265.25
65772,439.6|321.05
65773,306.1|269.95
65774,563.9|279.3
65775,581.8|448.45
65776,252.95|284.5
65777,428.7|268.2
65778,423.0|497.0
65779,235.95|291.7
65780,406.9|210.7
65781,229.8|579.4
65782,258.3|369.2
65783,229.3|586.25
65784,367.25|546.9
65785,520.5|297.15
65786,446.05|274.3
65787,264.5|344.7
65788,236.2|552.35
65789,405.45|418.0
65790,387.25|395.5
65791,465.65|312.8
65792,272.65|246.0
65793,253.85|581.8
65794,284.2|272.2
65795,383.6|592.2
65796,393.45|358.35
65797,358.35|384.75
65798,532.05|519.0
65799,431.35|424.9
65800,442.75|470.9
65801,279.7|542.9
65802,248.9|280.45
65803,324.1|328.4
65804,271.75|391.85
65805,533.6|536.65
65806,341.05|406.05
65807,576.25|360.35
65808,338.1|252.0
65809,237.05|387.3
65810,343.8|507.7
65811,423.6|544.1
65812,571.8|384.6
65813,347.5|500.25
65814,391.3|214.25
65815,539.3|266.45
65816,549.0|232.3
65817,573.9|476.3
65818,343.3|406.95
65819,462.75|356.0
65820,264.55|523.65
65821,411.1|209.35
65822,586.55|515.3
65823,339.45|260.15
65824,241.65|234.35
65825,248.9|281.65
65826,387.1|518.9
65827,224.9|542.15
65828,551.95|288.85
65829,580.35|320.0
65830,386.55|298.25
65831,560.75|577.7
65832,575.3|450.0
65833,445.0|330.7
65834,381.3|287.6
65835,278.5|574.6
65836,268.8|378.7
65837,362.45|280.55
65838,307.15|498.6
65839,400.05|544.45
65840,517.35|455.55
65841,578.6|370.6
65842,258.15|386.7
65843,254.9|406.25
65844,389.55|536.7
65845,447.7|508.85
65846,370.6|554.3
65847,249.6|505.2
65848,287.15|578.1
65849,259.5|587.2
65850,216.1|304.55
65851,443.3|593.4
65852,311.75|437.3
65853,479.95|341.55
65854,224.2|314.75
65855,454.25|211.6
65856,249.0|235.0
65857,447.4|401.0
65858,279.15|455.9
65859,551.0|445.5
65860,343.1|530.2
65861,273.65|586.75
65862,306.55|415.45
65863,534.85|487.05
65864,582.9|380.9
65865,528.35|440.25
65866,257.05|237.7
65867,475.6|243.2
65868,539.8|431.95
65869,283.0|575.45
65870,544.9|527.55
65871,510.1|494.55
65872,579.25|370.4
65873,556.8|262.8
65874,539.75|523.5
65875,487.05|364.0
65876,416.3|224.95
65877,391.85|458.35
65878,250.3|581.15
65879,283.25|437.55
65880,554.25|422.2
65881,356.25|279.3
65882,364.75|361.55
65883,244.9|430.1
65884,584.45|216.0
65885,483.9|256.85
65886,253.45|440.0
65887,462.3|351.45
65888,231.05|582.1
65889,422.45|291.1
65890,463.8|448.85
65891,448.55|455.75
65892,229.75|231.1
65893,341.8|236.5
65894,344.25|338.35
65895,225.8|275.9
65896,306.45|387.25
65897,528.5|497.9
65898,481.5|359.85
65899,566.95|592.45
65900,467.4|452.65
65901,374.5|515.3
65902,437.0|290.95
65903,426.05|461.65
65904,391.35|358.6
65905,448.75|589.35
65906,590.55|259.2
65907,516.4|542.3
65908,253.75|455.55
65909,281.65|457.4
65910,301.8|394.5
65911,250.45|474.35
65912,383.1|475.25
65913,495.6|395.55
65914,576.7|341.95
65915,294.95|433.2
65916,374.4|277.85
65917,358.0|250.1
65918,384.45|286.15
65919,497.9|430.2
65920,463.6|465.4
65921,550.75|301.2
65922,465.65|561.2
65923,402.0|336.05
65924,260.85|322.0
65925,290.0|533.95
65926,230.45|335.35
65927,444.8|239.9
65928,235.05|499.5
65929,270.0|428.25
65930,390.45|477.85
65931,468.5|240.55
65932,276.05|285.35
65933,259.25|243.9
65934,364.15|210.3
65935,220.15|250.65
65936,230.9|261.7
65937,472.35|381.3
65938,578.9|537.7
65939,523.7|437.75
65940,429.1|449.2
65941,533.35|336.45
65942,390.05|499.95
65943,584.65|217.25
65944,453.8|591.25
65945,421.75|507.0
65946,344.4|450.9
65947,418.55|543.05
65948,383.75|473.4
65949,257.05|411.2
65950,575.3|483.7
65951,456.45|492.15
65952,553.95|541.0
65953,521.0|464.7
65954,324.85|240.55
65955,567.5|479.5
65956,447.45|448.4
65957,456.45|309.05
65958,221.15|234.9
65959,394.0|234.9
65960,275.55|236.8
65961,307.95|394.65
65962,352.5|399.85
65963,255.4|502.6
65964,388.8|217.1
65965,212.0|468.75
65966,332.45|283.7
65967,356.75|442.1
65968,462.15|569.55
65969,446.1|439.35
65970,470.8|254.85
65971,422.6|247.2
65972,374.0|586.55
65973,420.95|553.5
65974,292.8|456.5
65975,467.35|509.05
65976,437.8|478.5
65977,516.6|463.85
65978,292.4|389.85
65979,258.7|215.9
65980,518.55|452.45
65981,257.3|284.45
65982,530.85|544.95
65983,526.35|532.0
65984,326.85|314.85
65985,293.8|247.75
65986,392.6|429.6
65987,214.55|288.6
65988,377.1|236.1
65989,272.3|429.95
65990,234.55|227.4
65991,238.2|223.25
65992,571.9|468.75
65993,524.25|446.65
65994,259.6|538.15
65995,457.75|590.4
65996,214.0|326.9
65997,337.85|238.75
65998,456.9|388.55
65999,442.55|495.75
66000,242.75|580.55
66001,502.25|457.25
66002,265.25|248.25
66003,480.2|279.4
66004,217.65|586.15
66005,446.2|346.95
66006,230.85|493.15
66007,445.7|531.8
66008,403.4|583.45
66009,472.1|454.9
66010,237.35|480.45
66011,356.0|280.8
66012,536.95|394.65
66013,215.3|504.5
66014,215.85|245.85
66015,361.45|447.4
66016,491.65|382.25
66017,223.3|238.8
66018,495.35|351.65
66019,489.05|424.9
66020,585.65|414.95
66021,406.15|508.9
66022,355.0|291.9
66023,272.65|267.8
66024,556.6|228.95
66025,402.35|510.05
66026,583.05|301.5
66027,464.2|221.85
66028,532.3|428.4
66029,433.9|419.0
66030,232.05|227.35
66031,355.85|275.6
66032,462.9|427.65
66033,407.9|427.3
66034,466.2|349.9
66035,509.55|369.25
66036,213.6|241.4
66037,527.5|578.7
66038,224.05|589.65
66039,450.05|505.0
66040,397.95|406.0
66041,373.55|255.2
66042,451.9|536.65
66043,532.55|538.65
66044,208.45|396.45
66045,405.6|249.1
66046,593.7|284.7
66047,526.3|308.55
66048,432.1|582.65
66049,483.1|484.6
66050,587.8|458.5
66051,234.6|341.4
66052,537.1|534.7
66053,220.4|475.4
66054,408.6|405.85
66055,563.9|478.6
66056,471.4|262.15
66057,424.95|504.1
66058,474.1|458.15
66059,465.05|360.45
66060,390.65|363.35
66061,416.05|371.85
66062,342.3|262.6
66063,455.2|219.0
66064,520.95|446.2
66065,291.65|475.25
66066,464.75|230.05
66067,264.85|270.8
66068,450.2|594.5
66069,483.55|341.85
66070,228.85|275.2
66071,591.9|303.3
66072,373.4|387.75
66073,336.15|246.6
66074,463.45|244.7
66075,463.8|482.15
66076,209.6|536.65
66077,580.05|518.0
66078,223.0|277.7
66079,568.85|465.45
66080,497.75|433.6
66081,392.65|581.8
66082,343.5|505.75
66083,365.65|244.7
66084,558.35|313.5
66085,352.85|212.8
66086,586.9|330.9
66087,479.35|470.75
66088,263.9|357.95
66089,408.65|492.25
66090,533.5|523.35
66091,261.95|558.1
66092,430.4|389.55
66093,589.65|560.6
66094,418.05|412.95
66095,351.0|381.0
66096,542.15|308.5
66097,292.6|520.4
66098,426.5|341.45
66099,428.05|500.75
66100,582.2|359.4
66101,450.85|459.15
66102,562.85|354.3
66103,475.35|347.55
66104,353.4|210.1
66105,291.75|288.8
66106,265.6|290.75
66107,418.15|518.0
66108,386.55|292.5
66109,262.6|284.85
66110,260.4|423.9
66111,495.3|377.75
66112,553.45|576.8
66113,232.5|558.5
66114,524.1|491.0
66115,410.0|581.45
66116,591.8|419.05
66117,542.55|529.95
66118,212.85|505.4
66119,390.75|477.75
66120,211.7|574.35
66121,406.55|580.4
66122,385.35|530.65
66123,365.45|302.9
66124,352.75|209.5
66125,400.3|343.55
66126,418.9|530.75
66127,348.15|447.55
66128,410.6|368.2
66129,254.7|559.55
66130,245.85|590.0
66131,364.35|389.65
66132,447.1|542.6
66133,578.85|485.25
66134,529.5|358.9
66135,262.4|341.85
66136,439.95|522.75
66137,465.15|536.3
66138,263.75|424.55
66139,577.8|503.35
66140,595.45|554.95
66141,564.75|580.65
66142,247.65|437.3
66143,367.85|229.5
66144,283.5|462.15
66145,538.2|391.85
66146,442.35|389.7
66147,428.75|260.6
66148,250.05|223.9
66149,254.15|381.2
66150,557.95|477.65
66151,212.2|291.55
66152,227.55|319.7
66153,318.7|400.55
66154,431.0|490.3
66155,384.95|453.1
66156,382.75|489.45
66157,381.95|272.8
66158,214.95|218.75
66159,288.35|371.0
66160,351.45|476.2
66161,211.3|584.0
66162,436.5|400.65
66163,288.65|439.7
66164,551.6|227.95
66165,413.0|359.2
66166,354.05|428.0
66167,575.95|493.5
66168,282.35|355.85
66169,535.05|338.6
66170,577.85|453.6
66171,457.4|238.0
66172,424.15|466.2
66173,568.65|445.8
66174,402.45|485.75
66175,349.65|491.1
66176,514.55|445.45
66177,408.05|388.95
66178,407.4|346.7
66179,372.25|371.5
66180,403.35|446.1
66181,524.35|524.35
66182,359.45|482.0
66183,205.45|491.35
66184,290.85|525.45
66185,458.95|315.4
66186,426.45|486.15
66187,390.6|274.15
66188,558.95|237.3
66189,420.35|508.7
66190,406.45|332.6
66191,291.8|297.55
66192,377.65|270.0
66193,517.05|536.75
66194,275.75|342.35
66195,338.5|487.3
66196,582.05|288.85
66197,419.95|273.9
66198,456.3|419.35
66199,575.6|583.35
66200,490.25|222.7
66201,216.6|585.8
66202,316.05|337.65
66203,275.4|312.0
66204,541.7|522.05
66205,528.9|535.2
66206,587.65|349.9
66207,540.95|419.95
66208,244.45|498.55
66209,279.75|525.6
66210,581.55|402.5
66211,393.3|255.2
66212,384.0|578.2
66213,454.4|433.45
66214,587.2|368.6
66215,537.95|551.7
66216,570.1|298.3
66217,532.15|490.75
66218,270.95|252.25
66219,510.15|342.1
66220,592.05|456.2
66221,373.15|265.3
66222,284.05|418.75
66223,221.25|306.75
66224,241.55|479.55
66225,451.65|230.35
66226,585.35|456.75
66227,215.1|539.4
66228,382.25|578.4
66229,410.45|288.1
66230,354.95|456.35
66231,570.0|247.15
66232,507.35|552.4
66233,588.8|216.45
66234,476.5|472.45
66235,530.4|425.15
66236,591.4|573.05
66237,448.0|302.15
66238,344.1|234.95
66239,420.55|277.75
66240,407.6|211.9
66241,235.55|581.1
66242,253.2|562.8
66243,358.25|205.3
66244,477.35|333.8
66245,584.45|410.6
66246,505.55|249.55
66247,475.4|338.95
66248,276.9|564.1
66249,592.3|300.95
66250,378.95|595.65
66251,572.6|547.7
66252,407.7|357.3
66253,417.45|505.0
66254,418.4|489.15
66255,263.6|409.7
66256,422.9|488.65
66257,363.1|442.5
66258,531.55|521.6
66259,583.8|466.3
66260,212.95|527.35
66261,474.75|322.95
66262,549.35|327.0
66263,264.0|381.8
66264,247.75|471.65
66265,341.15|230.0
66266,409.95|574.15
66267,261.75|567.4
66268,300.9|395.95
66269,451.85|335.75
66270,467.45|290.2
66271,361.5|280.45
66272,527.75|447.5
66273,230.1|491.2
66274,574.75|539.45
66275,524.5|301.85
66276,443.95|415.15
66277,577.95|502.75
66278,554.2|302.1
66279,474.25|213.95
66280,493.6|285.75
66281,356.35|338.15
66282,516.85|438.9
66283,417.05|579.75
66284,375.15|209.25
66285,547.4|593.05
66286,526.9|352.35
66287,366.85|221.8
66288,363.55|565.5
66289,206.5|529.45
66290,351.45|434.0
66291,443.5|305.35
66292,371.35|574.05
66293,432.05|360.55
66294,566.55|470.4
66295,213.95|484.5
66296,350.5|449.2
66297,417.6|463.45
66298,423.5|226.8
66299,492.4|454.8
66300,267.55|221.25
66301,225.0|407.0
66302,564.55|226.85
66303,475.0|332.85
66304,411.25|518.0
66305,484.5|367.3
66306,342.55|423.35
66307,590.25|476.7
66308,259.5|574.9
66309,271.6|264.35
66310,376.7|403.3
66311,285.7|553.85
66312,556.15|306.55
66313,371.2|261.9
66314,439.75|333.65
66315,211.7|224.5
66316,397.6|564.65
66317,415.05|533.85
66318,519.8|465.9
66319,446.05|233.25
66320,510.15|233.6
66321,550.8|542.15
66322,441.85|495.85
66323,573.2|458.2
66324,572.8|297.15
66325,410.25|257.8
66326,214.55|508.5
66327,263.85|353.15
66328,580.0|582.4
66329,425.9|484.0
66330,307.5|354.85
66331,249.6|431.05
66332,499.8|223.7
66333,278.4|444.65
66334,585.65|383.8
66335,525.0|465.65
66336,402.45|501.5
66337,418.95|492.0
66338,589.75|471.65
66339,314.0|596.75
66340,486.45|224.25
66341,304.75|375.25
66342,565.55|263.85
66343,588.35|207.35
66344,254.35|483.45
66345,224.9|217.95
66346,575.85|455.05
66347,396.6|213.35
66348,366.95|403.95
66349,589.85|218.7
66350,422.05|328.35
66351,338.75|346.05
66352,432.95|418.65
66353,544.85|447.25
66354,351.25|466.4
66355,214.8|550.6
66356,579.0|416.55
66357,377.35|420.05
66358,537.8|424.75
66359,389.8|285.3
66360,252.7|553.6
66361,451.7|228.95
66362,507.65|389.4
66363,217.0|482.65
66364,531.1|433.6
66365,562.65|309.05
66366,210.95|455.9
66367,242.45|217.25
66368,207.15|250.85
66369,414.9|424.1
66370,410.35|491.75
66371,240.05|384.55
66372,227.95|211.85
66373,524.9|412.45
66374,229.7|233.4
66375,371.05|292.6
66376,224.8|209.75
66377,223.05|293.2
66378,435.35|590.2
66379,426.25|434.75
66380,541.5|442.75
66381,536.95|504.9
66382,400.35|435.75
66383,527.7|353.75
66384,234.4|423.45
66385,583.75|510.0
66386,410.05|237.85
66387,422.4|577.5
66388,207.75|587.7
66389,217.35|387.15
66390,534.2|556.1
66391,255.65|449.95
66392,352.85|591.65
66393,468.25|231.3
66394,229.85|343.0
66395,563.0|276.6
66396,463.05|570.85
66397,216.35|475.85
66398,410.0|386.7
66399,238.9|275.95
66400,535.8|350.2
66401,461.05|327.25
66402,277.95|370.55
66403,537.9|405.2
66404,472.75|536.0
66405,437.65|516.05
66406,570.75|232.75
66407,205.0|493.75
66408,575.2|310.4
66409,461.3|581.5
66410,214.95|282.8
66411,220.5|377.4
66412,235.15|325.4
66413,577.7|469.0
66414,278.8|445.55
66415,297.15|414.25
66416,244.9|324.4
66417,556.7|512.95
66418,409.15|486.5
66419,463.55|217.7
66420,403.25|234.1
66421,483.6|247.7
66422,427.65|592.1
66423,566.4|252.35
66424,208.1|579.25
66425,472.1|476.2
66426,448.2|528.95
66427,290.3|480.6
66428,574.15|212.5
66429,450.0|444.2
66430,361.45|219.7
66431,244.0|254.7
66432,258.9|296.35
66433,469.05|325.55
66434,522.55|428.9
66435,274.9|495.8
66436,376.8|285.15
66437,458.85|273.65
66438,576.85|307.1
66439,468.25|450.4
66440,555.8|362.85
66441,447.7|507.6
66442,259.8|218.25
66443,268.05|353.85
66444,335.1|515.75
66445,431.85|454.3
66446,590.6|268.05
66447,441.75|463.4
66448,537.85|429.3
66449,531.4|449.05
66450,432.65|511.35
66451,549.25|309.95
66452,263.55|580.55
66453,437.95|510.3
66454,259.25|234.25
66455,537.45|295.8
66456,455.85|450.65
66457,522.85|422.45
66458,218.65|582.75
66459,213.1|247.75
66460,208.85|582.4
66461,448.15|239.6
66462,278.3|557.85
66463,526.1|321.85
66464,361.95|321.1
66465,253.1|456.7
66466,354.1|529.8
66467,281.3|400.15
66468,340.25|321.3
66469,249.3|490.1
66470,408.8|331.0
66471,229.4|582.65
66472,476.9|494.8
66473,355.5|493.55
66474,385.5|211.0
66475,209.9|389.8
66476,577.6|590.85
66477,427.05|463.05
66478,210.95|587.4
66479,423.15|489.6
66480,567.6|405.85
66481,389.05|577.35
66482,361.5|272.7
66483,264.1|304.7
66484,488.9|489.75
66485,299.65|310.7
66486,387.45|545.6
66487,423.6|271.1
66488,419.65|309.55
66489,421.2|265.1
66490,349.2|349.95
66491,328.5|317.65
66492,438.1|466.95
66493,364.0|283.45
66494,569.4|392.75
66495,516.3|329.75
66496,240.1|502.3
66497,273.05|522.6
66498,476.55|417.75
66499,430.75|570.95
66500,339.6|530.9
66501,577.5|223.05
66502,282.3|337.55
66503,273.7|574.5
66504,232.7|375.0
66505,573.95|224.85
66506,544.35|393.7
66507,229.85|425.5
66508,344.45|344.15
66509,579.1|239.9
66510,459.7|495.9
66511,411.3|497.35
66512,463.85|526.4
66513,238.8|308.15
66514,399.5|490.05
66515,308.45|456.1
66516,252.5|458.8
66517,392.85|454.75
66518,371.65|389.9
66519,231.65|472.95
66520,240.45|316.75
66521,278.2|400.55
66522,257.6|282.05
66523,387.45|227.75
66524,288.7|351.3
66525,583.4|593.85
66526,368.0|336.25
66527,568.75|404.0
66528,235.0|563.15
66529,249.85|306.35
66530,419.05|542.9
66531,287.65|453.4
66532,547.4|290.15
66533,399.65|541.1
66534,479.9|353.7
66535,251.75|231.4
66536,486.3|253.6
66537,247.3|437.3
66538,303.2|345.55
66539,550.95|532.35
66540,591.25|575.8
66541,262.85|418.25
66542,547.15|537.15
66543,420.9|483.15
66544,578.8|488.15
66545,364.9|467.95
66546,363.9|282.05
66547,230.55|417.3
66548,584.0|372.25
66549,371.3|339.65
66550,396.7|355.95
66551,593.25|488.8
66552,418.1|399.45
66553,547.45|593.2
66554,545.25|308.4
66555,241.9|498.65
66556,272.65|399.15
66557,264.1|340.3
66558,228.75|252.1
66559,518.4|443.7
66560,386.6|225.05
66561,350.25|258.6
66562,243.25|567.4
66563,572.05|272.2
66564,491.75|316.1
66565,389.25|474.7
66566,390.45|294.05
66567,470.1|236.2
66568,417.7|380.4
66569,388.2|245.3
66570,474.05|328.45
66571,457.4|569.15
66572,568.9|254.1
66573,576.45|266.0
66574,271.35|573.25
66575,546.65|230.65
66576,229.4|221.5
66577,405.25|542.8
66578,455.35|475.7
66579,572.45|468.7
66580,208.45|389.65
66581,465.8|441.95
66582,369.5|286.6
66583,419.7|469.55
66584,554.75|554.75
66585,424.95|379.75
66586,273.6|410.55
66587,292.6|543.1
66588,244.6|503.0
66589,455.7|531.15
66590,356.05|576.3
66591,561.3|311.05
66592,500.8|487.2
66593,361.45|338.35
66594,252.95|579.55
66595,460.6|244.75
66596,348.3|261.15
66597,240.0|553.0
66598,226.7|484.8
66599,262.75|264.3
66600,213.1|229.4
66601,276.15|393.95
66602,554.25|493.8
66603,411.2|463.25
66604,445.2|326.65
66605,422.45|380.15
66606,421.35|542.8
66607,523.25|558.65
66608,530.4|281.8
66609,227.2|287.75
66610,569.75|236.7
66611,384.4|331.15
66612,399.95|369.05
66613,327.05|222.25
66614,276.0|274.75
66615,293.85|489.75
66616,218.45|258.2
66617,504.9|386.2
66618,533.15|548.65
66619,343.4|254.25
66620,373.15|282.75
66621,237.0|379.35
66622,545.05|289.95
66623,335.1|549.5
66624,246.45|491.05
66625,351.65|358.05
66626,298.8|504.65
66627,304.15|339.55
66628,282.9|396.7
66629,396.9|223.75
66630,224.05|423.75
66631,456.7|241.65
66632,563.75|323.1
66633,341.8|554.0
66634,590.05|512.25
66635,354.3|470.3
66636,444.25|585.25
66637,406.25|366.3
66638,460.85|219.9
66639,580.95|446.05
66640,387.4|270.2
66641,530.2|564.35
66642,391.75|345.65
66643,241.0|577.25
66644,565.15|298.35
66645,222.85|280.5
66646,251.95|484.95
66647,557.05|223.65
66648,241.15|514.65
66649,361.95|507.6
66650,578.4|559.9
66651,233.5|552.15
66652,247.8|372.35
66653,347.3|558.65
66654,389.95|446.2
66655,277.7|457.75
66656,207.45|516.95
66657,542.05|583.05
66658,504.6|450.8
66659,428.0|369.15
66660,242.6|352.5
66661,259.5|227.5
66662,521.8|483.8
66663,258.35|223.5
66664,470.85|349.1
66665,238.0|247.15
66666,388.1|280.0
66667,362.25|288.5
66668,384.55|394.55
66669,455.0|558.4
66670,467.3|515.25
66671,467.9|299.9
66672,488.35|490.65
66673,474.1|286.15
66674,442.4|448.1
66675,392.0|265.5
66676,339.2|403.75
66677,331.8|342.65
66678,589.25|508.05
66679,275.3|532.95
66680,576.05|544.7
66681,356.1|515.55
66682,453.25|472.4
66683,416.5|486.9
66684,578.55|423.9
66685,236.0|231.2
66686,273.95|279.75
66687,212.4|586.7
66688,246.45|551.2
66689,404.2|283.45
66690,289.0|331.3
66691,473.4|469.3
66692,591.0|421.6
66693,563.8|397.9
66694,572.15|575.4
66695,530.9|436.05
66696,446.5|541.25
66697,359.3|225.85
66698,216.55|469.2
66699,576.1|325.2
66700,231.85|440.25
66701,400.8|215.95
66702,287.05|520.3
66703,486.05|215.2
66704,545.3|533.55
66705,261.85|349.2
66706,302.6|426.25
66707,500.95|565.8
66708,348.35|566.0
66709,504.6|337.6
66710,556.3|408.4
66711,547.45|344.55
66712,208.5|380.3
66713,275.6|365.15
66714,286.65|393.6
66715,215.9|344.6
66716,580.1|584.65
66717,236.6|279.55
66718,273.85|238.2
66719,298.45|357.9
66720,209.5|584.7
66721,292.15|387.35
66722,208.85|505.9
66723,392.45|362.55
66724,433.95|282.2
66725,423.25|394.9
66726,460.25|432.9
66727,237.2|242.45
66728,540.75|303.65
66729,480.65|234.65
66730,421.85|294.75
66731,386.2|364.5
66732,297.55|441.65
66733,458.05|457.45
66734,255.25|417.35
66735,539.25|297.6
66736,507.4|437.55
66737,434.2|460.45
66738,522.6|504.15
66739,350.45|460.7
66740,236.25|561.4
66741,538.5|564.65
66742,578.4|363.2
66743,374.55|205.55
66744,283.65|554.65
66745,490.55|512.2
66746,578.9|209.55
66747,493.3|298.0
66748,530.6|559.8
66749,414.85|290.65
66750,362.05|380.25
66751,560.9|410.2
66752,392.0|321.2
66753,532.5|288.3
66754,240.2|589.0
66755,219.7|457.05
66756,412.15|256.5
66757,358.0|595.05
66758,257.9|379.7
66759,434.55|306.2
66760,236.3|302.8
66761,256.0|261.65
66762,563.95|448.75
66763,585.8|259.85
66764,276.6|236.7
66765,359.45|369.9
66766,523.15|431.5
66767,295.0|495.4
66768,385.35|573.95
66769,305.5|410.7
66770,290.0|310.75
66771,566.15|239.8
66772,527.7|456.55
66773,473.15|234.1
66774,364.95|261.65
66775,231.5|294.65
66776,560.9|452.1
66777,268.4|227.05
66778,379.65|565.75
66779,481.1|524.1
66780,221.8|583.15
66781,240.45|404.0
66782,583.45|403.65
66783,223.9|455.25
66784,587.7|572.25
66785,206.35|255.25
66786,469.7|218.15
66787,318.2|323.85
66788,553.45|391.0
66789,226.75|590.6
66790,220.0|527.45
66791,333.4|206.6
66792,258.95|210.2
66793,534.9|299.7
66794,466.05|333.25
66795,346.65|323.9
66796,414.4|541.75
66797,377.25|591.1
66798,234.4|567.15
66799,546.5|369.1
66800,387.5|308.2
66801,487.75|213.7
66802,289.1|545.75
66803,534.85|275.7
66804,443.85|331.0
66805,342.75|456.8
66806,527.6|446.1
66807,355.4|445.3
66808,388.55|590.2
66809,436.4|238.95
66810,264.05|237.65
66811,559.95|449.6
66812,371.05|238.9
66813,591.95|392.4
66814,540.75|531.4
66815,230.05|207.6
66816,368.8|558.9
66817,260.9|222.9
66818,513.55|396.8
66819,339.0|254.55
66820,542.15|407.65
66821,270.5|550.0
66822,512.2|343.0
66823,518.35|501.95
66824,584.9|312.75
66825,212.7|257.0
66826,553.75|565.9
66827,394.15|324.65
66828,253.4|263.15
66829,452.05|437.35
66830,445.05|553.3
66831,520.2|374.2
66832,341.65|349.2
66833,536.2|490.4
66834,319.3|403.7
66835,443.75|456.9
66836,365.3|319.45
66837,569.65|450.15
66838,322.95|409.9
66839,442.6|380.4
66840,292.6|388.25
66841,421.4|527.45
66842,286.65|342.6
66843,400.5|392.3
66844,286.75|468.8
66845,401.5|511.2
66846,233.4|535.55
66847,551.1|234.85
66848,586.95|470.4
66849,530.3|582.7
66850,517.4|451.25
66851,575.15|379.3
66852,234.4|347.5
66853,237.2|275.1
66854,273.0|579.6
66855,437.4|452.0
66856,455.45|416.1
66857,223.55|473.2
66858,231.2|376.6
66859,206.55|303.0
66860,394.3|591.65
66861,492.15|291.25
66862,237.15|488.35
66863,573.3|389.4
66864,484.75|522.95
66865,213.9|536.65
66866,355.8|448.35
66867,568.35|560.6
66868,456.45|509.65
66869,402.85|505.45
66870,525.95|315.7
66871,541.6|280.2
66872,458.55|365.85
66873,401.65|538.4
66874,445.5|525.05
66875,297.65|218.05
66876,240.3|557.6
66877,217.55|264.7
66878,371.25|591.5
66879,230.1|316.9
66880,430.3|582.75
66881,311.75|386.05
66882,551.15|223.1
66883,539.0|368.3
66884,485.2|246.95
66885,436.75|355.45
66886,243.6|211.75
66887,480.25|384.35
66888,446.75|295.85
66889,344.25|374.2
66890,581.7|229.4
66891,355.95|260.4
66892,525.35|528.05
66893,258.25|213.2
66894,575.1|217.2
66895,586.15|457.1
66896,478.6|307.6
66897,591.65|411.5
66898,236.4|548.2
66899,474.0|442.15
66900,498.8|449.85
66901,397.9|533.0
66902,354.95|539.65
66903,294.0|490.1
66904,298.85|416.1
66905,245.9|543.05
66906,269.9|249.8
66907,434.1|444.85
66908,216.35|223.05
66909,232.5|369.4
66910,575.5|308.55
66911,366.35|333.1
66912,365.85|330.8
66913,209.4|297.5
66914,549.35|557.7
66915,241.55|514.2
66916,577.15|274.75
66917,283.75|337.3
66918,442.55|296.95
66919,424.05|215.1
66920,319.05|343.6
66921,255.4|237.25
66922,275.3|225.2
66923,437.5|508.65
66924,436.75|492.6
66925,350.3|561.75
66926,330.2|330.6
66927,223.5|444.35
66928,424.65|407.8
66929,583.05|502.55
66930,565.5|592.65
66931,439.85|433.45
66932,408.75|325.4
66933,539.65|244.95
66934,345.5|218.5
66935,219.9|244.8
66936,216.85|590.05
66937,461.1|529.9
66938,296.0|333.7
66939,489.95|478.3
66940,419.75|578.9
66941,246.1|351.2
66942,218.5|531.85
66943,561.05|413.65
66944,466.0|389.95
66945,361.05|500.1
66946,577.4|464.75
66947,273.4|227.15
66948,553.2|237.4
66949,345.2|363.85
66950,432.6|383.3
66951,421.25|229.6
66952,389.95|229.05
66953,459.85|526.75
66954,530.4|525.9
66955,591.45|383.2
66956,407.3|557.1
66957,577.5|490.1
66958,208.3|327.0
66959,244.55|428.65
66960,361.7|529.6
66961,216.85|484.5
66962,358.05|435.9
66963,385.3|503.4
66964,535.8|331.2
66965,215.6|586.3
66966,460.55|501.65
66967,365.7|374.95
66968,215.2|265.35
66969,242.6|313.85
66970,506.35|494.95
66971,529.15|543.65
66972,480.95|380.3
66973,245.85|411.8
66974,580.8|503.5
66975,418.9|252.4
66976,226.5|219.65
66977,491.95|507.0
66978,340.2|564.2
66979,252.45|340.35
66980,435.0|570.5
66981,483.55|465.8
66982,451.0|528.55
66983,404.25|473.95
66984,455.8|566.2
66985,590.8|280.4
66986,527.25|448.6
66987,335.5|313.5
66988,275.5|582.45
66989,264.05|282.5
66990,372.4|356.9
66991,527.15|420.05
66992,241.15|369.3
66993,207.35|274.3
66994,269.8|389.0
66995,281.0|589.0
66996,398.15|492.35
66997,449.65|476.15
66998,474.3|341.65
66999,251.8|531.3
67000,522.45|528.35
67001,401.35|209.6
67002,317.65|456.4
67003,405.85|400.65
67004,410.05|239.2
67005,282.7|246.05
67006,568.4|512.7
67007,369.05|348.45
67008,527.0|418.75
67009,278.85|537.2
67010,561.55|238.5
67011,356.0|434.05
67012,462.1|561.1
67013,588.5|307.85
67014,422.45|406.9
67015,414.5|449.15
67016,354.15|556.7
67017,212.35|588.8
67018,466.95|344.7
67019,337.6|406.4
67020,233.6|539.15
67021,363.95|574.2
67022,427.55|395.65
67023,247.35|297.7
67024,265.3|251.3
67025,384.15|252.05
67026,256.9|440.65
67027,529.0|522.1
67028,313.85|361.5
67029,564.35|542.15
67030,245.85|338.85
67031,274.6|351.25
67032,279.8|396.55
67033,499.3|223.45
67034,224.1|401.65
67035,474.8|449.35
67036,565.2|387.2
67037,416.45|358.1
67038,463.5|330.25
67039,314.65|498.45
67040,454.25|464.35
67041,352.85|333.8
67042,245.0|209.25
67043,521.15|455.5
67044,473.7|310.0
67045,212.25|535.15
67046,588.6|560.6
67047,557.9|514.0
67048,341.65|566.75
67049,210.45|284.9
67050,266.2|561.5
67051,221.4|421.65
67052,483.0|497.45
67053,530.3|455.9
67054,239.8|389.65
67055,441.45|562.1
67056,267.25|327.15
67057,265.1|475.0
67058,539.15|567.2
67059,262.25|500.2
67060,423.9|262.3
67061,400.6|222.6
67062,376.5|455.3
67063,271.15|452.1
67064,398.85|476.85
67065,207.9|235.55
67066,484.45|520.75
67067,450.3|449.2
67068,455.35|484.0
67069,331.05|354.3
67070,212.8|275.2
67071,580.9|525.8
67072,377.45|304.45
67073,492.75|216.95
67074,387.7|594.95
67075,385.6|394.15
67076,496.45|384.4
67077,440.05|382.9
67078,471.5|477.0
67079,464.2|280.95
67080,250.2|236.1
67081,393.85|312.4
67082,519.85|507.35
67083,278.2|322.25
67084,338.4|541.05
67085,586.45|280.75
67086,246.55|297.35
67087,404.85|507.35
67088,432.95|324.3
67089,528.3|486.7
67090,400.55|216.85
67091,224.85|575.6
67092,391.5|566.65
67093,412.2|583.95
67094,227.45|589.6
67095,464.6|517.35
67096,333.6|372.95
67097,227.1|502.25
67098,401.3|257.1
67099,408.8|582.95
67100,510.55|532.2
67101,280.9|448.9
67102,431.0|480.65
67103,271.75|435.2
67104,583.7|557.6
67105,226.45|313.1
67106,399.25|344.3
67107,538.95|393.15
67108,378.75|380.8
67109,592.05|265.25
67110,393.8|312.5
67111,400.05|217.9
67112,378.7|273.85
67113,580.9|510.85
67114,434.95|310.35
67115,379.85|282.55
67116,276.05|345.5
67117,533.8|520.55
67118,580.75|583.8
67119,585.2|317.05
67120,248.4|486.85
67121,488.8|358.65
67122,421.65|568.15
67123,442.85|312.15
67124,474.35|359.55
67125,224.35|238.5
67126,244.9|572.0
67127,571.45|222.9
67128,532.1|441.55
67129,464.5|528.0
67130,593.2|483.15
67131,556.15|300.95
67132,378.5|506.65
67133,541.95|529.55
67134,357.25|495.15
67135,258.45|385.95
67136,209.15|458.5
67137,243.45|488.35
67138,255.65|424.8
67139,472.15|500.55
67140,508.5|356.35
67141,344.75|582.65
67142,261.6|265.15
67143,541.55|255.8
67144,311.1|321.6
67145,218.05|244.65
67146,483.75|506.4
67147,328.65|424.35
67148,224.8|414.6
67149,549.4|328.4
67150,266.7|398.75
67151,215.7|322.9
67152,546.4|243.95
67153,439.45|233.35
67154,285.4|365.0
67155,258.2|253.7
67156,586.6|376.0
67157,416.05|291.7
67158,513.8|278.1
67159,589.1|210.95
67160,217.5|232.2
67161,530.15|253.25
67162,470.25|509.1
67163,537.3|591.2
67164,459.55|223.2
67165,235.8|467.45
67166,284.7|439.6
67167,414.05|494.55
67168,299.1|535.4
67169,472.7|336.0
67170,561.65|419.45
67171,472.9|296.7
67172,430.6|523.7
67173,302.75|395.7
67174,370.8|367.45
67175,494.0|225.05
67176,358.65|472.3
67177,366.9|343.65
67178,429.75|545.7
67179,238.85|397.05
67180,330.95|351.7
67181,325.35|415.3
67182,299.7|305.35
67183,221.05|268.7
67184,362.9|438.9
67185,400.4|590.1
67186,250.65|417.85
67187,346.3|445.5
67188,452.65|265.15
67189,413.5|506.1
67190,408.65|580.3
67191,565.8|224.5
67192,408.85|577.45
67193,314.5|466.5
67194,253.35|447.6
67195,375.95|430.25
67196,416.55|365.7
67197,585.65|362.25
67198,574.5|390.55
67199,210.6|318.15
67200,520.8|419.95
67201,356.7|385.0
67202,344.45|214.35
67203,540.65|321.7
67204,363.4|334.25
67205,225.7|362.35
67206,277.15|483.05
67207,286.05|302.25
67208,337.8|349.9
67209,209.75|527.8
67210,287.8|454.5
67211,455.9|314.35
67212,558.5|535.35
67213,578.2|450.5
67214,359.85|593.3
67215,274.15|523.0
67216,430.6|387.9
67217,463.9|237.05
67218,267.75|585.75
67219,464.0|336.2
67220,214.2|357.85
67221,595.3|416.8
67222,282.15|591.0
67223,358.15|491.2
67224,564.05|425.55
67225,546.05|304.05
67226,287.95|595.3
67227,435.7|324.1
67228,532.45|546.1
67229,274.95|296.0
67230,574.65|570.05
67231,216.45|434.65
67232,383.85|325.1
67233,470.25|231.15
67234,226.9|410.2
67235,441.2|358.6
67236,446.55|478.2
67237,218.5|292.3
67238,467.0|353.35
67239,286.9|323.5
67240,381.35|396.25
67241,255.15|257.6
67242,579.55|348.6
67243,250.5|299.25
67244,387.3|511.1
67245,538.55|524.05
67246,218.0|298.6
67247,415.4|589.75
67248,283.4|369.65
67249,332.45|557.35
67250,511.8|318.0
67251,579.95|545.6
67252,256.35|577.55
67253,472.65|344.15
67254,425.5|463.4
67255,480.55|374.1
67256,294.25|307.25
67257,264.05|352.5
67258,583.6|589.95
67259,310.55|507.15
67260,343.05|373.6
67261,350.7|235.3
67262,558.95|579.6
67263,348.85|538.75
67264,422.25|221.6
67265,367.7|440.35
67266,215.7|314.9
67267,551.2|251.95
67268,591.05|384.35
67269,276.55|542.0
67270,589.1|559.8
67271,514.45|538.15
67272,578.35|496.5
67273,504.9|364.15
67274,372.8|493.45
67275,210.7|292.05
67276,433.4|240.8
67277,400.5|266.9
67278,492.4|272.6
67279,301.85|393.4
67280,214.75|218.2
67281,465.7|564.85
67282,304.2|328.9
67283,416.55|473.1
67284,475.35|242.7
67285,442.95|582.2
67286,295.75|359.25
67287,485.5|342.9
67288,281.05|498.75
67289,270.1|406.7
67290,320.95|402.65
67291,556.75|463.7
67292,439.9|592.85
67293,590.7|216.25
67294,552.3|301.9
67295,475.65|357.55
67296,474.2|453.0
67297,256.7|425.55
67298,587.3|561.15
67299,586.15|425.95
67300,469.15|565.85
67301,216.15|488.6
67302,237.2|299.75
67303,447.45|337.6
67304,222.65|571.25
67305,450.15|431.2
67306,273.0|265.75
67307,384.8|400.55
67308,439.8|363.5
67309,342.5|254.55
67310,376.95|432.9
67311,570.15|305.4
67312,235.85|511.85
67313,458.85|249.0
67314,250.7|286.1
67315,395.6|318.6
67316,578.8|448.65
67317,211.3|508.1
67318,428.0|588.0
67319,259.95|280.2
67320,586.4|442.5
67321,262.95|463.7
67322,456.6|428.3
67323,470.8|276.6
67324,354.05|447.3
67325,318.65|418.4
67326,570.45|586.4
67327,340.85|555.95
67328,393.0|503.05
67329,462.85|250.55
67330,391.6|369.25
67331,212.6|231.8
67332,338.9|327.25
67333,208.6|483.0
67334,470.7|292.7
67335,444.8|382.0
67336,468.45|375.0
67337,540.9|319.4
67338,534.45|527.7
67339,305.65|356.5
67340,262.15|568.05
67341,395.6|517.15
67342,219.8|555.7
67343,584.95|550.85
67344,367.55|434.95
67345,358.85|439.2
67346,461.55|479.85
67347,229.0|228.9
67348,590.0|556.75
67349,328.7|337.05
67350,474.1|223.8
67351,397.65|258.8
67352,213.1|356.85
67353,465.55|347.75
67354,466.0|335.7
67355,237.1|317.55
67356,576.7|496.1
67357,581.6|288.05
67358,427.7|378.9
67359,434.7|473.05
67360,219.85|485.25
67361,322.95|569.5
67362,232.5|444.9
67363,456.55|395.85
67364,364.8|288.45
67365,449.1|470.75
67366,562.65|461.35
67367,424.4|592.2
67368,457.35|438.65
67369,395.75|218.6
67370,472.2|470.4
67371,209.9|463.15
67372,222.65|379.3
67373,300.1|386.0
67374,381.0|351.65
67375,461.65|369.85
67376,358.6|546.4
67377,462.9|385.65
67378,358.4|358.55
67379,275.8|313.35
67380,426.35|417.1
67381,539.35|427.8
67382,316.95|404.9
67383,426.75|446.85
67384,531.85|441.75
67385,588.75|283.95
67386,210.55|474.05
67387,577.55|301.35
67388,229.4|529.4
67389,240.05|280.0
67390,414.95|227.95
67391,394.5|492.45
67392,287.6|401.45
67393,242.7|211.45
67394,541.7|445.8
67395,588.8|502.4
67396,274.4|417.15
67397,401.05|512.45
67398,228.0|355.15
67399,323.7|486.3
67400,215.55|509.5
67401,568.25|420.8
67402,573.8|448.45
67403,590.0|267.4
67404,498.25|296.25
67405,445.35|452.15
67406,411.05|536.9
67407,576.5|459.05
67408,268.25|454.25
67409,277.95|323.15
67410,590.1|508.65
67411,266.15|416.65
67412,431.5|562.5
67413,266.4|364.85
67414,372.65|538.8
67415,403.95|309.1
67416,451.6|543.85
67417,449.4|381.45
67418,431.95|226.25
67419,357.6|215.4
67420,585.5|337.8
67421,233.1|389.75
67422,388.1|228.95
67423,227.45|416.6
67424,243.85|502.85
67425,392.55|509.35
67426,354.85|281.2
67427,579.35|529.35
67428,560.15|509.55
67429,215.25|460.4
67430,385.2|579.2
67431,421.4|557.45
67432,212.45|583.9
67433,569.5|466.8
67434,230.15|497.2
67435,357.65|582.25
67436,366.25|348.4
67437,560.75|281.0
67438,289.7|429.5
67439,526.6|274.5
67440,410.1|359.6
67441,457.85|327.5
67442,229.7|582.85
67443,373.4|316.2
67444,563.85|323.85
67445,251.4|568.8
67446,530.35|340.3
67447,588.45|366.1
67448,442.55|448.75
67449,467.75|271.55
67450,433.35|291.8
67451,514.05|450.25
67452,523.15|461.0
67453,215.45|236.45
67454,293.3|443.3
67455,218.95|276.95
67456,346.0|443.2
67457,281.5|358.15
67458,392.25|348.55
67459,235.65|345.45
67460,231.35|466.85
67461,418.6|346.5
67462,504.2|338.9
67463,412.7|278.1
67464,540.45|584.75
67465,215.85|474.8
67466,388.5|334.05
67467,361.6|303.8
67468,470.6|245.75
67469,422.7|217.45
67470,424.75|555.1
67471,580.35|487.35
67472,259.85|211.85
67473,271.75|407.5
67474,482.6|238.05
67475,369.15|255.75
67476,343.8|365.05
67477,426.6|511.8
67478,372.05|276.55
67479,586.2|465.0
67480,581.35|414.85
67481,405.1|284.45
67482,550.95|429.35
67483,216.2|279.5
67484,454.3|588.45
67485,429.05|350.05
67486,490.5|349.5
67487,376.35|430.0
67488,216.3|462.45
67489,544.8|291.45
67490,538.4|458.35
67491,467.3|291.35
67492,235.65|444.2
67493,450.55|407.5
67494,225.15|512.45
67495,258.05|276.8
67496,443.35|539.75
67497,502.8|520.4
67498,268.65|577.3
67499,509.7|276.55
67500,231.3|306.2
67501,242.3|395.45
67502,555.4|343.35
67503,209.5|339.05
67504,249.9|440.5
67505,288.55|448.4
67506,268.6|524.0
67507,297.2|426.65
67508,241.15|230.7
67509,543.9|230.4
67510,208.8|463.45
67511,315.5|394.8
67512,262.85|457.9
67513,365.75|341.4
67514,235.45|538.05
67515,381.0|589.5
67516,299.4|581.4
67517,578.05|407.1
67518,566.5|454.75
67519,515.1|441.5
67520,221.35|544.45
67521,509.5|314.8
67522,546.5|590.0
67523,367.2|543.85
67524,369.6|530.0
67525,593.5|284.55
67526,210.5|475.7
67527,383.0|258.0
67528,363.4|542.2
67529,362.05|436.4
67530,222.15|236.4
67531,373.8|309.9
67532,359.2|489.25
67533,347.55|414.95
67534,378.5|586.3
67535,319.95|401.5
67536,460.4|301.25
67537,267.15|280.05
67538,526.8|494.5
67539,310.05|341.3
67540,564.65|250.8
67541,456.15|591.45
67542,221.75|461.95
67543,354.3|339.65
67544,248.25|389.75
67545,579.55|514.05
67546,550.95|582.55
67547,439.85|343.0
67548,311.05|260.95
67549,227.7|296.3
67550,558.5|464.95
67551,343.9|398.4
67552,477.25|317.1
67553,481.7|443.9
67554,271.15|385.75
67555,220.35|264.4
67556,542.5|586.7
67557,490.95|446.15
67558,248.6|487.0
67559,467.2|449.8
67560,390.4|286.55
67561,296.45|455.15
67562,504.5|242.7
67563,467.1|550.45
67564,254.7|343.55
67565,211.85|255.3
67566,223.5|427.15
67567,562.15|497.75
67568,282.1|462.5
67569,427.85|574.25
67570,260.15|584.75
67571,431.4|414.5
67572,528.45|269.3
67573,402.6|413.25
67574,247.7|537.85
67575,444.0|304.25
67576,219.2|219.8
67577,448.65|386.35
67578,484.95|482.3
67579,531.35|548.35
67580,416.15|396.9
67581,313.8|359.15
67582,290.9|378.45
67583,352.95|503.2
67584,345.5|219.45
67585,415.4|576.0
67586,235.2|317.65
67587,395.65|336.4
67588,431.65|502.25
67589,224.7|496.6
67590,280.75|514.55
67591,576.9|292.9
67592,240.25|588.3
67593,374.6|260.65
67594,357.25|203.5
67595,539.3|285.2
67596,354.35|330.35
67597,588.65|301.9
67598,241.7|588.4
67599,535.4|325.65
67600,236.75|319.8
67601,433.1|351.85
67602,387.25|240.5
67603,473.5|238.2
67604,394.45|570.3
67605,566.6|308.5
67606,438.5|485.85
67607,554.95|560.3
67608,588.85|563.55
67609,340.75|422.6
67610,352.1|444.55
67611,376.6|580.9
67612,237.45|363.75
67613,255.85|538.6
67614,456.9|442.85
67615,371.5|420.3
67616,219.7|522.5
67617,488.4|400.9
67618,346.45|371.1
67619,591.8|417.5
67620,564.05|465.45
67621,465.1|528.75
67622,472.05|326.55
67623,371.05|212.65
67624,468.5|287.2
67625,319.55|392.4
67626,266.3|415.0
67627,223.05|388.8
67628,551.5|230.3
67629,585.5|346.95
67630,535.5|590.6
67631,366.7|412.5
67632,435.2|462.1
67633,333.7|536.45
67634,240.5|280.5
67635,575.1|430.35
67636,593.65|430.6
67637,360.15|240.2
67638,590.1|216.6
67639,277.95|588.85
67640,351.2|567.55
67641,586.1|493.25
67642,346.35|242.7
67643,207.85|525.8
67644,221.9|343.2
67645,441.5|327.6
67646,378.7|346.65
67647,374.5|378.15
67648,560.5|313.7
67649,419.5|502.0
67650,587.5|288.7
67651,258.35|212.85
67652,588.4|560.8
67653,507.95|472.1
67654,448.9|455.15
67655,365.1|370.95
67656,209.3|454.2
67657,583.0|586.2
67658,445.75|583.55
67659,433.8|341.2
67660,470.95|541.35
67661,406.75|279.1
67662,308.75|320.4
67663,361.0|265.95
67664,589.6|468.35
67665,429.85|426.55
67666,240.05|484.3
67667,577.75|482.25
67668,371.1|254.1
67669,474.7|354.1
67670,448.4|551.5
67671,219.15|496.65
67672,446.8|282.9
67673,403.9|256.0
67674,232.1|504.6
67675,364.4|538.15
67676,579.4|295.15
67677,212.7|456.2
67678,442.45|494.6
67679,269.85|580.0
67680,238.75|569.15
67681,386.45|465.85
67682,403.45|328.85
67683,580.85|277.55
67684,388.3|260.8
67685,224.75|539.25
67686,447.4|306.4
67687,438.65|586.75
67688,259.1|275.5
67689,229.15|511.35
67690,265.7|397.85
67691,484.25|344.85
67692,582.95|238.85
67693,587.55|555.45
67694,207.0|503.75
67695,567.05|353.95
67696,349.35|349.05
67697,339.4|228.5
67698,368.95|382.0
67699,251.7|509.25
67700,378.65|380.9
67701,397.8|350.65
67702,236.65|300.45
67703,471.45|304.1
67704,477.0|234.3
67705,255.4|233.5
67706,410.25|288.15
67707,404.75|216.55
67708,213.25|586.4
67709,546.0|434.65
67710,260.95|215.9
67711,364.5|569.25
67712,259.5|382.8
67713,226.5|488.6
67714,421.5|307.85
67715,244.8|563.95
67716,347.4|589.05
67717,437.65|243.75
67718,434.75|510.85
67719,351.4|388.75
67720,382.25|375.1
67721,384.9|511.25
67722,388.1|246.2
67723,594.1|367.9
67724,531.65|563.15
67725,508.65|233.05
67726,350.3|240.15
67727,427.45|521.75
67728,237.15|589.0
67729,451.2|579.2
67730,245.8|591.35
67731,436.4|273.8
67732,461.15|294.55
67733,509.35|489.65
67734,220.1|293.8
67735,218.5|295.15
67736,559.45|471.0
67737,459.5|221.5
67738,455.9|537.6
67739,586.2|379.7
67740,233.95|315.5
67741,402.85|328.45
67742,272.95|343.25
67743,280.5|285.2
67744,416.35|582.6
67745,295.3|354.15
67746,384.75|251.55
67747,570.1|284.65
67748,556.2|591.0
67749,389.75|356.7
67750,585.4|255.2
67751,529.4|449.2
67752,270.7|527.7
67753,480.45|287.1
67754,568.25|241.4
67755,495.85|343.2
67756,318.7|420.5
67757,208.6|226.9
67758,455.75|395.4
67759,590.55|262.5
67760,559.55|278.2
67761,233.5|330.95
67762,587.8|579.4
67763,248.3|447.7
67764,545.2|559.95
67765,592.7|565.2
67766,235.6|226.05
67767,572.5|463.2
67768,236.85|241.3
67769,453.7|460.75
67770,470.25|339.6
67771,371.95|410.45
67772,285.85|425.5
67773,408.8|343.6
67774,512.0|470.95
67775,403.8|306.05
67776,576.45|434.55
67777,561.6|317.65
67778,403.25|572.45
67779,356.0|334.95
67780,370.4|370.4
67781,394.9|585.4
67782,466.25|465.65
67783,325.05|418.05
67784,310.15|336.65
67785,555.3|247.8
67786,282.3|348.6
67787,228.5|586.6
67788,242.4|229.15
67789,309.35|380.6
67790,410.9|507.15
67791,246.1|575.3
67792,453.6|440.35
67793,365.95|274.7
67794,212.05|492.9
67795,434.6|297.95
67796,286.85|574.65
67797,445.3|394.05
67798,337.35|292.35
67799,430.55|346.6
67800,408.95|386.45
67801,462.95|410.6
67802,438.75|233.05
67803,584.55|270.95
67804,434.55|569.5
67805,546.85|235.45
67806,368.4|221.7
67807,419.15|291.95
67808,266.95|241.3
67809,231.35|307.95
67810,355.55|440.25
67811,389.65|492.5
67812,428.7|314.2
67813,404.6|344.65
67814,354.0|460.2
67815,448.35|497.95
67816,394.0|246.75
67817,247.6|592.6
67818,555.2|321.95
67819,566.15|505.95
67820,209.45|506.8
67821,286.3|351.6
67822,525.25|466.5
67823,252.0|273.3
67824,489.45|225.65
67825,225.75|563.85
67826,277.2|421.9
67827,529.0|461.15
67828,541.05|275.6
67829,477.65|211.2
67830,295.85|367.7
67831,244.65|239.65
67832,571.8|452.1
67833,432.7|219.75
67834,359.85|590.0
67835,417.0|283.75
67836,204.65|460.85
67837,246.7|263.75
67838,278.55|261.35
67839,269.35|501.55
67840,561.9|326.4
67841,405.15|305.35
67842,439.55|444.3
67843,257.65|289.25
67844,329.6|385.35
67845,239.6|247.55
67846,468.0|454.8
67847,349.65|417.15
67848,447.55|555.0
67849,343.2|479.0
67850,250.85|377.85
67851,249.5|508.3
67852,472.25|294.7
67853,486.55|236.15
67854,342.9|388.35
67855,452.75|228.7
67856,557.9|225.65
67857,434.85|465.25
67858,580.25|567.45
67859,420.8|407.55
67860,209.15|581.7
67861,225.1|279.15
67862,398.15|308.1
67863,283.95|301.4
67864,215.65|580.55
67865,399.1|582.45
67866,444.0|406.05
67867,359.7|512.15
67868,297.05|458.7
67869,214.3|320.5
67870,525.8|447.55
67871,589.15|585.55
67872,458.4|442.65
67873,348.7|269.95
67874,251.95|583.1
67875,447.4|423.15
67876,387.85|215.95
67877,253.05|243.7
67878,451.25|478.3
67879,344.5|268.85
67880,238.4|324.0
67881,364.3|207.6
67882,452.3|586.25
67883,576.95|231.1
67884,589.3|372.45
67885,253.05|500.05
67886,352.05|311.0
67887,453.55|244.2
67888,428.95|223.3
67889,551.75|319.1
67890,378.65|560.55
67891,349.3|238.2
67892,465.5|308.9
67893,551.55|525.35
67894,551.05|383.05
67895,289.15|539.55
67896,218.05|305.2
67897,474.55|290.4
67898,458.95|292.9
67899,400.0|273.65
67900,561.5|449.85
67901,517.95|442.75
67902,404.75|378.6
67903,266.0|257.75
67904,566.35|580.1
67905,421.15|343.05
67906,465.05|284.5
67907,341.55|242.3
67908,283.5|237.6
67909,452.45|523.05
67910,356.0|274.2
67911,295.95|431.4
67912,577.9|354.2
67913,548.25|247.85
67914,463.3|413.4
67915,268.25|533.9
67916,383.0|542.75
67917,561.45|321.95
67918,567.3|329.75
67919,272.35|398.1
67920,387.4|448.85
67921,591.1|272.05
67922,448.8|467.85
67923,572.65|271.55
67924,486.85|489.85
67925,395.8|564.6
67926,541.55|546.15
67927,209.7|274.9
67928,224.1|318.9
67929,435.9|542.2
67930,266.7|523.05
67931,585.35|235.45
67932,478.7|308.55
67933,588.85|370.75
67934,264.55|509.75
67935,358.15|577.05
67936,239.85|299.3
67937,466.9|337.9
67938,379.1|447.8
67939,218.9|500.45
67940,347.85|420.55
67941,265.8|565.35
67942,426.7|425.55
67943,330.85|207.5
67944,353.05|443.0
67945,388.95|521.65
67946,384.85|592.15
67947,461.9|440.6
67948,240.6|241.35
67949,552.65|223.2
67950,470.5|304.7
67951,413.0|346.45
67952,398.25|502.8
67953,418.05|500.15
67954,274.05|400.95
67955,258.95|374.85
67956,580.25|498.45
67957,275.65|232.95
67958,431.35|290.15
67959,564.2|372.65
67960,554.3|401.7
67961,537.7|497.65
67962,515.9|356.85
67963,490.55|513.7
67964,383.6|423.55
67965,584.85|564.55
67966,582.65|473.75
67967,222.4|446.45
67968,376.7|481.85
67969,464.2|533.05
67970,249.75|379.2
67971,278.05|366.95
67972,275.4|365.25
67973,410.4|474.0
67974,340.15|347.55
67975,208.7|528.7
67976,463.2|432.15
67977,297.5|319.35
67978,271.25|554.05
67979,361.8|439.7
67980,348.85|296.85
67981,254.2|587.8
67982,553.85|441.75
67983,408.8|270.25
67984,483.0|360.1
67985,465.05|562.85
67986,239.65|560.95
67987,577.3|512.05
67988,543.2|533.75
67989,448.8|377.7
67990,583.25|246.85
67991,460.45|480.8
67992,438.65|532.3
67993,366.4|517.0
67994,408.7|455.5
67995,266.45|551.65
67996,365.65|357.45
67997,254.3|561.1
67998,287.05|353.5
67999,582.05|516.85
68000,208.4|327.5
68001,323.05|400.45
68002,213.95|272.85
68003,408.85|392.6
68004,246.4|347.4
68005,280.75|455.6
68006,594.0|382.15
68007,266.3|584.35
68008,526.4|355.6
68009,463.65|343.75
68010,490.35|415.8
68011,561.8|233.2
68012,261.5|259.85
68013,266.0|482.6
68014,419.9|342.3
68015,237.35|433.8
68016,216.65|526.95
68017,270.65|229.0
68018,466.65|548.1
68019,291.25|586.85
68020,550.75|351.6
68021,247.1|333.85
68022,277.7|325.6
68023,383.3|357.75
68024,215.2|355.6
68025,342.65|223.25
68026,557.75|255.55
68027,458.95|269.75
68028,469.35|233.15
68029,531.05|426.05
68030,465.2|313.8
68031,405.65|222.85
68032,400.4|396.0
68033,252.55|352.6
68034,394.45|288.1
68035,340.45|349.25
68036,383.15|269.65
68037,451.8|500.15
68038,565.6|582.95
68039,351.75|527.35
68040,429.55|593.75
68041,474.7|514.25
68042,242.75|548.85
68043,436.2|552.3
68044,342.9|410.35
68045,566.5|280.0
68046,575.75|389.1
68047,269.6|332.65
68048,480.45|528.3
68049,332.0|409.45
68050,347.55|547.45
68051,571.15|351.0
68052,562.95|463.9
68053,581.3|212.85
68054,269.7|585.8
68055,465.45|309.35
68056,523.65|471.55
68057,548.2|456.9
68058,275.85|332.8
68059,535.8|518.9
68060,546.9|308.35
68061,284.05|325.55
68062,430.15|209.55
68063,428.6|360.75
68064,373.7|231.05
68065,435.0|473.35
68066,249.65|507.95
68067,288.4|386.65
68068,571.4|574.15
68069,381.15|402.65
68070,440.9|521.35
68071,451.0|588.75
68072,280.85|584.85
68073,530.45|526.8
68074,472.7|214.3
68075,235.2|549.7
68076,581.2|536.9
68077,580.3|378.6
68078,539.75|559.05
68079,556.35|246.4
68080,375.75|296.9
68081,546.0|537.9
68082,289.05|481.2
68083,408.5|447.4
68084,342.6|561.0
68085,277.75|370.8
68086,419.75|320.75
68087,214.65|421.45
68088,238.2|394.5
68089,350.3|337.45
68090,315.1|435.8
68091,257.85|287.55
68092,396.1|323.95
68093,462.25|523.6
68094,466.4|478.2
68095,575.6|211.75
68096,420.4|442.1
68097,395.7|262.15
68098,581.8|232.0
68099,525.35|488.85
68100,276.8|268.25
68101,573.5|535.9
68102,348.1|256.25
68103,449.25|365.35
68104,273.55|258.4
68105,433.9|280.3
68106,342.85|341.6
68107,330.9|397.45
68108,576.1|531.55
68109,439.8|264.2
68110,251.25|555.05
68111,218.8|223.2
68112,397.7|350.65
68113,419.65|579.4
68114,522.75|462.35
68115,289.45|302.9
68116,371.75|366.25
68117,383.05|481.25
68118,590.65|454.95
68119,589.45|562.35
68120,526.5|461.9
68121,563.1|358.5
68122,292.5|323.5
68123,423.85|481.55
68124,385.8|354.7
68125,368.1|450.7
68126,427.3|221.3
68127,585.5|232.65
68128,590.25|317.9
68129,456.15|567.25
68130,491.55|213.3
68131,225.45|317.45
68132,276.45|593.65
68133,239.6|213.55
68134,270.6|316.7
68135,357.25|348.15
68136,218.95|234.2
68137,362.2|208.2
68138,277.2|501.35
68139,370.55|231.45
68140,251.25|296.05
68141,337.05|534.6
68142,428.5|216.2
68143,247.7|337.3
68144,434.4|233.55
68145,574.7|406.25
68146,398.5|337.05
68147,261.7|551.85
68148,375.0|308.2
68149,487.6|481.85
68150,572.55|405.45
68151,573.6|447.05
68152,287.0|530.35
68153,426.65|388.1
68154,368.1|282.35
68155,349.45|337.8
68156,389.45|506.5
68157,463.65|547.3
68158,221.9|564.45
68159,375.25|491.1
68160,545.5|569.9
68161,371.0|395.9
68162,253.25|340.65
68163,351.45|334.85
68164,211.15|586.85
68165,252.45|427.8
68166,433.6|501.75
68167,587.4|345.35
68168,217.7|409.15
68169,362.7|593.45
68170,304.9|304.6
68171,394.85|395.55
68172,272.65|442.05
68173,210.95|589.3
68174,235.25|580.6
68175,252.4|384.75
68176,506.65|469.15
68177,351.25|596.2
68178,375.7|233.15
68179,348.15|386.15
68180,475.55|241.95
68181,305.0|464.0
68182,482.5|483.9
68183,293.75|453.05
68184,472.4|500.55
68185,338.8|322.0
68186,523.1|528.65
68187,571.2|398.6
68188,294.45|531.85
68189,359.05|460.95
68190,369.9|313.45
68191,351.8|593.6
68192,510.55|335.0
68193,407.3|489.55
68194,232.0|291.1
68195,278.65|277.5
68196,447.15|569.4
68197,418.25|328.05
68198,320.2|405.4
68199,462.95|278.95
68200,275.8|288.2
68201,455.0|347.5
68202,376.3|288.5
68203,263.95|363.55
68204,328.6|559.25
68205,507.85|480.4
68206,372.15|253.0
68207,290.8|559.9
68208,462.95|587.45
68209,252.4|487.3
68210,546.6|276.25
68211,470.45|364.9
68212,292.15|321.6
68213,430.15|210.85
68214,277.05|406.7
68215,246.1|491.75
68216,392.7|463.35
68217,426.55|408.7
68218,587.65|481.3
68219,445.2|333.95
68220,259.1|228.6
68221,592.6|567.1
68222,397.85|487.2
68223,383.95|590.45
68224,232.75|270.3
68225,517.9|509.15
68226,392.9|287.85
68227,477.15|354.45
68228,345.75|545.1
68229,389.45|558.4
68230,214.1|284.45
68231,255.2|559.3
68232,459.0|393.55
68233,259.4|217.0
68234,272.65|560.8
68235,479.65|272.8
68236,491.2|485.45
68237,254.85|565.2
68238,590.35|565.2
68239,398.35|269.65
68240,585.65|563.3
68241,339.8|349.4
68242,373.1|386.95
68243,240.15|550.0
68244,350.65|289.5
68245,397.3|475.05
68246,394.85|235.35
68247,359.75|230.05
68248,264.8|517.8
68249,459.9|260.85
68250,541.9|587.4
68251,236.35|396.3
68252,371.2|283.9
68253,215.05|584.75
68254,431.9|515.05
68255,564.1|487.45
68256,572.4|262.3
68257,467.95|356.7
68258,346.95|204.2
68259,533.05|504.2
68260,357.8|497.65
68261,580.95|376.1
68262,342.7|343.5
68263,406.35|274.0
68264,312.8|440.35
68265,470.1|264.35
68266,535.1|427.75
68267,256.65|406.55
68268,476.65|468.2
68269,388.75|474.0
68270,557.15|218.9
68271,395.3|501.9
68272,529.75|324.2
68273,395.55|269.8
68274,435.3|588.3
68275,538.3|274.35
68276,584.8|593.2
68277,437.45|539.35
68278,578.85|461.4
68279,257.7|277.25
68280,257.15|256.0
68281,522.85|443.3
68282,439.15|529.6
68283,343.85|423.85
68284,435.15|253.95
68285,425.45|236.25
68286,459.6|415.95
68287,458.2|563.05
68288,348.55|566.45
68289,478.6|308.15
68290,454.85|473.15
68291,320.9|343.3
68292,466.05|292.1
68293,403.35|267.6
68294,252.2|451.9
68295,268.5|261.75
68296,264.75|442.65
68297,217.65|269.75
68298,255.55|436.85
68299,587.55|522.4
68300,406.3|583.7
68301,356.0|229.85
68302,374.3|313.25
68303,347.25|322.35
68304,516.3|354.55
68305,208.7|496.95
68306,242.9|559.4
68307,430.2|218.35
68308,472.0|431.15
68309,416.7|247.25
68310,424.8|550.45
68311,477.95|289.9
68312,350.7|543.1
68313,472.05|298.5
68314,387.45|295.8
68315,207.95|462.9
68316,455.1|408.7
68317,390.1|248.6
68318,436.0|408.25
68319,373.2|448.95
68320,477.4|477.1
68321,493.1|245.75
68322,244.9|486.35
68323,252.05|397.55
68324,384.8|277.45
68325,534.05|281.4
68326,252.5|224.55
68327,352.65|462.0
68328,381.15|392.25
68329,538.1|396.1
68330,361.75|350.8
68331,577.2|336.05
68332,534.2|473.7
68333,219.15|243.65
68334,265.0|433.3
68335,297.45|345.1
68336,247.95|483.8
68337,585.9|375.75
68338,222.1|211.0
68339,230.4|250.7
68340,217.15|472.45
68341,248.2|397.7
68342,374.35|239.5
68343,546.65|582.75
68344,592.75|475.0
68345,558.0|239.05
68346,245.45|217.4
68347,417.0|292.05
68348,261.7|343.1
68349,590.45|499.85
68350,591.2|474.2
68351,289.5|352.25
68352,473.1|290.3
68353,401.7|579.2
68354,526.2|467.55
68355,329.05|390.15
68356,251.6|589.15
68357,566.6|494.25
68358,574.0|446.55
68359,528.25|495.3
68360,480.65|515.5
68361,271.25|569.15
68362,278.0|405.0
68363,339.8|425.75
68364,471.65|215.7
68365,517.8|527.6
68366,384.55|268.0
68367,526.65|438.3
68368,384.75|455.85
68369,251.6|588.25
68370,543.7|492.85
68371,413.3|577.25
68372,235.2|426.75
68373,433.95|457.5
68374,247.45|586.4
68375,334.1|444.05
68376,364.45|333.45
68377,222.75|408.65
68378,415.7|402.35
68379,590.5|421.4
68380,568.0|211.0
68381,595.1|354.6
68382,551.65|510.75
68383,409.75|333.7
68384,589.9|506.25
68385,212.85|356.85
68386,205.6|453.3
68387,235.1|267.0
68388,410.35|336.8
68389,267.65|279.95
68390,361.35|582.9
68391,470.35|486.0
68392,549.55|258.3
68393,219.8|493.25
68394,555.1|234.85
68395,302.8|378.05
68396,356.15|284.85
68397,560.55|378.3
68398,261.15|271.4
68399,441.85|226.8
68400,303.55|336.85
68401,576.7|430.3
68402,215.9|485.2
68403,387.7|549.05
68404,371.15|241.7
68405,267.55|389.0
68406,436.6|510.3
68407,391.9|572.95
68408,358.7|263.7
68409,395.7|586.9
68410,369.95|593.85
68411,225.45|466.0
68412,556.55|250.65
68413,349.45|573.05
68414,586.3|339.8
68415,451.3|558.9
68416,212.7|420.05
68417,246.65|444.95
68418,594.85|503.35
68419,226.7|591.25
68420,584.85|250.2
68421,353.1|320.4
68422,217.65|400.55
68423,378.75|224.85
68424,416.8|308.15
68425,459.6|476.0
68426,479.6|324.25
68427,275.75|293.45
68428,275.65|338.75
68429,246.2|346.35
68430,561.3|397.95
68431,408.6|416.3
68432,560.35|578.65
68433,286.7|303.0
68434,583.65|377.1
68435,534.55|569.5
68436,559.1|587.9
68437,395.35|585.0
68438,535.15|504.6
68439,358.05|374.8
68440,409.2|276.9
68441,354.4|417.7
68442,393.55|396.55
68443,262.5|209.05
68444,520.35|436.65
68445,261.4|304.95
68446,405.35|314.95
68447,552.2|577.05
68448,454.85|513.65
68449,385.6|403.15
68450,590.7|428.4
68451,456.95|221.4
68452,300.75|300.15
68453,252.7|300.75
68454,271.45|369.85
68455,569.55|228.95
68456,477.15|343.1
68457,285.5|443.9
68458,528.7|265.85
68459,305.15|356.7
68460,272.25|587.1
68461,342.9|266.5
68462,321.0|304.65
68463,461.2|371.5
68464,580.6|360.4
68465,288.3|454.7
68466,220.5|313.35
68467,410.45|294.75
68468,529.05|491.9
68469,478.9|310.65
68470,411.4|240.4
68471,390.3|401.9
68472,549.85|237.65
68473,585.7|582.5
68474,252.15|420.9
68475,255.1|289.6
68476,381.85|379.1
68477,431.65|576.2
68478,367.2|388.25
68479,258.2|447.95
68480,221.85|560.0
68481,549.85|439.1
68482,279.7|239.0
68483,379.4|292.35
68484,465.1|365.25
68485,274.6|356.65
68486,356.05|279.95
68487,429.85|494.9
68488,392.0|458.3
68489,380.95|547.65
68490,436.1|561.85
68491,412.05|291.75
68492,474.15|220.75
68493,351.35|410.4
68494,293.15|465.95
68495,594.05|352.5
68496,462.7|392.5
68497,262.8|286.55
68498,547.6|511.5
68499,552.35|307.05
68500,256.25|436.3
68501,272.1|533.7
68502,536.65|539.95
68503,578.95|427.45
68504,333.05|388.95
68505,294.45|382.8
68506,236.85|361.8
68507,285.45|562.45
68508,232.9|245.9
68509,288.3|227.8
68510,426.75|280.35
68511,558.95|536.35
68512,256.8|265.85
68513,417.4|528.1
68514,516.5|358.4
68515,438.4|270.95
68516,445.05|385.85
68517,538.45|500.45
68518,281.7|366.95
68519,403.4|238.4
68520,320.25|226.45
68521,462.25|390.4
68522,532.45|271.4
68523,381.95|245.75
68524,565.8|306.0
68525,561.35|459.7
68526,222.5|587.7
68527,204.75|479.4
68528,434.7|224.25
68529,279.15|281.45
68530,520.95|464.15
68531,591.6|380.6
68532,573.5|490.4
68533,267.95|352.7
68534,589.55|303.55
68535,531.1|513.5
68536,372.45|256.6
68537,587.8|573.3
68538,566.3|452.5
68539,238.5|220.7
68540,507.9|340.75
68541,374.6|585.05
68542,577.8|499.45
68543,358.4|381.05
68544,472.4|467.35
68545,257.65|414.55
68546,238.75|581.95
68547,336.05|428.0
68548,577.5|525.95
68549,535.1|579.85
68550,553.0|454.6
68551,294.15|345.15
68552,522.9|223.7
68553,409.0|515.3
68554,439.45|587.2
68555,218.95|316.65
68556,209.7|588.0
68557,314.45|381.1
68558,212.4|548.55
68559,566.9|582.9
68560,540.3|527.15
68561,354.05|338.45
68562,555.55|551.45
68563,505.25|399.15
68564,454.8|469.3
68565,388.0|245.8
68566,282.85|367.7
68567,482.35|355.2
68568,422.85|334.75
68569,263.05|322.15
68570,416.7|335.7
68571,380.05|273.6
68572,487.8|490.35
68573,400.0|293.75
68574,218.5|247.25
68575,502.4|281.95
68576,472.25|435.7
68577,430.05|585.2
68578,299.2|425.3
68579,570.9|249.0
68580,358.25|570.4
68581,521.75|533.7
68582,281.95|589.75
68583,560.8|293.45
68584,237.75|501.3
68585,341.25|583.05
68586,215.35|408.3
68587,486.55|542.5
68588,557.05|454.3
68589,257.25|226.3
68590,210.45|287.05
68591,438.6|530.05
68592,230.15|307.1
68593,457.75|288.75
68594,559.6|590.3
68595,578.0|393.7
68596,377.6|290.75
68597,230.4|388.85
68598,589.45|378.6
68599,526.3|455.6
68600,214.4|272.05
68601,360.3|366.65
68602,590.25|241.65
68603,375.65|373.85
68604,288.35|236.8
68605,532.55|378.95
68606,393.3|595.15
68607,491.3|345.2
68608,292.05|506.1
68609,208.6|526.35
68610,531.75|429.45
68611,210.65|282.7
68612,524.05|578.45
68613,213.7|344.6
68614,539.1|375.4
68615,286.7|546.5
68616,536.6|563.3
68617,547.8|484.65
68618,443.15|533.9
68619,396.05|563.8
68620,592.4|409.15
68621,273.8|302.15
68622,396.9|407.65
68623,215.7|498.0
68624,393.7|399.3
68625,376.6|359.4
68626,449.25|478.7
68627,220.5|255.0
68628,524.1|543.3
68629,232.3|391.1
68630,281.5|594.45
68631,220.7|548.55
68632,215.0|502.0
68633,389.2|276.55
68634,404.35|397.45
68635,295.4|308.2
68636,378.75|521.0
68637,286.6|336.85
68638,540.0|503.95
68639,290.0|518.2
68640,410.0|577.6
68641,431.6|402.8
68642,249.0|579.05
68643,277.9|579.8
68644,381.5|269.6
68645,568.0|469.05
68646,586.85|289.15
68647,431.05|564.55
68648,557.15|536.75
68649,391.4|454.65
68650,580.25|292.85
68651,218.05|308.85
68652,253.05|427.2
68653,432.7|259.0
68654,464.55|352.15
68655,539.5|281.65
68656,443.8|239.8
68657,260.45|351.5
68658,400.6|335.6
68659,460.7|479.8
68660,551.35|482.5
68661,270.6|521.4
68662,273.1|586.0
68663,499.25|420.45
68664,346.1|548.05
68665,498.95|298.4
68666,583.25|481.75
68667,277.1|254.7
68668,275.0|580.7
68669,389.05|309.75
68670,340.8|585.1
68671,363.7|286.9
68672,352.2|441.0
68673,472.9|311.0
68674,284.55|545.95
68675,560.55|238.45
68676,544.65|286.3
68677,205.1|478.5
68678,224.3|576.35
68679,569.5|513.95
68680,564.3|515.25
68681,329.75|235.6
68682,432.75|349.3
68683,365.95|210.25
68684,213.5|581.5
68685,537.0|316.55
68686,339.25|323.55
68687,458.3|381.35
68688,394.9|366.35
68689,432.65|347.05
68690,225.05|366.95
68691,335.5|208.5
68692,327.25|369.2
68693,383.3|588.15
68694,246.9|468.75
68695,542.9|274.25
68696,484.8|270.85
68697,555.55|566.0
68698,444.4|439.4
68699,462.4|356.9
68700,386.2|344.35
68701,264.95|336.4
68702,540.65|539.6
68703,251.65|291.4
68704,462.45|459.45
68705,224.8|220.6
68706,538.1|418.5
68707,583.05|575.0
68708,413.35|584.55
68709,484.0|492.45
68710,464.55|296.95
68711,532.1|516.6
68712,247.6|436.05
68713,437.7|589.5
68714,253.85|560.65
68715,549.8|492.35
68716,572.2|336.4
68717,440.6|341.85
68718,461.1|559.6
68719,395.3|378.25
68720,482.85|208.75
68721,484.55|419.65
68722,556.6|253.25
68723,519.55|523.75
68724,371.5|433.0
68725,209.95|310.15
68726,566.45|468.35
68727,509.35|514.6
68728,282.4|506.2
68729,545.4|303.35
68730,569.75|245.75
68731,498.45|232.9
68732,568.2|578.75
68733,349.35|372.1
68734,320.25|344.45
68735,538.4|534.05
68736,255.95|567.4
68737,385.1|538.4
68738,222.65|545.9
68739,435.55|348.65
68740,362.8|210.9
68741,426.55|313.45
68742,308.9|406.2
68743,571.6|574.7
68744,216.7|247.8
68745,361.9|267.65
68746,467.0|353.1
68747,213.4|544.75
68748,431.3|446.5
68749,255.25|594.3
68750,549.75|374.5
68751,471.75|280.95
68752,508.95|503.4
68753,569.05|475.05
68754,411.35|206.15
68755,246.3|279.7
68756,462.7|405.6
68757,378.4|217.55
68758,261.85|261.0
68759,379.9|571.15
68760,450.9|456.7
68761,574.1|446.85
68762,233.85|404.2
68763,553.2|538.7
68764,504.3|559.8
68765,215.9|293.2
68766,522.35|526.9
68767,466.2|412.45
68768,516.85|495.9
68769,525.95|437.5
68770,346.45|435.5
68771,428.9|261.6
68772,563.45|490.8
68773,215.6|410.95
68774,466.6|550.95
68775,497.5|494.55
68776,342.55|214.1
68777,493.35|327.2
68778,470.65|219.55
68779,512.8|520.6
68780,414.2|455.7
68781,372.4|455.75
68782,384.4|590.1
68783,477.85|282.4
68784,424.65|367.6
68785,573.85|301.45
68786,350.5|322.8
68787,273.85|278.95
68788,348.85|205.65
68789,466.05|384.9
68790,303.65|563.0
68791,418.35|247.65
68792,270.7|356.5
68793,219.7|459.8
68794,529.15|322.75
68795,421.6|312.6
68796,351.8|213.6
68797,233.65|356.8
68798,291.0|410.3
68799,297.45|417.9
68800,463.8|451.2
68801,377.6|315.25
68802,568.45|468.05
68803,429.15|368.85
68804,393.2|296.05
68805,249.85|584.8
68806,470.85|298.9
68807,430.5|464.75
68808,345.05|219.7
68809,463.45|469.25
68810,365.4|273.8
68811,374.35|213.65
68812,225.05|579.2
68813,453.1|445.5
68814,302.85|420.05
68815,299.5|531.55
68816,514.8|486.65
68817,546.2|467.45
68818,482.15|367.25
68819,406.65|488.05
68820,456.3|431.8
68821,438.2|384.2
68822,265.1|360.2
68823,457.05|456.4
68824,576.0|226.05
68825,580.35|449.15
68826,425.7|536.45
68827,350.0|398.2
68828,339.8|393.85
68829,418.75|253.4
68830,396.65|330.35
68831,346.45|515.55
68832,342.8|346.15
68833,472.5|293.0
68834,251.95|335.25
68835,224.05|534.35
68836,259.25|564.05
68837,333.35|566.6
68838,507.2|499.35
68839,294.0|527.05
68840,556.55|265.7
68841,221.35|243.7
68842,215.6|477.75
68843,280.0|497.4
68844,361.85|575.65
68845,206.05|292.1
68846,266.6|274.3
68847,570.2|415.75
68848,467.45|285.0
68849,287.4|455.9
68850,479.7|341.85
68851,262.5|429.6
68852,590.6|257.05
68853,431.0|408.25
68854,582.2|499.85
68855,209.5|467.55
68856,423.05|469.0
68857,207.4|588.2
68858,458.05|472.55
68859,553.7|453.9
68860,367.5|269.15
68861,356.05|221.8
68862,543.6|514.9
68863,524.8|501.25
68864,396.8|586.45
68865,410.15|419.2
68866,577.8|253.6
68867,467.55|361.5
68868,495.5|460.25
68869,344.7|378.55
68870,307.0|446.25
68871,528.8|548.35
68872,282.9|592.55
68873,262.65|582.6
68874,343.2|539.05
68875,461.05|247.6
68876,464.95|281.25
68877,545.6|447.9
68878,289.65|324.8
68879,483.5|408.35
68880,554.8|584.65
68881,251.95|219.55
68882,538.65|426.65
68883,206.85|253.55
68884,430.8|563.3
68885,405.05|354.75
68886,350.5|364.3
68887,336.85|405.7
68888,397.7|469.05
68889,234.35|573.25
68890,251.1|406.05
68891,263.05|211.35
68892,235.6|502.95
68893,411.35|332.45
68894,380.35|575.75
68895,516.25|248.15
68896,513.95|511.7
68897,585.9|353.3
68898,431.15|490.0
68899,271.45|260.9
68900,445.0|446.3
68901,361.45|392.4
68902,462.4|298.3
68903,562.8|232.25
68904,569.05|535.4
68905,288.9|448.3
68906,363.25|452.3
68907,420.15|237.25
68908,308.95|394.2
68909,515.75|501.5
68910,541.9|507.3
68911,491.3|335.15
68912,374.6|219.5
68913,398.25|361.5
68914,583.85|294.05
68915,364.9|432.15
68916,517.4|470.25
68917,349.7|337.1
68918,553.95|218.85
68919,572.95|458.85
68920,288.35|536.3
68921,543.6|454.3
68922,593.55|580.15
68923,398.5|485.45
68924,448.9|505.6
68925,222.0|245.0
68926,515.8|429.1
68927,449.55|499.35
68928,493.75|480.8
68929,524.8|462.65
68930,455.8|493.8
68931,259.25|343.55
68932,527.9|256.35
68933,394.6|269.1
68934,244.75|267.45
68935,462.95|277.6
68936,527.8|475.55
68937,289.85|554.4
68938,336.9|381.7
68939,553.35|216.9
68940,340.55|426.9
68941,568.8|261.35
68942,276.7|240.05
68943,375.8|284.65
68944,469.6|363.1
68945,577.0|317.65
68946,224.55|306.15
68947,406.3|578.25
68948,447.4|397.55
68949,305.5|359.35
68950,471.5|278.85
68951,397.9|232.4
68952,424.35|245.75
68953,412.4|339.15
68954,400.35|534.2
68955,211.45|330.0
68956,478.3|261.3
68957,272.05|593.45
68958,561.85|552.2
68959,358.1|213.25
68960,440.9|228.4
68961,558.2|310.75
68962,367.65|358.45
68963,587.3|358.1
68964,395.15|272.8
68965,543.55|445.7
68966,581.2|408.2
68967,540.6|509.8
68968,260.85|247.95
68969,282.9|389.65
68970,347.65|445.2
68971,400.5|219.75
68972,341.4|236.7
68973,224.05|299.05
68974,496.1|244.8
68975,245.15|447.1
68976,429.3|464.85
68977,562.35|466.35
68978,267.6|223.7
68979,233.95|301.6
68980,521.35|365.35
68981,320.0|351.0
68982,262.05|265.9
68983,249.45|225.8
68984,486.8|484.5
68985,405.85|301.85
68986,460.45|540.15
68987,579.5|214.5
68988,251.3|218.95
68989,233.3|574.9
68990,291.55|424.1
68991,231.65|579.7
68992,213.2|302.75
68993,274.4|432.6
68994,587.75|543.3
68995,343.75|386.1
68996,229.7|224.05
68997,294.25|510.05
68998,211.9|593.4
68999,386.85|572.2
69000,342.75|510.3
69001,271.05|557.95
69002,474.5|276.6
69003,553.15|547.6
69004,461.7|409.9
69005,480.9|317.45
69006,392.75|226.65
69007,438.6|484.25
69008,590.9|387.7
69009,388.1|539.15
69010,216.4|588.25
69011,531.85|554.0
69012,396.9|366.1
69013,256.5|269.0
69014,385.65|219.45
69015,389.6|587.15
69016,439.95|506.95
69017,397.35|255.95
69018,422.55|312.3
69019,410.75|277.4
69020,225.25|526.2
69021,561.85|216.3
69022,454.9|349.95
69023,236.5|257.0
69024,362.9|302.9
69025,451.0|397.65
69026,404.75|421.9
69027,222.65|315.0
69028,226.45|513.45
69029,474.3|422.6
69030,354.75|491.15
69031,284.05|538.3
69032,572.7|515.65
69033,561.75|338.05
69034,319.15|571.15
69035,267.35|413.0
69036,484.5|297.7
69037,330.35|340.65
69038,539.75|237.85
69039,401.55|540.3
69040,399.25|437.7
69041,423.9|502.35
69042,393.95|295.1
69043,346.25|546.7
69044,225.9|488.45
69045,594.0|356.55
69046,471.55|251.75
69047,292.0|315.25
69048,572.6|315.35
69049,557.1|480.9
69050,541.45|360.9
69051,431.25|383.1
69052,211.9|343.65
69053,337.7|534.35
69054,265.05|212.45
69055,343.1|591.25
69056,586.65|588.05
69057,452.55|397.75
69058,259.75|341.55
69059,235.15|421.75
69060,340.7|272.1
69061,362.75|269.3
69062,295.85|340.2
69063,238.85|480.65
69064,561.35|533.5
69065,273.15|578.9
69066,373.5|358.2
69067,444.25|305.0
69068,204.65|454.3
69069,252.4|457.75
69070,301.85|320.15
69071,450.55|411.25
69072,417.55|403.65
69073,403.4|518.15
69074,567.0|502.7
69075,222.7|477.7
69076,233.65|223.75
69077,318.1|554.95
69078,450.6|258.6
69079,454.1|226.85
69080,273.7|501.4
69081,445.3|228.7
69082,417.55|351.25
69083,438.15|306.15
69084,226.35|364.4
69085,224.45|444.65
69086,582.5|573.15
69087,567.75|474.85
69088,346.85|235.35
69089,410.2|399.7
69090,287.15|428.95
69091,208.35|579.45
69092,520.75|340.7
69093,281.7|506.35
69094,308.45|498.75
69095,348.05|576.15
69096,585.7|388.75
69097,556.9|464.8
69098,398.4|592.45
69099,252.3|283.2
69100,543.8|558.55
69101,550.85|343.75
69102,552.4|584.5
69103,573.75|519.65
69104,306.45|545.35
69105,231.0|302.05
69106,561.8|443.45
69107,412.0|588.9
69108,487.95|476.55
69109,563.45|436.65
69110,210.4|579.55
69111,583.7|513.25
69112,584.15|245.1
69113,455.6|541.75
69114,336.35|403.15
69115,429.95|214.35
69116,395.9|533.5
69117,241.25|415.6
69118,300.15|367.55
69119,489.95|474.15
69120,562.0|503.55
69121,314.05|394.4
69122,500.85|477.15
69123,373.7|373.4
69124,439.75|431.4
69125,425.6|556.55
69126,591.75|348.6
69127,219.8|411.75
69128,244.75|383.15
69129,290.1|482.05
69130,357.9|251.8
69131,346.3|365.0
69132,474.75|466.15
69133,342.4|557.0
69134,432.3|554.9
69135,252.5|405.2
69136,376.85|237.4
69137,327.15|440.35
69138,322.85|345.3
69139,464.8|373.05
69140,403.85|338.25
69141,566.7|480.1
69142,363.65|287.3
69143,420.95|223.4
69144,467.3|263.3
69145,587.75|281.15
69146,535.55|537.25
69147,481.55|454.8
69148,391.05|257.25
69149,422.65|482.3
69150,486.7|505.7
69151,557.05|246.85
69152,352.55|307.65
69153,552.8|579.25
69154,250.45|347.0
69155,444.2|457.65
69156,468.45|282.4
69157,588.9|275.8
69158,206.2|377.65
69159,257.4|339.25
69160,422.5|329.3
69161,403.65|547.95
69162,376.1|488.85
69163,566.85|459.1
69164,224.8|217.55
69165,487.45|505.35
69166,348.45|244.8
69167,353.75|545.95
69168,406.15|341.4
69169,370.0|370.8
69170,462.7|574.05
69171,265.0|421.45
69172,573.5|316.45
69173,446.7|492.7
69174,261.9|583.15
69175,345.45|588.5
69176,356.85|279.1
69177,385.0|581.55
69178,461.65|438.1
69179,345.5|224.5
69180,434.85|595.05
69181,216.7|582.25
69182,562.65|276.75
69183,589.95|411.7
69184,581.75|419.15
69185,292.95|326.5
69186,428.55|350.75
69187,573.05|219.25
69188,458.25|331.7
69189,334.6|422.8
69190,358.2|421.65
69191,322.8|345.35
69192,457.5|584.15
69193,408.75|338.05
69194,292.1|370.9
69195,265.3|309.0
69196,205.45|326.0
69197,346.5|479.5
69198,278.05|365.9
69199,451.4|579.1
69200,339.85|533.1
69201,416.2|487.95
69202,478.0|339.0
69203,344.8|398.95
69204,450.2|581.85
69205,370.5|277.95
69206,374.35|593.4
69207,360.25|368.15
69208,238.65|319.75
69209,520.6|545.95
69210,290.3|321.65
69211,384.65|502.25
69212,334.55|327.55
69213,250.1|494.3
69214,548.9|448.55
69215,535.0|530.5
69216,306.8|508.45
69217,441.1|239.05
69218,568.35|578.0
69219,280.5|378.6
69220,384.5|474.7
69221,471.05|241.7
69222,470.95|272.95
69223,538.6|280.3
69224,583.0|413.9
69225,468.0|228.7
69226,282.05|392.35
69227,550.15|441.1
69228,342.8|565.1
69229,379.45|383.2
69230,385.9|285.55
69231,384.95|399.9
69232,356.3|511.35
69233,346.7|329.75
69234,434.1|548.85
69235,219.35|320.95
69236,418.1|572.0
69237,457.15|234.5
69238,292.05|482.15
69239,558.7|272.9
69240,214.15|258.4
69241,593.5|259.7
69242,207.7|533.3
69243,481.55|499.3
69244,566.0|270.1
69245,423.3|546.85
69246,576.7|489.3
69247,262.95|229.35
69248,430.65|579.9
69249,218.2|493.6
69250,460.75|387.85
69251,377.25|275.3
69252,437.05|335.15
69253,563.35|359.4
69254,380.0|594.35
69255,296.05|326.25
69256,341.45|219.4
69257,216.1|294.6
69258,345.5|231.9
69259,337.45|520.45
69260,542.6|305.45
69261,370.75|338.5
69262,271.3|573.95
69263,238.95|406.15
69264,270.25|452.85
69265,360.5|372.6
69266,371.35|214.6
69267,450.95|522.6
69268,245.35|277.85
69269,300.85|316.05
69270,402.4|405.65
69271,560.65|532.4
69272,483.7|451.45
69273,512.15|340.55
69274,428.6|579.95
69275,553.35|219.85
69276,431.95|391.8
69277,577.8|385.5
69278,556.15|468.3
69279,592.55|418.7
69280,464.0|332.5
69281,271.35|281.25
69282,257.6|378.4
69283,567.8|453.9
69284,217.8|453.75
69285,573.7|525.35
69286,455.45|226.35
69287,550.5|222.85
69288,248.9|414.3
69289,456.7|437.75
69290,479.05|246.9
69291,261.4|370.0
69292,209.2|380.5
69293,442.5|233.85
69294,413.85|426.8
69295,394.6|357.15
69296,456.8|418.25
69297,396.35|364.55
69298,349.15|466.5
69299,465.55|266.3
69300,280.9|517.05
69301,261.25|556.85
69302,506.8|487.65
69303,252.95|510.4
69304,536.9|512.2
69305,450.05|443.85
69306,245.95|266.4
69307,228.8|289.05
69308,563.05|459.85
69309,454.6|405.65
69310,204.15|474.7
69311,348.85|217.5
69312,286.7|315.95
69313,463.7|425.3
69314,577.35|209.8
69315,206.9|531.0
69316,475.75|314.6
69317,467.5|289.7
69318,449.85|406.7
69319,338.1|399.55
69320,492.1|506.2
69321,210.0|526.45
69322,591.85|207.65
69323,229.75|365.0
69324,414.05|328.05
69325,585.4|360.7
69326,208.25|587.25
69327,582.05|361.8
69328,266.95|356.25
69329,211.2|525.0
69330,277.0|584.95
69331,444.35|308.95
69332,517.3|504.3
69333,381.3|574.4
69334,417.0|305.3
69335,229.6|393.55
69336,515.85|508.75
69337,545.35|259.0
69338,486.0|212.85
69339,352.05|428.8
69340,424.3|255.2
69341,549.05|247.4
69342,224.35|496.8
69343,525.1|431.5
69344,413.2|479.05
69345,405.0|418.95
69346,390.25|264.6
69347,384.5|358.35
69348,448.95|565.65
69349,325.65|503.2
69350,380.4|500.5
69351,448.6|275.35
69352,477.85|458.75
69353,416.25|375.35
69354,223.95|491.4
69355,231.95|475.25
69356,558.3|532.4
69357,576.5|557.55
69358,477.6|330.15
69359,385.8|226.4
69360,428.85|518.05
69361,259.2|272.75
69362,210.95|376.35
69363,581.8|346.95
69364,583.0|284.1
69365,214.45|527.1
69366,325.2|486.45
69367,320.55|402.05
69368,358.35|286.05
69369,585.5|273.8
69370,265.3|566.35
69371,553.2|304.95
69372,340.55|212.15
69373,409.3|418.4
69374,358.0|587.25
69375,384.8|402.9
69376,387.8|292.6
69377,337.75|325.65
69378,423.5|263.4
69379,528.7|369.65
69380,458.65|333.4
69381,278.1|379.4
69382,465.4|562.8
69383,225.4|541.3
69384,208.05|337.6
69385,419.95|441.6
69386,580.85|425.65
69387,525.75|409.45
69388,343.05|207.95
69389,372.25|225.0
69390,456.95|298.25
69391,365.65|549.1
69392,358.8|298.2
69393,231.7|260.65
69394,350.65|544.2
69395,227.0|521.9
69396,453.25|589.75
69397,445.0|231.65
69398,589.8|217.15
69399,263.85|247.45
69400,454.55|591.85
69401,469.75|453.45
69402,283.95|443.75
69403,411.5|356.55
69404,591.1|217.6
69405,229.8|313.2
69406,320.6|418.8
69407,533.35|418.8
69408,355.25|547.6
69409,274.4|492.95
69410,287.75|499.15
69411,479.35|311.05
69412,435.9|515.6
69413,569.5|398.45
69414,590.65|363.6
69415,585.85|309.1
69416,272.75|566.3
69417,257.4|278.5
69418,370.1|494.05
69419,251.45|538.25
69420,223.9|225.4
69421,542.65|529.45
69422,408.45|366.55
69423,470.65|300.95
69424,558.65|311.65
69425,352.3|452.15
69426,210.7|244.3
69427,517.0|419.8
69428,533.35|273.6
69429,231.25|280.85
69430,560.85|291.05
69431,577.2|492.85
69432,349.2|323.15
69433,521.45|455.5
69434,433.6|319.1
69435,554.9|276.15
69436,217.7|249.9
69437,477.6|418.45
69438,537.0|448.05
69439,401.1|570.1
69440,570.55|479.95
69441,575.3|567.1
69442,381.45|270.7
69443,378.75|235.3
69444,207.55|404.0
69445,214.2|269.7
69446,590.95|293.55
69447,390.75|214.5
69448,429.6|386.1
69449,541.9|268.8
69450,371.0|437.4
69451,551.9|270.6
69452,367.35|477.05
69453,424.9|534.35
69454,391.95|375.6
69455,344.2|295.2
69456,365.2|355.7
69457,579.65|593.75
69458,468.75|424.3
69459,401.7|568.35
69460,531.9|568.55
69461,431.05|337.9
69462,264.85|562.4
69463,462.1|372.55
69464,237.5|300.9
69465,568.35|480.75
69466,291.05|336.1
69467,487.1|465.8
69468,577.6|434.7
69469,309.75|400.9
69470,555.5|444.95
69471,539.85|455.55
69472,459.05|477.15
69473,413.5|228.85
69474,279.35|281.65
69475,570.5|588.05
69476,368.3|263.15
69477,265.95|230.5
69478,419.15|220.2
69479,278.65|280.55
69480,440.5|580.4
69481,404.65|306.8
69482,446.0|588.25
69483,415.5|550.2
69484,385.75|494.2
69485,297.85|393.0
69486,376.75|546.45
69487,236.85|425.05
69488,212.25|586.0
69489,479.1|467.8
69490,585.2|516.7
69491,432.5|286.15
69492,567.0|592.7
69493,296.6|336.95
69494,383.1|384.75
69495,553.25|250.0
69496,297.2|550.25
69497,434.9|431.0
69498,562.7|285.45
69499,551.65|273.4
69500,565.35|457.1
69501,264.3|210.85
69502,538.5|353.3
69503,490.85|334.25
69504,269.1|289.1
69505,431.7|582.6
69506,585.2|547.0
69507,512.0|489.8
69508,383.75|448.75
69509,486.25|352.6
69510,461.55|472.95
69511,368.35|261.0
69512,565.65|234.25
69513,233.1|584.85
69514,240.8|360.8
69515,302.2|417.35
69516,470.3|225.5
69517,353.05|426.2
69518,355.05|210.65
69519,569.2|407.6
69520,445.8|299.05
69521,449.5|528.0
69522,581.1|300.45
69523,233.05|527.05
69524,212.05|403.55
69525,352.1|271.95
69526,429.9|455.2
69527,233.05|416.15
69528,589.2|476.65
69529,354.5|449.2
69530,563.3|239.4
69531,421.45|408.7
69532,258.6|399.65
69533,488.2|524.45
69534,397.5|460.65
69535,448.2|505.5
69536,221.25|567.4
69537,573.1|282.85
69538,368.25|462.65
69539,519.6|231.95
69540,248.0|516.05
69541,457.45|217.7
69542,272.9|325.7
69543,527.8|430.1
69544,459.9|498.4
69545,281.9|499.95
69546,259.95|425.2
69547,433.7|218.9
69548,575.5|322.45
69549,407.7|252.65
69550,440.55|527.35
69551,466.0|568.75
69552,593.1|210.25
69553,509.95|220.0
69554,387.75|499.45
69555,486.2|383.35
69556,476.55|476.8
69557,585.7|534.45
69558,343.45|471.5
69559,215.85|470.2
69560,211.6|258.5
69561,208.25|233.15
69562,270.7|273.4
69563,222.35|514.75
69564,210.3|329.7
69565,299.6|325.7
69566,345.2|280.15
69567,217.9|594.1
69568,560.4|261.0
69569,275.5|571.75
69570,343.7|594.45
69571,590.5|383.0
69572,553.1|302.25
69573,591.35|417.4
69574,217.2|479.5
69575,386.9|484.05
69576,532.75|376.55
69577,531.55|462.5
69578,375.05|407.7
69579,270.45|494.55
69580,471.35|215.35
69581,207.4|257.1
69582,590.2|393.05
69583,326.15|438.0
69584,370.9|246.1
69585,381.15|580.55
69586,593.9|272.65
69587,239.6|440.25
69588,319.65|375.85
69589,288.95|427.5
69590,346.1|442.3
69591,275.85|527.6
69592,386.95|270.7
69593,353.05|371.45
69594,250.75|301.9
69595,238.5|342.95
69596,373.75|450.6
69597,360.05|579.7
69598,423.75|548.4
69599,230.2|465.65
69600,299.1|396.9
69601,527.95|335.6
69602,421.5|574.35
69603,459.25|283.6
69604,542.1|592.2
69605,362.8|270.6
69606,224.2|400.0
69607,260.05|360.65
69608,531.85|420.55
69609,346.4|282.15
69610,556.4|468.4
69611,299.35|483.45
69612,418.05|455.1
69613,532.4|402.95
69614,360.75|511.8
69615,338.3|466.15
69616,588.5|416.4
69617,460.75|463.35
69618,368.05|265.65
69619,527.0|528.0
69620,281.65|306.2
69621,431.5|306.15
69622,230.35|585.95
69623,357.5|515.7
69624,267.45|250.8
69625,233.2|483.9
69626,546.5|584.65
69627,262.9|259.6
69628,241.8|253.8
69629,436.35|488.15
69630,457.9|588.95
69631,402.0|394.1
69632,450.1|541.4
69633,252.35|424.55
69634,584.8|571.8
69635,276.05|589.95
69636,286.35|498.2
69637,236.95|256.35
69638,267.9|556.95
69639,569.3|456.15
69640,495.1|229.9
69641,494.4|482.9
69642,471.5|277.55
69643,478.35|527.75
69644,591.95|302.1
69645,212.75|404.05
69646,431.85|360.5
69647,360.0|515.1
69648,388.25|292.1
69649,465.25|480.35
69650,593.65|466.95
69651,452.65|420.7
69652,549.8|482.0
69653,434.5|264.1
69654,445.55|479.6
69655,284.7|520.85
69656,559.7|542.3
69657,589.3|321.1
69658,428.1|441.5
69659,428.85|342.9
69660,387.8|562.25
69661,262.1|384.6
69662,392.65|365.55
69663,279.45|275.75
69664,395.0|210.15
69665,450.0|486.35
69666,476.3|361.05
69667,334.35|541.55
69668,338.8|495.2
69669,486.8|535.1
69670,565.1|480.6
69671,584.9|428.95
69672,397.75|246.45
69673,531.3|332.2
69674,584.55|472.55
69675,553.2|370.45
69676,442.7|562.7
69677,242.55|451.75
69678,528.3|341.3
69679,565.8|436.55
69680,251.1|557.2
69681,457.25|476.2
69682,546.25|493.8
69683,594.05|233.8
69684,465.05|442.1
69685,581.25|441.05
69686,449.3|254.5
69687,572.4|471.05
69688,270.15|319.05
69689,593.2|209.75
69690,244.75|449.7
69691,557.05|228.65
69692,273.7|507.05
69693,347.65|312.1
69694,565.55|245.65
69695,236.55|460.15
69696,250.85|361.95
69697,214.4|260.95
69698,462.7|261.15
69699,282.0|323.3
69700,408.4|540.2
69701,353.55|536.6
69702,380.5|449.4
69703,563.55|254.65
69704,340.65|584.0
69705,579.05|284.8
69706,412.4|372.8
69707,565.5|279.1
69708,591.3|273.4
69709,221.6|516.4
69710,343.45|245.0
69711,397.0|242.05
69712,585.0|447.55
69713,319.35|374.25
69714,266.45|350.2
69715,462.2|496.6
69716,409.55|540.15
69717,384.85|291.2
69718,447.0|508.75
69719,251.55|232.55
69720,452.35|231.0
69721,342.35|531.6
69722,437.0|470.95
69723,235.9|284.1
69724,285.7|355.7
69725,376.2|229.6
69726,294.6|380.9
69727,472.35|391.55
69728,319.15|387.15
69729,355.0|540.05
69730,476.0|352.25
69731,215.75|577.25
69732,378.5|579.3
69733,409.8|579.0
69734,551.35|257.65
69735,547.75|258.05
69736,295.65|343.3
69737,560.25|438.0
69738,565.85|407.5
69739,456.4|442.1
69740,302.65|368.4
69741,292.6|389.05
69742,270.3|267.3
69743,337.3|224.35
69744,547.05|592.55
69745,242.05|281.2
69746,585.25|375.0
69747,359.3|281.95
69748,553.4|471.85
69749,562.3|314.75
69750,241.95|444.5
69751,383.45|535.9
69752,294.05|373.95
69753,412.05|474.15
69754,399.1|418.95
69755,474.45|378.7
69756,328.45|504.6
69757,411.45|291.05
69758,247.15|290.9
69759,221.25|300.35
69760,356.75|256.05
69761,480.55|487.8
69762,365.9|237.6
69763,262.9|342.1
69764,215.5|247.8
69765,474.0|264.05
69766,459.95|557.95
69767,254.1|235.1
69768,457.5|276.05
69769,540.2|589.55
69770,365.8|522.25
69771,344.9|277.45
69772,577.35|564.35
69773,237.85|538.9
69774,587.45|250.35
69775,523.95|552.6
69776,472.05|286.75
69777,340.2|574.2
69778,473.6|224.0
69779,376.95|519.35
69780,477.6|381.9
69781,568.6|305.95
69782,258.85|435.35
69783,326.6|405.5
69784,226.05|213.05
69785,518.25|529.7
69786,471.35|466.2
69787,473.8|510.35
69788,332.4|523.45
69789,516.7|252.15
69790,391.9|284.0
69791,594.1|423.1
69792,206.65|476.75
69793,448.25|587.35
69794,573.25|397.55
69795,467.75|416.25
69796,468.6|567.65
69797,422.9|316.1
69798,421.15|352.8
69799,477.3|274.45
69800,246.45|226.55
69801,441.85|271.9
69802,593.0|388.3
69803,262.9|367.55
69804,261.45|449.0
69805,538.35|319.55
69806,456.3|515.45
69807,274.1|417.6
69808,524.15|408.85
69809,389.8|573.25
69810,243.7|502.75
69811,207.3|508.6
69812,239.55|339.9
69813,534.6|348.7
69814,433.6|476.4
69815,399.85|259.65
69816,355.4|497.75
69817,242.0|367.8
69818,466.95|511.9
69819,568.55|371.9
69820,575.35|555.05
69821,348.4|327.0
69822,211.55|210.8
69823,462.95|286.4
69824,443.2|210.5
69825,250.1|227.65
69826,357.35|207.15
69827,276.65|421.0
69828,337.65|569.9
69829,241.45|575.65
69830,229.65|584.45
69831,378.9|274.05
69832,577.6|336.15
69833,549.5|437.15
69834,446.75|310.65
69835,528.75|418.2
69836,290.75|536.95
69837,213.2|345.25
69838,431.25|438.95
69839,389.4|378.1
69840,522.75|340.65
69841,395.05|465.6
69842,531.25|307.05
69843,576.35|453.95
69844,280.45|356.0
69845,415.5|263.85
69846,334.55|221.65
69847,420.75|582.6
69848,559.65|464.35
69849,402.25|313.1
69850,370.65|522.05
69851,274.2|562.2
69852,389.2|509.9
69853,312.5|321.5
69854,361.9|415.5
69855,342.8|353.55
69856,221.15|239.05
69857,236.25|348.15
69858,220.95|385.2
69859,588.95|291.25
69860,357.3|233.35
69861,320.2|388.95
69862,268.75|222.15
69863,337.35|416.05
69864,543.45|530.45
69865,459.5|405.35
69866,553.35|404.6
69867,362.55|272.35
69868,249.65|512.3
69869,379.85|583.8
69870,292.2|524.2
69871,281.75|440.1
69872,469.3|319.0
69873,400.1|208.3
69874,430.45|213.6
69875,220.1|505.55
69876,397.85|579.65
69877,441.4|399.4
69878,377.4|571.9
69879,432.55|260.45
69880,447.5|541.95
69881,210.1|589.8
69882,269.65|226.65
69883,567.65|298.15
69884,340.35|382.4
69885,547.35|263.35
69886,432.4|305.85
69887,221.4|308.1
69888,578.2|567.3
69889,494.05|372.55
69890,230.05|233.05
69891,421.75|294.35
69892,567.7|331.1
69893,247.6|489.45
69894,557.35|541.35
69895,411.95|208.85
69896,580.3|325.95
69897,374.05|450.5
69898,524.95|432.35
69899,239.1|573.8
69900,512.25|463.75
69901,560.4|382.4
69902,455.5|485.05
69903,569.5|338.65
69904,243.7|306.85
69905,365.25|425.45
69906,417.15|413.15
69907,286.65|537.2
69908,232.55|434.75
69909,386.85|565.65
69910,385.25|469.2
69911,470.35|225.85
69912,211.0|582.95
69913,381.2|232.2
69914,534.0|518.2
69915,270.4|546.3
69916,330.5|337.6
69917,558.95|283.05
69918,516.75|515.65
69919,543.85|549.75
69920,320.1|346.6
69921,224.35|410.25
69922,534.7|441.1
69923,425.55|350.1
69924,569.75|335.6
69925,491.45|485.5
69926,217.9|415.75
69927,513.0|380.95
69928,236.75|412.6
69929,472.2|347.05
69930,373.05|580.35
69931,515.5|527.55
69932,486.4|333.0
69933,456.8|221.6
69934,552.25|305.95
69935,500.15|511.6
69936,214.4|509.8
69937,396.8|370.45
69938,417.3|476.05
69939,590.4|579.6
69940,589.4|410.9
69941,443.6|336.7
69942,566.4|338.9
69943,386.1|305.1
69944,542.8|572.35
69945,387.8|505.3
69946,382.15|344.55
69947,247.15|272.15
69948,210.5|384.9
69949,336.0|338.55
69950,443.15|512.85
69951,363.35|500.95
69952,401.25|373.15
69953,534.3|370.55
69954,279.15|367.5
69955,374.85|212.55
69956,586.2|481.45
69957,258.0|346.45
69958,237.8|364.0
69959,446.6|505.95
69960,562.85|475.4
69961,474.25|345.2
69962,548.65|489.7
69963,414.6|345.85
69964,579.45|226.5
69965,435.4|219.6
69966,556.65|589.65
69967,351.05|359.55
69968,530.9|289.95
69969,464.4|282.35
69970,552.4|408.85
69971,581.75|576.0
69972,415.7|501.7
69973,583.8|556.75
69974,461.15|455.5
69975,515.6|288.0
69976,323.55|368.5
69977,246.15|369.8
69978,347.2|445.85
69979,476.55|344.05
69980,451.95|322.65
69981,363.15|231.05
69982,221.5|519.95
69983,331.85|341.95
69984,271.35|541.0
69985,450.7|459.35
69986,519.45|517.3
69987,486.0|512.75
69988,251.4|275.8
69989,461.05|316.05
69990,212.95|270.7
69991,473.95|264.4
69992,411.35|440.0
69993,384.7|344.3
69994,467.25|244.75
69995,382.4|243.95
69996,452.9|542.45
69997,222.85|466.1
69998,239.05|562.75
69999,352.6|467.4
70000,376.95|210.05
70001,595.05|550.75
70002,363.85|277.3
70003,550.5|345.75
70004,227.75|541.95
70005,340.85|587.6
70006,221.6|459.05
70007,578.4|541.75
70008,477.4|470.1
70009,223.05|468.65
70010,444.2|506.2
70011,552.85|223.25
70012,250.1|365.2
70013,372.25|245.15
70014,487.75|497.6
70015,410.2|406.95
70016,303.9|386.2
70017,464.9|224.1
70018,336.35|552.7
70019,275.6|358.3
70020,404.65|460.15
70021,424.7|365.1
70022,478.25|533.1
70023,540.4|537.75
70024,340.6|253.95
70025,349.6|556.55
70026,377.1|527.85
70027,562.05|439.35
70028,360.7|234.75
70029,230.85|575.05
70030,414.9|397.1
70031,330.05|354.55
70032,351.2|448.2
70033,540.15|380.1
70034,453.9|493.6
70035,386.45|407.05
70036,469.6|332.0
70037,345.1|376.15
70038,578.65|571.65
70039,254.4|329.35
70040,360.2|235.95
70041,467.2|347.75
70042,468.8|354.25
70043,524.3|287.3
70044,479.15|510.05
70045,208.4|463.55
70046,305.5|343.7
70047,237.95|567.4
70048,421.15|456.1
70049,443.9|455.7
70050,392.95|371.2
70051,277.25|525.8
70052,342.75|409.1
70053,414.35|467.05
70054,442.75|583.25
70055,413.65|437.65
70056,584.0|320.05
70057,480.45|286.55
70058,430.0|375.6
70059,432.2|246.6
70060,555.3|590.45
70061,489.45|510.4
70062,511.15|477.9
70063,278.2|389.55
70064,217.75|310.2
70065,383.55|368.95
70066,518.0|476.8
70067,276.7|538.8
70068,215.7|536.75
70069,285.75|331.15
70070,561.5|593.4
70071,415.5|284.9
70072,463.45|222.1
70073,291.8|538.2
70074,365.6|257.55
70075,521.05|542.8
70076,258.6|556.0
70077,211.05|286.6
70078,507.65|331.25
70079,402.8|257.1
70080,372.9|385.8
70081,391.7|237.25
70082,219.75|393.35
70083,285.6|448.4
70084,215.15|414.9
70085,590.8|510.4
70086,270.45|283.45
70087,354.8|432.35
70088,577.2|480.2
70089,224.05|302.7
70090,538.8|312.5
70091,562.0|341.4
70092,559.0|244.05
70093,396.0|383.05
70094,240.05|247.0
70095,378.8|361.85
70096,409.1|391.6
70097,235.7|437.8
70098,404.35|530.1
70099,590.25|501.7
70100,245.75|566.75
70101,436.9|392.85
70102,471.25|234.35
70103,214.0|584.9
70104,579.75|236.9
70105,538.0|570.2
70106,367.45|259.1
70107,206.9|484.6
70108,566.95|227.1
70109,464.55|382.6
70110,420.55|450.7
70111,271.5|543.4
70112,394.6|234.95
70113,535.55|457.85
70114,594.45|422.5
70115,432.1|496.45
70116,212.4|213.2
70117,336.45|542.5
70118,477.95|530.15
70119,289.55|411.25
70120,372.1|259.75
70121,244.9|567.55
70122,375.4|299.95
70123,310.45|403.95
70124,301.6|381.15
70125,241.6|564.1
70126,553.25|590.45
70127,247.15|209.3
70128,589.15|593.4
70129,400.0|517.0
70130,220.05|219.1
70131,457.2|298.05
70132,349.1|256.6
70133,221.75|416.0
70134,383.55|475.75
70135,307.2|390.95
70136,349.05|208.95
70137,490.6|379.15
70138,344.7|324.4
70139,465.5|241.45
70140,212.35|226.25
70141,367.6|215.25
70142,232.55|538.5
70143,258.25|439.7
70144,546.6|238.5
70145,272.85|228.65
70146,585.6|419.5
70147,279.05|534.55
70148,542.5|262.2
70149,524.7|376.85
70150,428.5|584.7
70151,549.65|583.0
70152,536.6|572.4
70153,420.65|312.35
70154,454.95|507.5
70155,345.9|510.6
70156,270.0|381.45
70157,238.75|588.0
70158,432.2|269.35
70159,295.5|272.15
70160,448.1|298.95
70161,230.9|460.7
70162,387.8|556.65
70163,222.3|490.65
70164,436.8|368.85
70165,382.05|297.55
70166,397.75|561.5
70167,443.35|413.35
70168,250.15|318.7
70169,407.9|555.2
70170,406.75|282.3
70171,416.8|230.65
70172,325.5|426.5
70173,290.75|328.95
70174,422.9|368.9
70175,357.25|222.6
70176,580.8|348.4
70177,316.0|414.6
70178,385.55|584.25
70179,471.65|282.95
70180,271.55|376.85
70181,282.0|548.15
70182,467.3|263.15
70183,585.75|358.95
70184,583.35|491.5
70185,530.05|526.15
70186,590.35|556.2
70187,266.9|590.15
70188,216.85|591.05
70189,562.65|215.8
70190,510.75|501.85
70191,465.55|384.45
70192,485.3|540.65
70193,372.7|253.25
70194,357.3|555.75
70195,488.1|226.15
70196,359.15|556.15
70197,264.0|369.4
70198,573.7|352.5
70199,518.95|429.2
70200,226.4|503.5
70201,380.85|424.4
70202,591.75|277.4
70203,287.35|532.75
70204,543.4|420.4
70205,344.3|260.1
70206,557.75|278.2
70207,363.6|268.5
70208,587.35|352.25
70209,535.35|547.95
70210,479.55|438.5
70211,558.45|318.05
70212,237.2|542.45
70213,428.7|559.75
70214,425.9|556.95
70215,350.5|225.1
70216,566.6|221.25
70217,208.9|315.85
70218,510.85|474.55
70219,554.7|537.5
70220,573.85|321.05
70221,310.35|364.95
70222,229.4|431.65
70223,265.0|417.75
70224,378.15|362.95
70225,258.55|446.5
70226,336.85|580.6
70227,304.85|515.8
70228,338.25|565.25
70229,425.25|211.0
70230,234.35|299.95
70231,343.05|351.8
70232,223.85|271.55
70233,204.15|491.15
70234,421.8|493.35
70235,409.2|472.6
70236,244.5|225.2
70237,394.5|479.55
70238,414.55|364.65
70239,471.3|447.65
70240,541.85|312.35
70241,539.9|546.1
70242,229.25|369.8
70243,467.4|217.75
70244,285.6|470.95
70245,266.75|432.0
70246,387.3|595.5
70247,551.6|334.6
70248,437.5|476.2
70249,587.35|592.25
70250,529.0|424.3
70251,583.0|400.4
70252,562.15|306.5
70253,454.6|435.95
70254,302.1|327.55
70255,293.15|377.95
70256,371.35|513.35
70257,341.75|438.05
70258,241.5|288.6
70259,274.8|397.65
70260,464.15|291.35
70261,553.85|530.4
70262,556.5|296.3
70263,318.8|360.8
70264,381.6|227.9
70265,453.5|564.45
70266,403.85|473.45
70267,361.1|271.9
70268,367.75|573.15
70269,565.15|301.8
70270,208.05|575.6
70271,228.9|433.65
70272,589.3|360.85
70273,391.9|408.15
70274,385.0|373.85
70275,449.7|361.85
70276,204.9|530.9
70277,372.8|561.55
70278,592.2|423.65
70279,397.05|257.4
70280,357.1|300.75
70281,582.7|296.05
70282,577.65|470.3
70283,217.05|296.0
70284,487.75|565.35
70285,555.25|216.75
70286,387.55|508.4
70287,400.0|580.95
70288,391.3|573.3
70289,386.55|471.55
70290,543.8|487.95
70291,322.1|429.0
70292,275.35|571.75
70293,273.3|325.95
70294,219.25|476.3
70295,454.4|351.15
70296,367.3|375.0
70297,420.0|393.9
70298,207.2|561.2
70299,568.3|584.6
70300,538.15|526.6
70301,397.75|460.15
70302,262.8|330.65
70303,435.3|550.15
70304,455.55|560.55
70305,250.65|378.4
70306,447.75|580.7
70307,517.15|462.55
70308,584.9|584.2
70309,456.85|268.0
70310,532.0|567.65
70311,251.4|324.65
70312,369.6|237.05
70313,536.4|370.75
70314,244.6|253.5
70315,325.0|402.35
70316,377.4|281.3
70317,555.2|382.85
70318,530.9|511.85
70319,429.35|215.85
70320,533.5|560.6
70321,422.9|583.25
70322,527.1|359.2
70323,568.65|473.6
70324,285.75|563.65
70325,335.45|388.9
70326,537.0|529.5
70327,223.15|508.6
70328,342.85|318.4
70329,206.45|539.1
70330,573.85|389.5
70331,590.6|368.2
70332,502.8|458.4
70333,220.2|478.3
70334,381.4|583.3
70335,216.7|559.35
70336,353.7|327.15
70337,589.85|553.8
70338,351.9|442.95
70339,357.65|234.15
70340,275.1|362.25
70341,273.6|274.3
70342,398.3|326.4
70343,318.35|441.3
70344,380.6|339.6
70345,210.85|241.65
70346,341.45|437.6
70347,544.05|508.95
70348,234.1|422.8
70349,587.1|273.0
70350,421.8|490.5
70351,224.4|585.25
70352,264.4|425.15
70353,343.65|320.65
70354,471.1|304.4
70355,592.75|591.55
70356,336.95|401.9
70357,531.45|372.05
70358,475.4|490.6
70359,541.2|362.9
70360,459.65|300.8
70361,554.2|329.8
70362,231.9|218.45
70363,574.25|585.1
70364,578.4|505.7
70365,353.6|213.6
70366,379.0|229.65
70367,539.8|346.5
70368,239.85|423.3
70369,577.15|378.75
70370,572.9|472.0
70371,477.0|321.45
70372,235.05|580.65
70373,463.7|380.05
70374,348.65|435.05
70375,351.55|242.25
70376,556.9|352.85
70377,422.55|556.4
70378,224.45|383.95
70379,265.5|419.85
70380,572.6|268.7
70381,232.9|283.95
70382,578.0|455.6
70383,416.05|468.95
70384,561.8|293.65
70385,340.7|261.1
70386,428.5|217.8
70387,363.75|340.25
70388,514.3|345.75
70389,275.35|322.5
70390,344.7|325.25
70391,354.7|338.9
70392,225.2|587.6
70393,383.0|298.05
70394,210.5|584.0
70395,532.45|348.9
70396,253.85|558.85
70397,276.0|584.95
70398,277.8|417.25
70399,284.95|373.6
70400,348.75|589.5
70401,216.75|315.2
70402,243.75|285.3
70403,530.55|432.7
70404,450.05|438.05
70405,209.5|275.7
70406,420.7|498.7
70407,238.15|429.25
70408,221.15|317.75
70409,347.85|246.1
70410,377.1|369.05
70411,217.75|304.05
70412,267.25|558.5
70413,362.2|304.15
70414,289.25|469.55
70415,557.65|251.2
70416,283.05|472.35
70417,572.1|467.35
70418,338.7|415.65
70419,437.85|499.55
70420,251.45|365.4
70421,469.35|524.8
70422,454.05|586.5
70423,438.45|548.75
70424,275.3|575.8
70425,373.75|243.25
70426,259.1|411.85
70427,530.2|280.45
70428,455.8|247.1
70429,410.4|528.8
70430,276.65|366.45
70431,524.7|344.95
70432,482.6|341.6
70433,478.8|328.5
70434,215.1|543.95
70435,468.4|502.9
70436,236.35|433.7
70437,495.1|399.95
70438,452.65|464.85
70439,496.15|347.0
70440,417.75|221.95
70441,281.8|323.5
70442,579.6|285.5
70443,524.85|443.0
70444,223.4|581.85
70445,478.45|468.75
70446,470.25|319.45
70447,289.15|371.55
70448,545.95|511.0
70449,566.75|333.35
70450,226.85|427.85
70451,578.35|241.3
70452,574.45|490.3
70453,530.85|412.65
70454,595.15|281.8
70455,263.1|272.45
70456,383.65|357.0
70457,581.05|527.05
70458,427.85|532.05
70459,370.45|426.05
70460,244.85|225.0
70461,411.25|313.2
70462,245.4|378.5
70463,293.25|446.75
70464,450.7|322.55
70465,223.1|592.15
70466,467.0|276.25
70467,366.2|334.9
70468,523.6|571.35
70469,288.3|477.05
70470,472.1|463.5
70471,557.65|518.35
70472,275.45|340.05
70473,403.8|450.8
70474,265.55|581.3
70475,245.8|309.15
70476,462.7|302.45
70477,266.1|268.15
70478,341.9|560.15
70479,594.55|474.5
70480,353.35|570.45
70481,426.15|351.45
70482,477.75|480.5
70483,439.0|301.0
70484,486.25|484.35
70485,278.5|503.75
70486,274.05|291.9
70487,247.9|306.95
70488,353.75|236.0
70489,231.15|583.05
70490,477.0|521.55
70491,549.5|264.3
70492,502.05|315.1
70493,312.4|347.4
70494,420.95|379.4
70495,473.2|324.15
70496,585.85|454.85
70497,411.35|295.95
70498,233.4|353.15
70499,258.55|353.25
70500,272.0|335.3
70501,542.45|564.5
70502,418.95|387.0
70503,285.4|318.35
70504,316.05|578.5
70505,571.95|442.65
70506,392.35|496.55
70507,461.05|249.75
70508,465.05|384.15
70509,238.9|379.5
70510,278.0|387.4
70511,534.5|439.75
70512,561.9|228.45
70513,430.2|580.95
70514,382.15|221.35
70515,209.35|405.25
70516,595.95|570.65
70517,453.3|333.65
70518,513.95|336.5
70519,427.7|593.2
70520,374.2|422.95
70521,568.45|302.95
70522,454.35|230.8
70523,205.15|458.4
70524,294.1|359.1
70525,391.15|249.75
70526,410.4|266.5
70527,409.35|388.7
70528,234.4|565.25
70529,533.25|448.35
70530,296.4|427.55
70531,383.25|254.05
70532,337.8|535.8
70533,415.05|392.8
70534,374.3|379.7
70535,379.1|589.65
70536,281.6|353.25
70537,463.85|363.95
70538,218.1|343.6
70539,350.3|320.5
70540,589.35|370.2
70541,253.9|341.75
70542,270.65|270.35
70543,209.85|500.65
70544,457.0|591.9
70545,439.05|438.65
70546,571.55|410.5
70547,586.15|226.35
70548,291.55|316.15
70549,468.8|470.85
70550,251.8|209.8
70551,285.25|377.2
70552,580.0|542.95
70553,430.15|406.25
70554,273.75|585.55
70555,515.0|506.2
70556,219.1|309.95
70557,238.15|292.55
70558,538.15|420.1
70559,406.15|246.85
70560,390.7|300.15
70561,265.4|228.2
70562,205.55|486.7
70563,273.3|483.95
70564,348.45|517.4
70565,392.1|573.8
70566,562.55|365.8
70567,539.75|241.1
70568,322.45|563.8
70569,531.55|317.45
70570,344.6|513.0
70571,252.05|491.8
70572,442.25|529.1
70573,471.75|347.15
70574,260.35|347.75
70575,365.05|407.8
70576,587.6|213.95
70577,581.25|391.3
70578,258.6|411.2
70579,364.15|571.8
70580,583.1|248.9
70581,473.1|237.2
70582,267.15|328.45
70583,391.5|523.2
70584,531.3|444.65
70585,433.3|359.95
70586,590.1|557.55
70587,431.85|563.8
70588,401.25|366.0
70589,353.7|447.2
70590,589.25|486.95
70591,347.7|473.55
70592,405.0|497.9
70593,314.5|359.0
70594,225.5|409.8
70595,375.75|293.4
70596,573.55|391.9
70597,234.3|586.4
70598,508.45|345.1
70599,398.6|387.35
70600,518.75|425.15
70601,417.95|486.35
70602,296.1|326.35
70603,256.85|590.45
70604,349.7|456.2
70605,431.65|305.05
70606,474.5|482.0
70607,474.6|510.0
70608,443.1|441.25
70609,356.2|309.8
70610,322.5|235.4
70611,590.4|558.45
70612,447.4|238.3
70613,382.5|560.35
70614,375.95|417.75
70615,498.85|505.1
70616,572.6|454.55
70617,261.8|300.1
70618,346.25|447.45
70619,582.4|364.2
70620,479.5|485.6
70621,239.25|367.9
70622,454.25|588.2
70623,551.15|590.85
70624,542.3|349.8
70625,371.6|486.75
70626,346.7|222.6
70627,559.85|560.25
70628,417.95|292.7
70629,233.3|498.65
70630,432.9|215.25
70631,325.15|560.1
70632,524.25|342.55
70633,527.65|361.8
70634,459.2|233.2
70635,296.75|331.25
70636,342.25|500.15
70637,442.0|271.85
70638,258.1|511.0
70639,283.05|270.4
70640,370.95|594.25
70641,502.7|306.1
70642,433.2|535.3
70643,215.5|500.75
70644,371.8|208.25
70645,262.55|260.25
70646,291.5|439.95
70647,269.05|231.9
70648,463.3|532.0
70649,566.45|522.0
70650,375.25|332.0
70651,387.5|294.55
70652,453.05|340.4
70653,294.3|321.25
70654,393.6|294.8
70655,275.35|442.1
70656,379.6|447.45
70657,455.75|307.0
70658,284.5|383.8
70659,328.8|515.45
70660,517.95|260.25
70661,549.3|324.05
70662,459.35|475.3
70663,216.2|516.9
70664,221.25|470.65
70665,564.8|251.15
70666,222.4|461.75
70667,510.85|451.6
70668,439.5|451.0
70669,206.0|477.65
70670,465.95|238.45
70671,462.85|358.35
70672,562.9|475.4
70673,366.15|499.2
70674,582.45|327.6
70675,337.2|250.35
70676,340.05|264.35
70677,307.3|417.1
70678,256.8|215.15
70679,406.5|590.85
70680,431.35|486.1
70681,324.8|352.95
70682,471.25|523.8
70683,321.95|412.5
70684,205.95|480.4
70685,374.55|241.6
70686,429.7|557.2
70687,380.4|261.5
70688,358.1|217.7
70689,223.3|579.7
70690,420.5|212.15
70691,249.25|467.8
70692,323.8|511.1
70693,336.35|326.9
70694,228.75|582.0
70695,557.8|295.35
70696,432.95|432.35
70697,520.1|431.1
70698,337.6|255.05
70699,521.25|496.3
70700,278.3|510.3
70701,391.3|551.85
70702,225.0|333.05
70703,337.85|403.4
70704,561.95|592.7
70705,240.55|402.0
70706,214.9|390.6
70707,236.25|313.0
70708,529.9|442.9
70709,471.7|238.45
70710,228.55|408.9
70711,589.1|390.05
70712,559.75|569.85
70713,241.45|235.6
70714,260.4|589.65
70715,220.0|213.0
70716,581.1|210.05
70717,582.95|393.05
70718,277.3|506.25
70719,351.5|239.65
70720,424.3|580.65
70721,276.45|584.0
70722,296.1|491.2
70723,207.3|523.6
70724,354.7|333.55
70725,216.4|578.45
70726,589.1|560.1
70727,431.5|593.1
70728,590.45|487.5
70729,475.0|503.35
70730,589.4|484.75
70731,449.55|553.05
70732,419.6|476.2
70733,445.6|541.35
70734,219.35|254.05
70735,453.45|530.0
70736,258.95|385.0
70737,353.65|233.6
70738,348.7|232.4
70739,247.15|441.1
70740,448.8|416.1
70741,459.75|527.85
70742,235.6|393.95
70743,284.75|526.2
70744,445.95|334.5
70745,257.95|317.4
70746,346.6|505.7
70747,205.95|472.25
70748,349.7|324.25
70749,389.55|574.55
70750,591.75|357.2
70751,481.85|348.55
70752,353.9|475.95
70753,378.7|562.65
70754,532.25|553.8
70755,583.75|533.5
70756,336.25|219.7
70757,578.45|435.0
70758,477.65|477.6
70759,444.25|226.85
70760,279.6|287.3
70761,556.75|332.25
70762,207.75|520.35
70763,235.1|588.05
70764,437.95|511.25
70765,224.85|413.65
70766,364.55|428.6
70767,361.45|240.2
70768,592.05|426.9
70769,349.2|572.1
70770,394.2|594.9
70771,370.5|395.15
70772,594.2|355.0
70773,483.95|335.75
70774,490.15|403.7
70775,294.7|555.9
70776,344.75|284.35
70777,379.95|282.7
70778,545.5|440.95
70779,222.8|472.85
70780,382.6|485.75
70781,440.35|441.4
70782,222.8|269.25
70783,264.05|226.8
70784,426.05|371.35
70785,460.55|522.3
70786,300.9|573.8
70787,449.6|429.1
70788,294.55|480.35
70789,230.1|488.55
70790,502.7|353.4
70791,448.0|512.4
70792,465.55|297.1
70793,364.7|285.1
70794,477.05|210.5
70795,250.05|425.25
70796,576.8|509.55
70797,513.75|524.15
70798,395.15|295.05
70799,558.75|478.65
70800,524.65|472.15
70801,592.8|509.9
70802,461.4|431.65
70803,535.45|583.65
70804,566.95|286.4
70805,586.95|213.45
70806,565.85|519.25
70807,433.05|594.65
70808,464.6|310.05
70809,244.5|436.3
70810,437.5|239.65
70811,249.1|233.45
70812,374.25|240.05
70813,427.7|440.65
70814,580.3|330.35
70815,532.05|547.85
70816,389.35|490.15
70817,583.25|524.3
70818,370.65|442.05
70819,477.4|268.1
70820,550.9|439.7
70821,364.95|256.05
70822,340.0|370.5
70823,360.4|411.2
70824,386.45|242.65
70825,455.55|452.6
70826,545.45|509.95
70827,392.5|563.4
70828,290.65|404.3
70829,231.35|408.1
70830,526.0|356.5
70831,356.25|214.95
70832,292.15|350.95
70833,454.0|589.05
70834,470.9|462.1
70835,338.6|510.6
70836,268.1|586.95
70837,251.05|506.15
70838,543.2|322.5
70839,461.0|392.75
70840,571.15|541.0
70841,259.15|539.25
70842,352.45|282.45
70843,243.1|240.15
70844,343.85|435.7
70845,580.75|295.0
70846,582.5|479.15
70847,403.8|506.1
70848,401.2|488.3
70849,296.35|525.65
70850,398.6|589.6
70851,284.5|479.6
70852,213.1|566.25
70853,445.95|591.5
70854,365.65|411.7
70855,262.3|292.55
70856,394.7|501.85
70857,394.75|569.2
70858,225.35|410.85
70859,361.5|336.95
70860,208.6|421.45
70861,430.3|584.75
70862,527.0|465.95
70863,383.35|354.75
70864,441.35|482.35
70865,258.3|272.3
70866,227.15|512.95
70867,279.05|365.8
70868,551.2|301.7
70869,291.7|422.2
70870,368.95|557.7
70871,477.95|467.7
70872,359.2|284.7
70873,319.65|501.15
70874,236.95|300.25
70875,366.25|235.5
70876,362.65|261.65
70877,530.75|280.65
70878,338.65|258.95
70879,466.65|220.4
70880,247.65|244.05
70881,454.1|574.9
70882,380.3|591.7
70883,296.85|400.05
70884,448.65|393.65
70885,524.6|538.65
70886,482.4|528.6
70887,279.95|563.75
70888,211.55|336.25
70889,584.65|503.05
70890,261.65|340.55
70891,478.9|216.95
70892,591.05|586.45
70893,438.85|442.6
70894,330.35|338.25
70895,341.85|447.55
70896,467.25|450.2
70897,216.65|304.7
70898,585.6|538.65
70899,412.55|422.75
70900,538.8|502.2
70901,338.35|531.4
70902,277.75|483.35
70903,581.0|471.85
70904,570.55|372.4
70905,224.15|498.6
70906,539.8|249.45
70907,345.15|408.5
70908,530.45|289.9
70909,264.0|388.4
70910,572.65|579.7
70911,380.45|588.45
70912,292.75|424.25
70913,454.6|586.3
70914,433.1|548.0
70915,524.8|417.9
70916,590.7|425.75
70917,239.4|262.1
70918,465.05|510.7
70919,437.35|417.9
70920,410.95|220.95
70921,299.85|335.4
70922,527.15|530.25
70923,558.1|238.0
70924,210.45|476.5
70925,452.65|396.0
70926,344.0|214.75
70927,478.5|459.95
70928,460.65|415.1
70929,407.1|537.1
70930,360.75|463.0
70931,221.1|325.75
70932,229.3|520.05
70933,415.25|231.7
70934,516.2|514.1
70935,495.95|352.1
70936,425.2|485.95
70937,272.3|236.65
70938,339.9|401.3
70939,215.85|473.65
70940,245.1|241.1
70941,471.85|532.25
70942,327.85|435.2
70943,377.55|285.55
70944,570.6|347.45
70945,485.6|326.1
70946,587.35|560.7
70947,453.9|472.25
70948,414.3|394.8
70949,572.75|539.95
70950,581.1|217.35
70951,302.1|569.15
70952,386.0|422.05
70953,253.8|413.25
70954,251.1|392.7
70955,479.5|491.35
70956,375.6|245.3
70957,375.6|490.5
70958,260.75|237.3
70959,264.5|262.2
70960,524.75|373.05
70961,589.95|488.0
70962,370.0|367.4
70963,313.0|388.0
70964,410.7|228.9
70965,436.75|520.15
70966,397.0|293.4
70967,207.6|228.85
70968,265.35|543.5
70969,459.6|454.85
70970,580.9|457.25
70971,219.15|472.9
70972,257.85|267.7
70973,581.35|447.05
70974,211.9|227.65
70975,294.35|449.55
70976,285.75|532.65
70977,278.5|396.9
70978,567.15|447.1
70979,569.05|472.0
70980,458.3|564.45
70981,231.6|576.25
70982,457.6|219.8
70983,373.0|576.7
70984,395.6|595.7
70985,458.55|501.7
70986,245.15|358.7
70987,234.8|495.95
70988,253.8|282.55
70989,216.95|227.45
70990,277.35|470.15
70991,259.65|264.35
70992,378.9|571.85
70993,560.65|309.25
70994,354.05|340.9
70995,284.1|467.15
70996,254.0|374.35
70997,570.1|497.75
70998,591.35|381.65
70999,442.5|491.85
71000,377.05|221.75
71001,273.3|265.9
71002,572.15|562.9
71003,233.1|227.5
71004,293.2|561.6
71005,299.85|336.85
71006,519.4|486.9
71007,212.3|587.85
71008,427.05|242.25
71009,562.2|536.8
71010,546.8|455.75
71011,378.9|259.6
71012,532.1|583.0
71013,291.75|579.7
71014,449.35|266.15
71015,543.0|434.55
71016,217.85|432.75
71017,426.2|372.4
71018,382.6|232.85
71019,471.05|232.0
71020,588.05|346.65
71021,290.25|375.7
71022,220.7|520.4
71023,435.4|349.35
71024,362.0|334.35
71025,237.75|559.9
71026,393.3|264.15
71027,213.35|298.5
71028,473.05|431.2
71029,351.05|458.2
71030,544.6|323.25
71031,456.85|578.8
71032,257.8|254.35
71033,283.8|584.55
71034,564.15|272.65
71035,542.7|337.65
71036,257.95|295.3
71037,367.3|348.15
71038,210.9|491.45
71039,353.0|262.15
71040,388.2|264.95
71041,581.7|406.45
71042,440.85|350.6
71043,235.45|587.1
71044,340.95|422.65
71045,252.0|279.55
71046,215.6|584.85
71047,361.3|508.0
71048,229.3|232.05
71049,442.85|427.55
71050,248.05|337.95
71051,234.35|481.5
71052,233.85|313.35
71053,235.3|486.7
71054,248.85|591.25
71055,301.7|392.75
71056,398.15|390.65
71057,246.85|443.2
71058,382.3|233.9
71059,557.95|570.0
71060,397.35|577.2
71061,443.5|547.7
71062,556.05|449.1
71063,536.0|540.4
71064,388.5|580.45
71065,404.2|498.95
71066,401.15|591.15
71067,370.7|452.75
71068,230.9|389.0
71069,441.15|278.0
71070,578.65|537.9
71071,350.05|301.75
71072,441.2|577.15
71073,234.0|400.75
71074,544.95|476.25
71075,430.4|577.15
71076,396.25|427.2
71077,466.45|307.7
71078,546.2|275.15
71079,422.6|252.0
71080,267.8|578.55
71081,531.4|443.4
71082,421.85|554.45
71083,456.2|361.35
71084,456.9|559.15
71085,252.9|548.55
71086,360.95|580.9
71087,496.45|465.9
71088,205.0|467.3
71089,243.35|233.3
71090,560.2|449.45
71091,372.45|322.85
71092,259.15|552.0
71093,235.45|517.25
71094,593.3|492.25
71095,286.2|588.2
71096,348.15|553.65
71097,359.25|263.3
71098,581.6|497.15
71099,556.5|574.7
71100,530.5|546.25
71101,468.25|512.65
71102,540.85|309.95
71103,325.55|507.1
71104,469.5|324.15
71105,492.3|492.45
71106,256.65|281.15
71107,524.4|545.6
71108,396.95|506.6
71109,409.9|539.8
71110,354.05|432.15
71111,592.55|244.45
71112,408.3|578.55
71113,257.75|569.1
71114,551.6|371.45
71115,426.0|208.6
71116,428.7|528.4
71117,433.3|314.45
71118,411.85|373.15
71119,205.3|499.4
71120,508.9|445.65
71121,471.9|338.05
71122,260.95|276.5
71123,512.95|568.9
71124,334.85|323.3
71125,591.4|294.5
71126,240.75|231.9
71127,569.95|580.2
71128,408.05|449.55
71129,243.25|445.35
71130,385.95|444.65
71131,378.9|256.9
71132,583.35|569.05
71133,263.7|591.6
71134,214.5|578.35
71135,416.7|279.65
71136,361.5|333.5
71137,445.3|245.15
71138,439.4|302.2
71139,515.5|481.25
71140,552.7|222.8
71141,381.2|276.9
71142,223.6|385.0
71143,430.25|272.85
71144,236.35|323.4
71145,561.05|578.35
71146,357.5|452.45
71147,468.15|435.9
71148,482.9|310.85
71149,331.75|450.85
71150,567.35|576.0
71151,374.3|267.05
71152,415.4|459.5
71153,454.35|586.2
71154,456.9|262.05
71155,207.8|315.45
71156,415.5|502.4
71157,434.55|435.5
71158,523.55|433.25
71159,221.75|557.95
71160,234.7|358.05
71161,477.8|227.45
71162,209.3|522.65
71163,540.1|520.05
71164,267.15|211.95
71165,542.25|491.0
71166,406.75|339.15
71167,402.45|457.45
71168,251.9|294.2
71169,585.85|467.85
71170,565.5|339.8
71171,564.5|248.25
71172,263.9|278.0
71173,589.6|548.3
71174,228.4|273.5
71175,349.7|373.8
71176,357.45|369.35
71177,452.45|316.75
71178,458.1|253.05
71179,411.85|437.35
71180,335.05|525.6
71181,281.85|378.55
71182,411.35|564.8
71183,229.5|525.25
71184,455.2|586.65
71185,350.1|214.3
71186,339.95|229.15
71187,328.75|437.8
71188,428.75|486.9
71189,570.95|472.75
71190,417.25|269.85
71191,567.8|364.05
71192,256.95|528.15
71193,459.6|352.85
71194,594.8|378.15
71195,591.35|562.5
71196,245.55|358.1
71197,558.8|526.8
71198,369.75|361.95
71199,541.0|236.1
71200,360.1|448.35
71201,584.0|519.25
71202,584.35|247.6
71203,365.8|230.55
71204,217.0|480.05
71205,402.15|370.7
71206,227.05|474.3
71207,565.85|281.3
71208,583.75|351.7
71209,255.35|548.75
71210,442.15|348.35
71211,255.45|226.55
71212,528.45|482.15
71213,213.0|242.0
71214,529.9|543.0
71215,290.25|269.4
71216,267.4|410.4
71217,435.3|460.6
71218,207.55|452.25
71219,274.95|452.6
71220,396.4|458.55
71221,283.35|536.6
71222,282.8|450.0
71223,502.75|508.15
71224,576.5|322.5
71225,398.55|465.7
71226,560.0|586.1
71227,447.1|319.35
71228,569.5|502.25
71229,236.9|302.15
71230,436.7|588.65
71231,479.45|482.5
71232,362.4|440.6
71233,273.4|264.05
71234,321.3|553.1
71235,346.8|257.65
71236,393.7|363.6
71237,583.65|316.65
71238,217.8|350.65
71239,453.6|308.65
71240,460.1|554.55
71241,243.8|436.4
71242,373.5|268.05
71243,466.0|444.7
71244,530.9|401.7
71245,475.2|515.3
71246,258.4|238.45
71247,262.9|314.55
71248,427.3|503.4
71249,259.4|255.65
71250,235.15|526.7
71251,278.85|372.95
71252,401.7|311.05
71253,545.25|256.5
71254,349.15|257.95
71255,541.25|274.45
71256,216.9|240.1
71257,518.05|493.4
71258,364.0|584.05
71259,279.35|224.25
71260,466.2|447.5
71261,260.65|428.05
71262,507.5|482.2
71263,369.65|546.35
71264,261.85|338.4
71265,234.9|389.15
71266,414.1|240.95
71267,323.3|595.15
71268,382.95|457.65
71269,268.25|500.65
71270,457.35|526.45
71271,523.6|496.65
71272,516.4|465.6
71273,446.0|459.75
71274,591.35|429.35
71275,464.95|296.95
71276,468.4|490.6
71277,561.3|437.5
71278,541.7|329.2
71279,372.1|493.4
71280,347.35|230.55
71281,485.15|307.45
71282,431.2|239.55
71283,391.45|566.9
71284,273.25|430.75
71285,216.4|230.2
71286,397.95|583.0
71287,569.3|340.5
71288,593.25|223.55
71289,226.2|406.35
71290,268.7|225.0
71291,555.3|449.55
71292,224.45|524.0
71293,369.75|221.0
71294,235.65|312.0
71295,465.7|455.4
71296,365.95|415.8
71297,251.5|573.55
71298,451.6|492.1
71299,404.15|583.5
71300,580.0|583.2
71301,555.85|588.05
71302,426.2|490.6
71303,552.6|285.4
71304,366.05|217.45
71305,274.3|273.8
71306,554.75|516.25
71307,354.0|553.15
71308,401.65|373.05
71309,292.35|347.05
71310,210.5|380.35
71311,456.0|452.9
71312,259.55|579.05
71313,463.2|467.05
71314,284.15|539.65
71315,269.8|248.05
71316,395.95|368.45
71317,223.35|316.6
71318,293.85|432.45
71319,424.7|246.7
71320,468.2|521.45
71321,220.3|294.25
71322,236.7|558.75
71323,246.35|428.45
71324,347.3|267.8
71325,392.15|489.95
71326,567.0|437.85
71327,577.05|443.2
71328,472.4|337.95
71329,229.7|323.75
71330,370.6|437.3
71331,438.35|443.3
71332,475.8|292.85
71333,403.9|513.05
71334,400.5|592.5
71335,529.6|298.15
71336,348.55|552.8
71337,457.75|333.35
71338,441.65|424.85
71339,467.95|237.7
71340,588.1|562.0
71341,558.6|476.3
71342,547.1|543.7
71343,556.5|340.7
71344,589.2|576.6
71345,226.05|249.85
71346,516.8|495.75
71347,324.9|365.9
71348,332.5|464.15
71349,561.75|412.5
71350,541.6|448.8
71351,583.3|360.95
71352,291.75|378.35
71353,227.65|269.5
71354,448.95|506.3
71355,401.35|328.15
71356,449.9|226.8
71357,229.1|266.15
71358,570.8|350.55
71359,475.8|548.35
71360,470.95|261.45
71361,587.45|429.0
71362,574.9|288.65
71363,203.55|510.4
71364,411.2|213.9
71365,452.0|312.3
71366,386.9|239.95
71367,470.5|334.45
71368,270.75|442.7
71369,375.9|352.6
71370,265.65|364.75
71371,558.8|305.35
71372,509.35|467.85
71373,480.65|296.25
71374,244.0|425.05
71375,247.5|212.95
71376,266.2|458.6
71377,378.9|232.4
71378,233.05|327.0
71379,524.2|366.95
71380,358.6|219.55
71381,542.65|284.2
71382,286.05|555.15
71383,218.1|494.7
71384,591.1|413.6
71385,504.45|270.75
71386,507.6|534.45
71387,342.65|507.35
71388,470.9|257.9
71389,569.65|409.75
71390,562.6|366.1
71391,343.7|337.7
71392,254.65|440.7
71393,584.2|588.2
71394,463.7|350.05
71395,224.9|518.1
71396,355.8|376.8
71397,483.55|315.7
71398,470.05|480.6
71399,449.45|475.75
71400,469.15|356.55
71401,370.25|429.7
71402,539.65|352.85
71403,325.35|323.6
71404,583.6|568.9
71405,481.4|361.55
71406,361.25|338.8
71407,339.75|233.7
71408,459.15|354.5
71409,365.0|381.5
71410,295.9|322.2
71411,407.7|551.35
71412,398.5|514.4
71413,470.65|323.9
71414,271.4|500.25
71415,458.25|471.4
71416,405.65|543.35
71417,397.6|311.35
71418,302.5|427.95
71419,448.8|579.8
71420,526.3|538.5
71421,267.1|556.3
71422,363.15|534.8
71423,345.45|271.8
71424,381.65|269.65
71425,365.45|289.25
71426,535.8|504.75
71427,346.4|269.85
71428,312.5|559.1
71429,461.45|324.25
71430,442.2|232.3
71431,268.55|433.25
71432,334.9|470.6
71433,423.25|569.65
71434,494.95|483.1
71435,262.05|280.8
71436,470.15|344.3
71437,393.65|521.25
71438,400.25|508.1
71439,469.35|272.25
71440,588.15|210.65
71441,311.35|415.05
71442,561.95|593.3
71443,399.2|257.7
71444,580.5|445.8
71445,208.0|320.15
71446,426.5|530.0
71447,550.6|588.4
71448,235.95|342.4
71449,292.45|460.65
71450,581.2|590.15
71451,419.1|271.0
71452,389.85|220.25
71453,364.65|365.3
71454,272.05|440.7
71455,282.35|398.5
71456,363.6|450.2
71457,541.25|459.1
71458,400.4|592.15
71459,411.75|252.55
71460,235.65|585.3
71461,402.7|523.5
71462,285.2|549.35
71463,461.05|436.5
71464,212.15|394.25
71465,406.6|218.65
71466,545.8|288.55
71467,356.0|353.7
71468,221.75|519.8
71469,454.65|451.8
71470,457.05|582.75
71471,431.1|512.85
71472,408.05|214.45
71473,255.6|570.85
71474,361.95|322.15
71475,392.95|297.55
71476,277.75|354.95
71477,264.0|260.3
71478,550.55|287.75
71479,370.75|463.0
71480,247.0|561.75
71481,556.1|249.7
71482,291.75|388.8
71483,216.1|302.95
71484,225.95|474.9
71485,577.95|362.0
71486,426.35|333.5
71487,540.8|546.25
71488,462.45|253.35
71489,403.45|246.25
71490,211.65|405.7
71491,427.8|366.1
71492,298.1|381.95
71493,326.1|449.85
71494,371.8|229.3
71495,586.5|401.1
71496,352.3|514.6
71497,403.7|505.85
71498,209.55|463.05
71499,344.15|216.1
71500,381.05|495.4
71501,263.45|587.6
71502,580.5|237.05
71503,448.25|368.15
71504,456.1|544.2
71505,584.5|417.4
71506,335.0|267.1
71507,410.85|284.45
71508,319.75|405.1
71509,357.8|230.15
71510,474.25|341.95
71511,226.3|421.8
71512,547.65|237.85
71513,497.85|504.65
71514,393.6|459.7
71515,417.85|564.9
71516,472.9|251.95
71517,310.8|312.15
71518,447.45|514.6
71519,553.65|531.05
71520,463.9|237.75
71521,247.5|213.25
71522,460.4|267.1
71523,572.35|464.4
71524,513.45|510.7
71525,298.05|551.25
71526,404.85|472.8
71527,519.15|422.55
71528,211.6|217.6
71529,403.9|432.6
71530,487.45|374.3
71531,285.15|414.65
71532,412.25|572.5
71533,331.65|516.75
71534,234.15|374.05
71535,285.9|479.0
71536,217.9|335.7
71537,292.75|464.6
71538,535.9|532.95
71539,394.45|545.05
71540,410.7|563.15
71541,210.85|582.55
71542,393.7|492.7
71543,249.8|482.1
71544,221.65|350.2
71545,374.25|421.75
71546,370.7|594.9
71547,413.7|547.25
71548,587.75|379.3
71549,580.1|354.25
71550,573.7|248.75
71551,575.3|386.65
71552,592.0|308.7
71553,581.2|222.4
71554,382.85|475.4
71555,302.6|301.75
71556,352.05|452.25
71557,446.1|361.75
71558,511.55|349.05
71559,345.9|412.7
71560,291.45|355.5
71561,592.1|428.95
71562,544.2|350.4
71563,502.85|427.6
71564,550.1|563.05
71565,352.65|285.55
71566,541.75|257.65
71567,565.95|455.4
71568,532.9|531.6
71569,583.3|475.7
71570,267.4|311.1
71571,591.6|467.8
71572,464.85|438.95
71573,208.75|434.1
71574,301.1|349.25
71575,216.2|430.95
71576,302.6|529.65
71577,271.25|340.75
71578,550.65|232.15
71579,567.75|589.85
71580,267.2|279.15
71581,409.85|228.45
71582,385.2|578.7
71583,492.4|328.25
71584,365.7|269.85
71585,249.55|306.5
71586,537.25|541.6
71587,343.15|517.6
71588,359.65|334.55
71589,442.15|392.5
71590,541.3|265.5
71591,329.6|364.1
71592,539.25|454.75
71593,440.95|308.65
71594,336.5|533.0
71595,335.7|583.75
71596,352.45|449.2
71597,223.75|523.95
71598,587.0|269.45
71599,468.7|525.65
71600,524.0|335.05
71601,573.5|369.6
71602,524.45|451.75
71603,468.15|281.85
71604,246.55|346.95
71605,414.0|528.15
71606,221.25|384.8
71607,240.2|392.45
71608,379.2|320.55
71609,393.55|454.1
71610,265.05|277.5
71611,377.85|488.3
71612,482.85|256.2
71613,412.6|299.1
71614,277.5|281.45
71615,318.65|338.05
71616,266.5|409.95
71617,579.5|270.0
71618,573.45|538.8
71619,427.5|511.05
71620,470.55|228.1
71621,587.65|435.3
71622,361.1|480.95
71623,321.6|354.4
71624,216.05|508.0
71625,471.15|472.65
71626,586.7|366.95
71627,440.25|590.7
71628,539.05|514.1
71629,343.3|413.65
71630,593.2|282.7
71631,533.35|231.7
71632,577.45|563.55
71633,395.95|592.05
71634,292.4|382.0
71635,412.15|268.35
71636,492.95|478.0
71637,442.7|442.5
71638,572.75|556.8
71639,458.4|501.2
71640,363.3|564.7
71641,403.2|496.1
71642,268.0|337.05
71643,586.45|272.0
71644,213.65|231.4
71645,250.05|376.05
71646,256.6|445.65
71647,344.95|225.95
71648,345.4|335.55
71649,552.9|519.35
71650,590.75|560.45
71651,415.25|447.65
71652,245.55|406.6
71653,411.45|540.65
71654,230.9|249.5
71655,476.25|454.25
71656,276.35|567.25
71657,249.5|583.0
71658,503.8|227.55
71659,365.9|407.85
71660,439.05|574.65
71661,460.45|362.5
71662,224.65|342.7
71663,212.85|327.95
71664,425.85|352.2
71665,255.25|413.7
71666,508.75|416.05
71667,224.75|236.2
71668,564.95|523.95
71669,399.6|387.25
71670,401.25|459.1
71671,287.6|522.15
71672,223.15|493.55
71673,243.6|281.4
71674,589.25|357.1
71675,398.95|477.45
71676,357.3|499.7
71677,566.95|393.0
71678,553.55|287.1
71679,276.4|577.8
71680,210.75|235.7
71681,226.0|488.05
71682,534.0|297.05
71683,288.4|451.7
71684,210.55|569.95
71685,210.7|374.55
71686,559.5|337.4
71687,589.5|584.8
71688,349.05|249.5
71689,227.85|525.25
71690,371.75|444.15
71691,562.65|568.4
71692,396.2|265.6
71693,262.85|285.8
71694,255.8|462.15
71695,283.55|436.5
71696,346.75|268.6
71697,215.45|508.95
71698,549.05|270.2
71699,231.75|583.3
71700,362.2|592.1
71701,281.7|389.5
71702,522.8|436.35
71703,489.55|286.95
71704,588.9|407.05
71705,383.7|314.0
71706,578.2|319.2
71707,270.25|360.5
71708,356.25|594.05
71709,417.4|293.8
71710,442.7|390.25
71711,550.85|463.95
71712,340.05|387.85
71713,514.5|470.0
71714,591.6|365.65
71715,324.55|551.15
71716,369.2|248.25
71717,229.5|549.65
71718,526.75|339.7
71719,587.45|561.8
71720,557.55|592.85
71721,422.35|307.7
71722,567.95|225.8
71723,565.75|219.75
71724,457.1|428.85
71725,554.1|589.5
71726,519.8|495.2
71727,347.0|457.1
71728,210.8|312.05
71729,294.4|406.7
71730,232.95|217.45
71731,405.1|552.85
71732,579.0|430.25
71733,547.25|589.55
71734,573.45|490.2
71735,590.0|564.25
71736,482.8|474.4
71737,390.35|221.1
71738,445.15|458.55
71739,239.25|422.3
71740,539.25|520.25
71741,438.1|450.85
71742,388.95|584.7
71743,209.95|562.8
71744,569.4|216.6
71745,592.25|306.65
71746,246.6|579.2
71747,584.05|564.15
71748,277.0|289.25
71749,458.25|409.3
71750,544.4|368.3
71751,396.3|573.95
71752,345.95|266.0
71753,433.95|413.45
71754,475.55|294.35
71755,375.5|291.25
71756,277.2|560.9
71757,443.7|528.85
71758,463.45|419.4
71759,583.7|488.1
71760,513.25|405.75
71761,334.95|389.1
71762,303.65|393.6
71763,586.2|418.7
71764,244.15|335.35
71765,368.15|270.6
71766,291.0|320.35
71767,221.1|586.8
71768,349.5|274.7
71769,353.35|409.45
71770,441.1|521.9
71771,542.45|585.25
71772,282.0|357.65
71773,310.2|356.35
71774,251.4|266.6
71775,208.25|538.55
71776,240.75|500.85
71777,369.4|381.7
71778,212.45|335.4
71779,263.5|292.2
71780,268.0|272.15
71781,390.4|570.5
71782,283.3|403.85
71783,524.55|531.3
71784,583.8|228.5
71785,445.9|320.5
71786,392.85|490.4
71787,582.95|447.6
71788,434.15|531.75
71789,591.6|365.35
71790,414.2|582.05
71791,437.45|254.15
71792,275.3|322.3
71793,414.25|433.55
71794,207.15|453.2
71795,248.8|361.1
71796,268.8|585.0
71797,372.2|563.75
71798,435.9|315.7
71799,403.65|470.7
71800,294.05|572.55
71801,548.25|566.85
71802,548.3|353.25
71803,581.8|401.35
71804,543.2|573.8
71805,396.55|559.9
71806,405.65|308.15
71807,407.05|331.35
71808,265.95|562.45
71809,412.4|293.7
71810,236.45|479.25
71811,243.55|243.1
71812,371.6|207.75
71813,317.4|321.0
71814,265.15|384.15
71815,521.3|423.4
71816,523.5|337.35
71817,329.25|327.95
71818,540.4|496.5
71819,588.7|504.4
71820,322.65|401.9
71821,413.65|480.9
71822,475.85|505.25
71823,570.0|345.7
71824,418.4|560.55
71825,576.0|402.35
71826,581.1|352.05
71827,223.6|523.55
71828,356.95|254.7
71829,428.5|302.55
71830,474.35|581.6
71831,356.75|503.9
71832,511.25|522.9
71833,254.95|580.1
71834,226.1|384.8
71835,494.55|289.95
71836,518.35|370.0
71837,280.95|379.05
71838,420.1|407.6
71839,352.5|548.45
71840,570.45|568.2
71841,397.2|269.4
71842,457.5|563.85
71843,486.0|348.8
71844,593.1|381.45
71845,552.6|488.35
71846,216.0|322.7
71847,246.85|511.0
71848,387.0|592.45
71849,470.4|321.3
71850,408.1|565.6
71851,288.45|367.8
71852,478.6|483.65
71853,280.1|278.5
71854,454.15|500.15
71855,465.45|374.7
71856,406.15|492.75
71857,324.1|429.5
71858,584.9|579.4
71859,263.75|307.95
71860,232.7|439.65
71861,406.55|249.5
71862,339.75|304.2
71863,355.5|213.75
71864,497.15|518.1
71865,268.75|337.75
71866,592.4|579.65
71867,218.8|363.5
71868,381.3|384.35
71869,576.45|350.15
71870,326.15|580.4
71871,402.55|526.85
71872,367.5|365.9
71873,212.85|473.45
71874,283.45|463.2
71875,526.0|500.25
71876,210.25|573.85
71877,383.25|209.55
71878,402.8|572.15
71879,355.95|496.1
71880,375.3|377.65
71881,405.6|377.25
71882,393.85|565.25
71883,348.9|526.4
71884,456.4|447.4
71885,391.95|414.45
71886,258.25|569.25
71887,570.6|331.65
71888,590.1|275.65
71889,240.2|221.65
71890,324.9|314.2
71891,548.25|430.8
71892,257.05|211.8
71893,371.25|382.85
71894,288.6|424.65
71895,244.7|297.0
71896,239.8|575.2
71897,276.65|256.65
71898,524.3|433.85
71899,254.2|582.6
71900,284.0|299.2
71901,571.25|538.55
71902,404.55|512.65
71903,261.95|348.5
71904,281.2|351.85
71905,534.9|477.4
71906,228.5|528.05
71907,460.1|309.35
71908,580.65|483.95
71909,429.45|312.75
71910,472.9|348.35
71911,466.45|232.0
71912,527.25|242.4
71913,294.55|421.65
71914,460.8|377.9
71915,560.85|226.05
71916,397.7|479.1
71917,565.15|576.5
71918,460.4|330.1
71919,348.15|539.05
71920,281.15|223.55
71921,589.45|323.2
71922,553.5|389.1
71923,556.75|591.3
71924,231.75|347.75
71925,469.05|396.4
71926,360.65|354.45
71927,433.05|524.75
71928,321.6|420.4
71929,348.95|419.7
71930,333.8|592.0
71931,489.25|264.05
71932,233.65|212.7
71933,553.55|468.75
71934,236.25|463.85
71935,395.15|529.7
71936,343.25|339.2
71937,400.15|577.4
71938,429.8|377.3
71939,441.65|397.85
71940,454.65|294.8
71941,585.75|491.0
71942,576.45|506.5
71943,418.3|211.45
71944,402.4|232.75
71945,585.8|510.0
71946,301.45|558.4
71947,339.65|270.45
71948,568.0|525.15
71949,545.35|511.0
71950,509.8|353.7
71951,389.35|358.35
71952,207.2|526.35
71953,283.35|582.4
71954,508.55|238.0
71955,272.25|367.85
71956,285.05|445.1
71957,570.25|590.7
71958,242.5|464.55
71959,335.6|264.2
71960,222.15|435.75
71961,551.9|478.2
71962,349.95|267.65
71963,542.95|579.55
71964,347.45|522.65
71965,233.25|559.0
71966,408.8|260.05
71967,245.15|421.75
71968,293.25|460.1
71969,574.7|531.7
71970,294.15|373.5
71971,220.45|577.9
71972,236.45|508.4
71973,462.5|572.65
71974,430.65|222.25
71975,313.5|436.45
71976,543.45|428.8
71977,240.25|478.05
71978,278.6|242.05
71979,318.8|337.45
71980,456.3|588.15
71981,289.0|367.35
71982,569.15|285.95
71983,370.5|487.75
71984,535.9|264.75
71985,542.35|509.15
71986,421.5|548.4
71987,263.05|576.0
71988,344.9|334.05
71989,329.75|399.8
71990,401.25|278.8
71991,328.4|415.75
71992,284.25|498.7
71993,256.6|349.8
71994,243.25|383.1
71995,421.15|381.0
71996,523.95|455.85
71997,586.85|218.6
71998,428.7|340.35
71999,461.45|561.75
72000,387.3|573.4
72001,432.4|341.25
72002,290.55|536.05
72003,557.7|429.9
72004,216.55|593.95
72005,282.3|269.4
72006,372.3|376.95
72007,355.6|213.4
72008,390.75|287.95
72009,453.25|477.15
72010,426.7|443.5
72011,208.5|488.3
72012,556.3|468.3
72013,394.8|343.4
72014,594.65|402.65
72015,592.05|209.2
72016,451.95|293.15
72017,559.3|281.55
72018,343.1|239.7
72019,477.15|545.8
72020,282.35|506.55
72021,387.9|541.55
72022,591.25|475.05
72023,465.1|374.75
72024,217.35|289.6
72025,579.85|218.1
72026,276.9|231.1
72027,489.6|265.2
72028,262.8|266.2
72029,521.45|478.4
72030,507.75|237.1
72031,578.45|211.95
72032,355.35|224.85
72033,474.1|322.25
72034,478.1|340.5
72035,459.5|297.85
72036,227.1|397.75
72037,378.15|241.8
72038,239.75|238.4
72039,404.25|466.9
72040,355.5|352.8
72041,259.95|227.85
72042,229.95|228.3
72043,246.3|500.85
72044,221.1|355.55
72045,574.4|464.85
72046,353.8|438.3
72047,370.4|486.4
72048,265.8|567.25
72049,394.3|491.8
72050,570.15|586.2
72051,547.7|534.0
72052,307.05|578.2
72053,346.4|281.2
72054,417.9|326.45
72055,521.1|496.1
72056,370.95|493.45
72057,362.55|214.85
72058,344.45|325.95
72059,436.15|526.2
72060,578.8|574.1
72061,290.8|530.65
72062,378.0|220.9
72063,314.45|321.85
72064,558.35|493.25
72065,342.7|413.5
72066,354.05|483.3
72067,558.55|590.1
72068,445.95|424.9
72069,281.35|437.25
72070,346.1|268.7
72071,343.3|475.05
72072,414.75|435.75
72073,401.85|382.25
72074,265.95|212.3
72075,409.75|388.75
72076,471.9|563.3
72077,269.25|291.7
72078,354.4|433.1
72079,210.0|235.7
72080,225.85|317.0
72081,415.7|216.35
72082,575.95|540.65
72083,381.55|211.85
72084,284.05|464.25
72085,545.15|549.2
72086,221.95|589.65
72087,468.65|434.85
72088,391.0|330.85
72089,435.4|396.45
72090,254.7|542.65
72091,305.4|239.4
72092,335.95|327.55
72093,398.3|212.1
72094,465.35|536.95
72095,355.9|385.95
72096,213.6|452.3
72097,233.2|244.5
72098,242.75|224.75
72099,348.4|567.6
72100,398.5|272.55
72101,340.7|355.8
72102,359.85|355.55
72103,262.05|426.9
72104,582.65|214.5
72105,446.2|215.8
72106,356.55|235.55
72107,271.7|334.45
72108,281.8|262.75
72109,551.85|241.8
72110,591.5|288.7
72111,457.85|436.7
72112,351.0|369.1
72113,358.05|494.95
72114,305.4|386.05
72115,254.4|577.95
72116,547.05|524.75
72117,346.3|427.05
72118,424.95|404.25
72119,277.4|292.85
72120,265.4|278.95
72121,209.95|479.1
72122,449.05|577.6
72123,262.05|438.25
72124,206.6|498.3
72125,592.1|216.55
72126,352.9|440.25
72127,572.45|510.65
72128,560.75|261.6
72129,216.3|473.7
72130,585.95|423.75
72131,351.15|273.6
72132,222.85|362.8
72133,412.75|219.25
72134,251.1|359.4
72135,359.25|543.35
72136,360.8|584.7
72137,589.1|522.7
72138,318.5|344.85
72139,453.8|227.7
72140,569.55|492.85
72141,379.35|576.8
72142,419.05|408.95
72143,355.15|442.2
72144,498.8|254.95
72145,232.8|573.5
72146,561.1|296.3
72147,406.95|403.7
72148,558.25|593.0
72149,541.25|393.3
72150,380.2|582.45
72151,286.25|536.65
72152,475.8|325.35
72153,266.75|287.65
72154,403.55|574.35
72155,291.3|345.4
72156,520.2|371.0
72157,345.95|547.7
72158,273.4|286.75
72159,455.25|471.15
72160,385.45|309.6
72161,214.65|413.35
72162,390.25|482.3
72163,425.0|594.3
72164,412.65|303.1
72165,338.85|423.4
72166,251.55|275.6
72167,590.95|425.3
72168,365.75|268.7
72169,389.65|500.05
72170,288.1|432.15
72171,303.6|393.1
72172,592.3|549.45
72173,310.8|366.35
72174,383.05|580.75
72175,357.95|552.4
72176,259.6|562.9
72177,478.95|351.95
72178,558.8|466.85
72179,366.1|230.8
72180,396.4|506.85
72181,545.1|518.5
72182,464.7|458.5
72183,307.25|368.0
72184,426.25|275.2
72185,340.65|564.05
72186,469.55|474.15
72187,341.45|397.45
72188,525.45|533.8
72189,527.05|217.2
72190,395.4|563.2
72191,412.3|315.3
72192,581.0|454.45
72193,213.6|457.05
72194,369.35|582.2
72195,519.1|501.5
72196,244.55|576.0
72197,354.75|582.35
72198,410.7|334.85
72199,226.2|300.65
72200,456.95|288.3
72201,252.55|452.35
72202,488.75|475.2
72203,540.5|337.4
72204,573.3|557.15
72205,254.7|374.65
72206,240.1|216.9
72207,334.8|248.3
72208,299.4|480.6
72209,330.7|583.55
72210,414.5|441.25
72211,214.6|265.7
72212,479.65|301.4
72213,280.9|483.45
72214,219.0|305.0
72215,476.4|214.05
72216,581.85|346.6
72217,253.5|430.25
72218,476.45|250.8
72219,459.95|556.4
72220,372.05|267.45
72221,473.0|210.85
72222,238.45|337.3
72223,340.4|559.6
72224,341.2|324.75
72225,280.75|306.4
72226,326.7|557.55
72227,447.35|243.65
72228,420.35|223.05
72229,358.95|393.6
72230,344.2|593.9
72231,272.35|365.75
72232,578.5|249.4
72233,454.7|546.6
72234,393.75|514.8
72235,275.4|319.0
72236,539.15|532.3
72237,428.9|210.9
72238,479.2|349.3
72239,591.4|241.3
72240,284.85|495.15
72241,356.85|457.4
72242,370.75|373.55
72243,546.8|527.0
72244,309.15|496.0
72245,461.35|317.6
72246,427.25|393.85
72247,273.85|455.15
72248,396.3|544.85
72249,569.5|407.2
72250,405.1|265.0
72251,568.05|506.8
72252,405.9|231.2
72253,241.95|256.85
72254,280.9|388.5
72255,398.6|499.15
72256,255.45|483.8
72257,286.55|448.4
72258,405.65|328.6
72259,269.4|266.05
72260,536.9|273.25
72261,477.9|519.7
72262,322.35|403.0
72263,416.2|476.35
72264,573.75|303.7
72265,446.65|225.65
72266,557.65|240.35
72267,332.55|306.2
72268,523.7|420.55
72269,466.45|302.35
72270,288.65|446.95
72271,383.45|330.9
72272,468.5|540.1
72273,449.2|307.05
72274,226.2|468.8
72275,545.15|528.15
72276,411.9|570.7
72277,341.9|261.1
72278,286.05|540.25
72279,236.7|395.65
72280,278.85|280.2
72281,224.9|485.15
72282,560.15|586.8
72283,450.4|314.1
72284,576.0|563.95
72285,233.05|298.0
72286,360.45|520.55
72287,281.8|458.0
72288,588.15|391.5
72289,435.7|408.15
72290,392.0|470.4
72291,470.45|256.25
72292,227.9|583.8
72293,273.9|435.1
72294,347.9|334.95
72295,365.25|212.4
72296,274.7|370.5
72297,559.05|453.9
72298,226.0|260.3
72299,434.0|263.35
72300,492.55|519.15
72301,398.9|418.55
72302,442.1|544.45
72303,557.75|226.6
72304,270.8|483.1
72305,359.8|362.4
72306,277.9|534.45
72307,273.6|538.1
72308,273.25|573.6
72309,534.55|341.15
72310,466.0|570.8
72311,235.75|550.6
72312,290.95|537.25
72313,398.0|499.9
72314,559.8|425.7
72315,461.7|505.25
72316,518.6|531.35
72317,272.7|584.5
72318,256.0|576.9
72319,349.85|435.0
72320,442.85|481.2
72321,595.15|478.55
72322,399.3|393.95
72323,223.8|492.0
72324,431.7|554.2
72325,346.65|271.7
72326,519.5|330.9
72327,235.35|334.25
72328,225.85|302.5
72329,452.75|367.1
72330,363.05|281.8
72331,230.9|388.9
72332,254.85|389.95
72333,407.85|369.45
72334,227.55|227.65
72335,207.3|480.65
72336,548.2|504.6
72337,519.3|430.35
72338,278.0|392.55
72339,469.1|525.65
72340,446.4|321.95
72341,477.85|258.0
72342,279.55|375.6
72343,404.4|234.75
72344,248.15|347.9
72345,351.15|561.45
72346,444.35|473.6
72347,490.0|434.8
72348,392.65|505.45
72349,512.3|362.55
72350,256.9|231.3
72351,561.45|434.15
72352,462.8|410.3
72353,548.6|558.65
72354,559.5|220.0
72355,408.45|546.05
72356,423.7|395.05
72357,274.65|550.9
72358,433.75|591.0
72359,208.1|571.6
72360,555.1|532.3
72361,430.75|426.6
72362,543.55|565.5
72363,223.95|217.8
72364,570.75|297.75
72365,472.05|473.25
72366,261.0|260.4
72367,463.9|337.65
72368,423.4|371.8
72369,357.1|592.6
72370,582.55|528.2
72371,583.85|562.6
72372,461.55|452.25
72373,467.2|270.2
72374,563.15|314.35
72375,514.8|354.05
72376,432.75|224.85
72377,464.3|454.0
72378,437.05|294.7
72379,335.8|528.7
72380,221.15|490.65
72381,483.0|453.4
72382,441.45|445.6
72383,276.65|533.75
72384,537.2|318.3
72385,337.05|420.75
72386,475.75|348.9
72387,534.25|450.5
72388,541.8|229.8
72389,469.4|221.8
72390,380.75|491.5
72391,532.75|337.9
72392,293.05|537.85
72393,298.5|422.65
72394,402.8|499.4
72395,435.75|534.85
72396,343.65|209.05
72397,296.45|452.35
72398,222.6|264.55
72399,549.75|336.9
72400,466.65|549.95
72401,342.1|562.6
72402,437.45|252.75
72403,395.1|486.0
72404,445.5|396.4
72405,369.95|497.8
72406,226.65|590.45
72407,373.25|459.2
72408,281.35|525.8
72409,375.75|238.4
72410,438.0|399.05
72411,451.05|560.7
72412,242.35|461.85
72413,231.95|381.15
72414,286.8|382.25
72415,444.5|573.55
72416,373.85|278.25
72417,361.3|279.95
72418,539.35|591.5
72419,354.95|501.35
72420,249.6|502.55
72421,248.2|273.2
72422,405.8|342.65
72423,301.15|401.4
72424,356.1|466.05
72425,327.4|313.5
72426,295.5|356.8
72427,536.8|587.5
72428,378.75|276.35
72429,243.15|420.35
72430,476.6|371.7
72431,296.95|514.3
72432,352.3|553.3
72433,426.95|562.3
72434,237.8|271.35
72435,540.75|556.75
72436,270.1|240.2
72437,400.65|366.2
72438,438.45|302.85
72439,416.85|232.5
72440,459.05|345.15
72441,590.3|505.5
72442,267.35|296.7
72443,290.55|467.75
72444,366.35|462.35
72445,585.8|508.45
72446,398.6|392.6
72447,474.05|281.8
72448,467.5|332.3
72449,357.05|226.05
72450,539.3|442.85
72451,538.0|322.4
72452,572.05|418.7
72453,476.0|348.5
72454,206.3|293.5
72455,322.15|296.7
72456,385.6|286.65
72457,460.7|563.6
72458,567.6|479.0
72459,385.7|229.05
72460,425.0|582.65
72461,389.15|301.5
72462,443.95|592.55
72463,383.55|512.95
72464,511.05|436.45
72465,565.9|461.75
72466,545.35|268.7
72467,392.8|493.65
72468,341.75|397.45
72469,390.9|372.5
72470,533.95|444.6
72471,370.25|377.95
72472,564.15|476.0
72473,577.05|321.8
72474,458.25|464.1
72475,229.6|509.2
72476,271.7|251.7
72477,284.35|543.6
72478,345.8|378.2
72479,585.9|398.7
72480,247.8|414.7
72481,554.6|261.45
72482,223.05|357.8
72483,388.1|534.9
72484,324.05|408.45
72485,522.1|499.85
72486,396.25|509.8
72487,406.75|543.9
72488,293.35|464.3
72489,440.3|582.05
72490,226.35|363.55
72491,542.9|446.85
72492,478.2|486.0
72493,280.15|464.3
72494,476.85|544.85
72495,398.1|413.55
72496,271.75|461.8
72497,340.4|221.85
72498,222.9|519.7
72499,232.5|438.05
72500,328.55|576.5
72501,589.85|488.05
72502,240.75|454.3
72503,210.45|317.6
72504,232.95|563.85
72505,339.3|371.6
72506,557.85|593.4
72507,533.35|441.85
72508,437.7|495.4
72509,430.9|262.65
72510,337.2|387.5
72511,249.4|271.95
72512,385.95|487.9
72513,460.85|443.1
72514,348.45|431.2
72515,583.85|214.45
72516,233.55|475.3
72517,439.4|538.2
72518,217.55|584.55
72519,343.9|421.3
72520,537.5|348.1
72521,255.95|332.9
72522,325.6|435.4
72523,439.0|279.05
72524,565.25|236.35
72525,450.55|526.7
72526,566.0|460.75
72527,439.65|472.0
72528,595.9|273.85
72529,302.05|369.8
72530,351.9|288.75
72531,429.0|411.6
72532,546.45|381.1
72533,376.4|495.85
72534,332.95|376.4
72535,382.9|465.7
72536,215.2|296.1
72537,533.2|523.9
72538,591.25|498.1
72539,578.0|407.1
72540,429.15|469.15
72541,214.2|224.85
72542,582.5|470.95
72543,208.0|584.4
72544,528.4|581.55
72545,437.65|246.15
72546,571.4|271.25
72547,242.7|218.15
72548,442.1|462.85
72549,479.7|358.75
72550,399.45|497.2
72551,445.85|408.85
72552,219.85|373.5
72553,211.35|415.85
72554,285.9|410.8
72555,586.55|364.1
72556,356.1|420.95
72557,546.6|539.8
72558,274.2|573.65
72559,378.4|310.95
72560,352.35|208.55
72561,270.9|391.25
72562,213.6|502.5
72563,590.35|274.45
72564,483.15|249.1
72565,334.95|533.1
72566,536.4|559.45
72567,582.25|374.95
72568,451.05|462.55
72569,520.65|264.35
72570,416.45|565.35
72571,582.4|457.5
72572,330.5|345.2
72573,244.0|477.8
72574,567.1|287.85
72575,455.3|389.7
72576,576.05|410.25
72577,312.6|284.8
72578,565.7|570.45
72579,416.7|533.45
72580,345.05|452.55
72581,422.85|347.8
72582,530.75|439.5
72583,229.25|500.35
72584,590.9|548.0
72585,433.35|388.35
72586,257.6|350.6
72587,481.65|311.65
72588,424.15|296.95
72589,530.95|517.55
72590,566.8|483.95
72591,590.4|590.45
72592,286.55|447.2
72593,334.3|503.1
72594,404.95|592.4
72595,441.3|350.2
72596,447.85|247.4
72597,558.45|295.85
72598,465.1|497.8
72599,583.4|508.6
72600,590.65|364.0
72601,213.0|379.55
72602,234.6|213.35
72603,387.35|468.05
72604,537.7|281.55
72605,530.35|333.05
72606,319.55|410.6
72607,387.65|531.1
72608,463.45|481.1
72609,438.25|519.65
72610,455.9|421.55
72611,479.25|486.6
72612,350.45|541.8
72613,467.8|316.7
72614,350.35|421.4
72615,224.75|458.65
72616,484.8|282.15
72617,258.85|424.2
72618,559.15|232.5
72619,543.15|587.05
72620,580.25|494.1
72621,341.35|381.1
72622,223.1|275.6
72623,436.65|236.85
72624,470.1|450.0
72625,577.45|529.75
72626,381.75|313.75
72627,209.85|579.65
72628,512.25|398.95
72629,371.8|591.95
72630,459.35|279.75
72631,234.35|238.45
72632,466.1|454.7
72633,208.3|264.35
72634,217.25|469.4
72635,403.05|587.35
72636,211.1|588.3
72637,381.15|274.9
72638,503.75|355.0
72639,224.9|574.9
72640,448.75|221.05
72641,343.05|451.95
72642,566.9|427.6
72643,216.85|331.75
72644,586.85|249.85
72645,469.15|279.9
72646,233.65|332.2
72647,210.65|451.85
72648,385.75|289.7
72649,589.95|478.95
72650,289.45|534.45
72651,332.3|306.6
72652,423.15|222.0
72653,529.3|561.4
72654,318.95|415.5
72655,273.05|356.95
72656,491.45|509.9
72657,433.65|322.0
72658,531.75|432.5
72659,417.75|574.75
72660,390.5|330.7
72661,322.35|385.85
72662,253.6|481.1
72663,286.3|491.45
72664,521.85|468.25
72665,583.6|530.35
72666,253.55|431.45
72667,465.6|318.0
72668,410.1|582.7
72669,567.15|297.35
72670,344.35|321.2
72671,439.05|242.3
72672,512.3|534.5
72673,574.5|447.55
72674,214.9|304.5
72675,513.0|442.2
72676,416.1|264.85
72677,418.6|591.25
72678,381.45|354.35
72679,378.6|390.3
72680,566.15|582.85
72681,256.95|221.2
72682,541.2|540.7
72683,505.15|487.2
72684,211.0|564.35
72685,411.3|397.95
72686,272.25|342.75
72687,493.6|510.9
72688,449.1|560.85
72689,349.95|258.15
72690,585.9|352.85
72691,592.75|393.7
72692,213.4|588.2
72693,265.6|400.6
72694,373.25|273.2
72695,376.05|477.7
72696,412.65|287.3
72697,582.9|453.15
72698,447.6|449.45
72699,451.15|482.5
72700,527.5|562.85
72701,358.1|565.7
72702,296.65|321.6
72703,470.0|338.85
72704,575.9|258.0
72705,595.85|565.4
72706,461.45|261.3
72707,525.75|545.4
72708,412.2|286.6
72709,451.75|495.45
72710,403.05|356.4
72711,541.1|425.45
72712,233.85|419.95
72713,589.8|257.25
72714,373.8|273.35
72715,391.1|221.35
72716,426.05|378.3
72717,249.9|214.3
72718,410.3|586.5
72719,466.9|273.95
72720,473.4|521.5
72721,245.3|229.95
72722,402.35|216.65
72723,260.1|408.8
72724,534.5|455.9
72725,238.5|354.1
72726,230.3|358.3
72727,439.6|374.4
72728,207.2|476.15
72729,272.35|273.75
72730,337.0|587.75
72731,562.15|231.6
72732,547.2|524.4
72733,462.25|351.25
72734,211.65|316.75
72735,378.15|269.15
72736,478.5|462.35
72737,255.55|503.05
72738,538.65|437.3
72739,220.35|534.3
72740,300.35|305.0
72741,466.15|221.4
72742,464.3|573.1
72743,417.5|345.65
72744,321.25|365.2
72745,279.15|556.85
72746,337.95|213.95
72747,416.75|319.55
72748,460.05|431.4
72749,435.75|398.65
72750,407.15|592.55
72751,570.95|408.0
72752,421.55|210.4
72753,224.45|468.3
72754,442.35|212.75
72755,350.15|239.25
72756,223.75|374.2
72757,294.3|518.1
72758,455.25|259.25
72759,254.25|396.75
72760,257.25|434.4
72761,593.55|512.2
72762,259.0|547.0
72763,346.1|329.75
72764,516.95|517.15
72765,214.1|581.8
72766,586.7|475.65
72767,462.8|439.35
72768,534.9|345.15
72769,272.85|233.4
72770,448.85|253.45
72771,570.7|289.5
72772,368.45|217.9
72773,491.0|376.55
72774,542.6|432.25
72775,473.55|312.55
72776,493.5|452.0
72777,457.0|506.0
72778,232.0|278.65
72779,353.7|271.45
72780,401.25|533.45
72781,590.5|408.9
72782,525.65|575.95
72783,590.5|585.1
72784,249.95|299.6
72785,408.45|381.75
72786,594.15|592.3
72787,550.0|232.6
72788,533.3|579.4
72789,542.95|426.35
72790,206.2|488.65
72791,285.35|295.0
72792,243.8|353.9
72793,593.8|484.95
72794,458.55|332.65
72795,576.0|519.35
72796,351.25|419.0
72797,404.9|491.6
72798,415.7|445.2
72799,583.6|468.15
72800,467.4|464.7
72801,586.6|244.95
72802,368.7|370.85
72803,209.8|581.55
72804,532.35|426.7
72805,582.9|492.85
72806,378.15|349.65
72807,566.9|224.7
72808,272.1|348.9
72809,591.4|425.7
72810,364.15|438.75
72811,463.45|563.2
72812,464.8|537.8
72813,573.8|266.3
72814,501.4|402.3
72815,212.15|583.9
72816,556.8|577.05
72817,468.95|550.7
72818,370.5|386.05
72819,564.6|564.0
72820,419.65|247.7
72821,469.85|331.6
72822,371.4|509.8
72823,396.65|563.45
72824,484.25|365.8
72825,299.0|352.5
72826,217.05|334.8
72827,310.6|315.1
72828,341.4|326.45
72829,528.85|461.95
72830,237.0|578.6
72831,457.75|494.0
72832,237.35|536.25
72833,384.6|591.2
72834,422.05|392.8
72835,450.1|292.1
72836,280.05|497.2
72837,446.35|545.6
72838,518.4|538.05
72839,213.65|534.1
72840,397.35|206.7
72841,392.55|294.95
72842,560.65|509.1
72843,586.35|466.7
72844,229.35|479.8
72845,219.8|246.65
72846,383.8|402.8
72847,498.5|366.5
72848,238.8|367.35
72849,482.55|455.9
72850,472.65|269.25
72851,473.75|259.5
72852,392.8|594.3
72853,210.0|505.4
72854,250.95|238.45
72855,308.75|439.9
72856,477.5|277.3
72857,251.4|517.05
72858,205.6|290.0
72859,451.2|459.5
72860,218.7|262.15
72861,441.45|414.35
72862,556.95|298.65
72863,393.35|534.95
72864,449.55|514.65
72865,382.0|294.3
72866,573.85|474.85
72867,565.5|460.35
72868,547.15|293.5
72869,422.95|484.85
72870,396.15|558.65
72871,440.25|571.7
72872,433.0|464.9
72873,573.6|590.65
72874,265.55|530.0
72875,548.1|533.95
72876,407.65|564.0
72877,452.3|331.25
72878,377.25|210.55
72879,584.55|371.85
72880,275.7|439.6
72881,568.85|430.15
72882,278.95|258.85
72883,413.0|529.8
72884,405.35|273.25
72885,545.5|255.35
72886,398.75|386.45
72887,397.2|531.4
72888,421.9|278.45
72889,388.5|372.9
72890,214.6|329.1
72891,472.55|232.1
72892,284.35|541.4
72893,461.6|561.6
72894,592.2|210.2
72895,417.95|287.85
72896,355.9|431.1
72897,513.1|549.6
72898,561.75|308.5
72899,344.3|308.35
72900,273.55|280.0
72901,222.4|317.6
72902,461.05|516.5
72903,343.85|532.9
72904,285.5|388.9
72905,543.2|324.55
72906,441.9|226.45
72907,465.3|571.35
72908,227.85|459.9
72909,359.75|212.3
72910,299.7|362.15
72911,354.8|561.2
72912,549.45|274.9
72913,438.5|582.65
72914,467.75|307.25
72915,280.25|488.2
72916,206.75|475.4
72917,465.4|222.0
72918,573.5|402.6
72919,585.95|578.6
72920,452.7|248.7
72921,572.4|538.7
72922,268.35|548.25
72923,539.15|550.3
72924,356.8|271.55
72925,238.05|482.75
72926,212.6|290.3
72927,476.45|269.35
72928,576.5|489.0
72929,384.5|325.5
72930,477.0|336.4
72931,281.25|544.25
72932,273.2|437.9
72933,550.1|593.75
72934,223.15|546.55
72935,237.25|474.3
72936,215.55|396.7
72937,234.75|341.6
72938,376.7|494.9
72939,343.85|295.35
72940,548.9|255.45
72941,544.65|266.3
72942,209.65|259.4
72943,535.55|298.55
72944,540.55|329.2
72945,247.2|237.4
72946,271.6|294.65
72947,562.0|490.95
72948,490.75|523.75
72949,450.9|509.0
72950,538.45|546.3
72951,465.8|283.05
72952,431.0|255.95
72953,342.35|270.55
72954,303.0|392.15
72955,206.95|481.3
72956,235.7|526.4
72957,219.7|484.8
72958,387.1|332.35
72959,251.75|493.4
72960,477.5|412.5
72961,240.2|440.75
72962,418.55|352.35
72963,457.9|251.95
72964,302.3|428.3
72965,287.4|581.75
72966,418.45|289.35
72967,336.0|581.85
72968,412.05|387.7
72969,451.95|445.25
72970,567.8|282.3
72971,443.9|252.8
72972,376.85|215.45
72973,466.3|222.25
72974,454.4|419.05
72975,218.55|481.15
72976,345.35|510.55
72977,421.85|312.85
72978,236.55|413.9
72979,570.3|558.6
72980,260.2|275.1
72981,230.2|581.85
72982,226.55|544.25
72983,365.95|529.1
72984,360.9|436.5
72985,476.45|517.3
72986,399.15|208.2
72987,290.55|401.15
72988,389.05|418.85
72989,213.15|219.0
72990,386.1|483.45
72991,416.35|397.5
72992,362.55|487.3
72993,464.6|303.85
72994,405.95|227.3
72995,443.35|582.35
72996,570.85|396.2
72997,267.1|500.5
72998,395.1|256.2
72999,549.45|439.35
73000,241.5|432.75
73001,536.4|567.15
73002,436.1|301.45
73003,389.05|266.0
73004,439.55|463.15
73005,451.55|516.55
73006,211.6|452.6
73007,343.05|415.9
73008,547.25|587.5
73009,208.45|529.5
73010,449.05|244.4
73011,309.05|557.15
73012,436.1|465.75
73013,440.55|310.65
73014,564.85|290.6
73015,239.9|502.95
73016,248.95|490.65
73017,532.25|541.85
73018,349.85|245.7
73019,261.35|384.8
73020,238.8|489.7
73021,366.1|353.25
73022,588.5|466.55
73023,274.6|457.4
73024,528.8|465.25
73025,575.9|366.7
73026,292.9|254.3
73027,402.65|462.45
73028,537.25|542.95
73029,593.6|258.65
73030,511.05|232.55
73031,357.05|580.35
73032,551.15|282.65
73033,212.95|288.4
73034,581.3|472.2
73035,467.0|444.1
73036,498.1|495.35
73037,542.05|446.7
73038,238.8|410.2
73039,412.55|299.85
73040,424.1|237.25
73041,421.85|406.9
73042,467.4|419.15
73043,377.2|270.9
73044,367.1|261.0
73045,252.55|489.1
73046,417.45|387.1
73047,578.65|382.6
73048,563.15|431.65
73049,301.05|414.45
73050,388.15|361.15
73051,424.75|588.6
73052,328.25|537.9
73053,266.85|230.65
73054,421.8|590.9
73055,332.0|428.75
73056,409.9|289.9
73057,546.1|463.8
73058,411.3|497.3
73059,244.4|294.2
73060,243.15|363.95
73061,576.6|497.65
73062,416.25|219.25
73063,226.35|480.65
73064,250.2|535.6
73065,228.9|580.35
73066,440.1|235.35
73067,235.55|216.6
73068,238.6|217.2
73069,504.05|310.6
73070,252.15|581.3
73071,524.0|502.75
73072,360.5|350.3
73073,443.35|518.5
73074,449.05|306.1
73075,246.45|440.7
73076,576.15|298.7
73077,284.2|285.4
73078,388.3|565.05
73079,534.4|421.9
73080,565.7|475.7
73081,368.45|360.6
73082,214.0|445.3
73083,266.35|392.2
73084,290.85|408.95
73085,352.55|449.6
73086,457.55|559.95
73087,572.25|569.55
73088,482.55|443.2
73089,464.5|340.65
73090,589.85|408.8
73091,349.1|525.45
73092,232.0|331.2
73093,226.9|390.85
73094,217.5|495.95
73095,213.0|575.0
73096,275.8|548.6
73097,513.75|467.65
73098,527.8|328.75
73099,579.35|575.05
73100,361.65|452.8
73101,393.6|360.6
73102,440.45|224.35
73103,276.2|500.85
73104,456.5|282.75
73105,478.15|508.0
73106,219.6|335.15
73107,277.4|286.95
73108,541.55|522.2
73109,250.45|338.5
73110,230.4|493.15
73111,209.4|221.6
73112,343.0|305.6
73113,587.7|585.2
73114,409.15|496.6
73115,537.0|400.25
73116,449.75|589.2
73117,474.2|329.9
73118,531.75|433.6
73119,404.9|577.15
73120,443.3|433.75
73121,545.4|316.45
73122,556.4|452.6
73123,249.65|579.6
73124,565.95|221.8
73125,222.85|401.8
73126,400.35|406.6
73127,432.2|445.2
73128,348.35|322.6
73129,362.1|252.05
73130,314.2|364.15
73131,516.85|438.45
73132,323.2|338.0
73133,259.25|311.3
73134,236.35|355.2
73135,459.3|327.6
73136,208.85|316.95
73137,548.3|533.2
73138,274.45|252.0
73139,487.75|338.8
73140,441.75|394.95
73141,416.0|361.7
73142,378.35|452.8
73143,326.7|511.25
73144,535.15|537.95
73145,412.0|573.15
73146,589.65|289.25
73147,436.15|222.85
73148,448.75|374.75
73149,473.75|279.85
73150,373.65|456.8
73151,345.35|344.35
73152,548.85|482.0
73153,421.8|473.1
73154,528.35|435.95
73155,265.7|227.9
73156,435.4|213.95
73157,342.6|267.7
73158,517.25|514.45
73159,579.7|254.55
73160,223.65|376.0
73161,218.85|488.9
73162,267.95|411.1
73163,232.55|578.45
73164,248.5|371.85
73165,366.95|215.2
73166,286.9|404.55
73167,485.75|302.2
73168,267.65|216.0
73169,444.75|493.05
73170,515.0|311.05
73171,447.1|254.65
73172,275.05|258.85
73173,470.5|463.4
73174,583.4|549.15
73175,414.6|231.65
73176,324.4|299.2
73177,241.15|260.0
73178,579.85|336.55
73179,328.6|394.45
73180,276.8|580.9
73181,342.25|410.05
73182,215.85|305.65
73183,246.75|491.95
73184,432.35|468.6
73185,577.3|400.35
73186,356.45|233.4
73187,572.45|526.15
73188,587.55|429.5
73189,384.45|518.9
73190,447.85|430.25
73191,229.85|215.6
73192,399.55|583.05
73193,262.1|527.1
73194,276.45|251.6
73195,230.95|530.1
73196,270.05|220.0
73197,594.5|266.65
73198,223.1|498.45
73199,578.0|455.9
73200,280.6|276.2
73201,580.75|519.35
73202,222.3|230.0
73203,372.65|353.45
73204,210.2|472.65
73205,406.2|566.4
73206,366.35|253.6
73207,384.3|351.95
73208,286.15|404.4
73209,248.5|210.7
73210,555.45|523.3
73211,468.65|395.3
73212,347.5|329.65
73213,591.6|505.1
73214,242.55|575.3
73215,485.15|213.35
73216,423.95|540.7
73217,424.15|377.4
73218,587.1|258.85
73219,411.0|334.6
73220,246.1|219.15
73221,546.35|465.25
73222,536.2|519.8
73223,288.6|420.0
73224,420.95|250.6
73225,263.95|574.0
73226,575.75|317.2
73227,443.9|252.95
73228,205.4|460.55
73229,332.2|591.1
73230,227.95|531.85
73231,415.35|211.55
73232,466.2|524.3
73233,595.5|579.25
73234,553.5|233.6
73235,546.85|586.4
73236,566.2|475.8
73237,375.05|247.9
73238,271.6|408.6
73239,422.05|538.55
73240,377.9|373.65
73241,533.25|432.6
73242,368.4|227.2
73243,560.15|467.35
73244,350.35|316.5
73245,452.9|449.7
73246,206.85|285.85
73247,370.15|286.95
73248,313.3|404.5
73249,355.6|441.45
73250,357.0|372.7
73251,407.5|321.05
73252,575.35|369.05
73253,470.6|335.2
73254,593.8|573.25
73255,428.35|506.25
73256,530.95|466.25
73257,589.7|400.65
73258,517.85|466.2
73259,341.9|581.6
73260,579.35|285.8
73261,439.25|302.0
73262,411.0|339.0
73263,575.35|441.4
73264,465.15|313.2
73265,590.05|217.2
73266,244.05|362.6
73267,286.85|434.3
73268,267.65|586.0
73269,349.0|229.05
73270,209.45|475.8
73271,535.65|528.7
73272,222.45|433.2
73273,234.7|579.2
73274,570.1|380.3
73275,398.3|493.15
73276,576.55|517.85
73277,472.75|287.35
73278,586.25|461.0
73279,480.45|362.6
73280,238.35|236.4
73281,460.35|439.25
73282,462.2|318.8
73283,372.25|362.15
73284,454.1|458.3
73285,376.25|394.7
73286,558.8|313.75
73287,258.25|288.9
73288,440.75|371.6
73289,339.9|211.75
73290,460.8|223.3
73291,352.1|445.0
73292,267.55|574.65
73293,378.85|380.7
73294,490.25|286.55
73295,429.75|542.65
73296,440.2|466.0
73297,419.3|356.75
73298,437.9|474.05
73299,367.8|378.95
73300,586.15|372.45
73301,519.5|372.95
73302,451.1|451.55
73303,585.55|560.3
73304,222.95|428.2
73305,217.55|253.0
73306,269.1|249.05
73307,288.55|446.9
73308,456.0|359.45
73309,403.9|228.1
73310,277.4|589.0
73311,559.9|218.25
73312,549.95|576.85
73313,533.9|431.5
73314,264.25|347.25
73315,259.15|216.05
73316,413.8|498.2
73317,262.1|304.2
73318,574.35|517.75
73319,530.4|433.7
73320,553.2|494.05
73321,479.75|355.35
73322,575.4|266.25
73323,416.4|331.25
73324,227.05|308.2
73325,486.65|362.7
73326,359.75|443.7
73327,388.9|261.95
73328,254.7|429.55
73329,495.6|340.3
73330,542.95|517.15
73331,368.85|302.35
73332,279.55|284.15
73333,445.85|534.3
73334,445.1|496.0
73335,224.25|329.7
73336,372.55|587.15
73337,231.2|456.7
73338,472.65|372.25
73339,467.0|315.0
73340,565.0|585.3
73341,415.5|466.7
73342,280.4|572.15
73343,397.45|559.45
73344,301.9|375.65
73345,491.1|358.4
73346,463.95|437.65
73347,281.65|298.65
73348,243.5|289.4
73349,542.8|280.4
73350,254.55|439.15
73351,556.3|580.75
73352,411.85|244.55
73353,357.35|211.1
73354,369.65|267.0
73355,454.1|515.3
73356,455.1|590.3
73357,466.1|263.25
73358,335.6|375.75
73359,226.85|268.4
73360,349.2|591.6
73361,268.5|434.25
73362,498.05|324.35
73363,346.2|301.65
73364,524.9|508.05
73365,244.6|383.6
73366,400.55|527.7
73367,297.85|378.9
73368,216.8|258.6
73369,258.75|401.7
73370,246.3|589.6
73371,325.25|419.9
73372,294.0|552.6
73373,536.45|321.2
73374,393.7|454.5
73375,587.45|266.75
73376,230.15|407.55
73377,210.8|528.0
73378,284.35|456.5
73379,301.3|366.6
73380,401.3|375.75
73381,248.95|411.45
73382,347.5|318.95
73383,569.7|291.75
73384,576.65|223.4
73385,257.2|369.2
73386,278.85|293.5
73387,214.95|342.55
73388,549.6|303.75
73389,329.3|520.6
73390,211.55|531.55
73391,212.1|402.05
73392,242.85|273.15
73393,405.1|373.15
73394,520.35|425.65
73395,219.55|514.9
73396,253.15|213.1
73397,390.9|374.55
73398,251.25|289.7
73399,510.85|465.75
73400,214.5|244.25
73401,551.85|243.1
73402,450.3|373.2
73403,425.5|471.55
73404,406.3|207.2
73405,474.65|530.55
73406,277.05|259.15
73407,407.7|342.6
73408,459.65|252.25
73409,543.75|526.7
73410,410.15|432.3
73411,385.6|588.9
73412,567.65|417.4
73413,229.1|554.05
73414,299.5|421.7
73415,335.55|255.6
73416,454.95|575.45
73417,536.05|375.6
73418,228.45|241.65
73419,591.0|263.65
73420,400.0|344.0
73421,483.55|355.7
73422,432.25|228.75
73423,318.95|405.8
73424,453.95|581.65
73425,393.45|356.05
73426,397.95|230.15
73427,571.45|523.9
73428,231.2|565.8
73429,492.35|466.65
73430,554.3|517.2
73431,467.65|264.3
73432,351.85|526.3
73433,408.35|520.2
73434,292.05|370.75
73435,474.4|473.8
73436,347.3|581.5
73437,353.65|507.3
73438,314.8|426.55
73439,410.8|479.65
73440,333.15|424.35
73441,225.9|414.75
73442,396.35|558.9
73443,476.8|504.75
73444,560.1|408.35
73445,489.15|357.9
73446,429.9|224.0
73447,258.1|466.75
73448,223.5|580.7
73449,443.25|343.8
73450,586.65|475.55
73451,347.45|260.55
73452,580.4|461.95
73453,427.45|329.05
73454,583.15|247.25
73455,382.05|330.75
73456,225.8|474.5
73457,553.9|249.1
73458,465.7|400.6
73459,585.85|366.9
73460,470.0|317.5
73461,493.75|420.95
73462,357.85|329.85
73463,344.25|371.75
73464,427.7|523.3
73465,457.9|433.65
73466,376.55|402.45
73467,588.8|558.8
73468,258.25|215.95
73469,514.05|516.3
73470,426.8|392.65
73471,577.4|345.9
73472,258.75|232.55
73473,586.0|411.3
73474,281.55|264.75
73475,452.1|459.4
73476,466.75|493.15
73477,353.35|456.55
73478,438.95|585.45
73479,457.5|471.45
73480,344.25|370.1
73481,263.25|436.05
73482,211.45|453.45
73483,435.6|509.45
73484,213.0|237.35
73485,473.0|356.95
73486,225.05|423.55
73487,466.4|249.35
73488,587.7|376.8
73489,398.3|577.05
73490,251.8|413.1
73491,238.95|575.2
73492,478.15|236.6
73493,373.85|275.75
73494,443.25|501.05
73495,501.25|208.6
73496,357.25|384.65
73497,473.2|309.55
73498,588.5|208.2
73499,347.1|315.8
73500,265.5|348.35
73501,439.65|398.05
73502,485.5|283.85
73503,303.9|226.3
73504,527.05|350.5
73505,586.8|405.85
73506,404.95|258.0
73507,563.25|270.35
73508,247.55|220.9
73509,227.8|520.4
73510,558.65|301.5
73511,494.75|278.4
73512,282.8|536.75
73513,466.95|304.3
73514,286.35|378.5
73515,293.2|453.45
73516,433.85|223.7
73517,392.6|411.7
73518,257.3|408.95
73519,565.25|523.55
73520,435.55|538.75
73521,438.9|403.3
73522,232.9|440.3
73523,221.45|260.05
73524,379.75|301.35
73525,404.45|501.45
73526,432.85|295.1
73527,283.15|471.85
73528,261.65|383.3
73529,529.9|509.45
73530,293.9|405.85
73531,580.45|350.9
73532,553.7|245.7
73533,256.25|350.95
73534,441.5|391.75
73535,273.1|369.0
73536,549.05|472.25
73537,399.3|259.65
73538,556.95|411.85
73539,578.85|536.15
73540,428.55|480.1
73541,588.55|583.25
73542,411.55|587.65
73543,586.55|482.2
73544,352.7|553.95
73545,322.55|332.1
73546,349.8|344.5
73547,595.15|589.4
73548,423.1|549.15
73549,588.15|583.3
73550,221.05|254.85
73551,341.5|280.5
73552,475.6|275.5
73553,413.4|410.3
73554,451.5|224.35
73555,275.4|487.75
73556,569.55|549.8
73557,383.1|553.7
73558,368.5|317.85
73559,404.4|577.35
73560,435.6|568.7
73561,565.55|431.4
73562,431.25|325.0
73563,553.65|322.2
73564,571.95|505.9
73565,517.6|431.55
73566,240.0|519.7
73567,589.05|397.55
73568,509.95|354.7
73569,336.3|248.95
73570,253.6|223.1
73571,595.25|409.5
73572,220.8|479.55
73573,394.85|309.2
73574,437.4|350.15
73575,375.3|274.6
73576,336.55|493.15
73577,462.5|358.95
73578,408.7|506.0
73579,271.9|367.9
73580,225.6|477.8
73581,431.5|475.65
73582,361.55|214.15
73583,363.8|224.3
73584,589.35|560.8
73585,407.4|277.45
73586,585.75|403.0
73587,476.3|322.1
73588,449.95|575.35
73589,358.0|430.25
73590,513.6|451.7
73591,296.3|333.15
73592,233.5|506.4
73593,492.7|233.2
73594,543.7|514.8
73595,461.3|429.0
73596,553.25|302.75
73597,210.5|526.85
73598,418.1|368.25
73599,243.9|231.9
73600,365.55|576.1
73601,583.8|253.25
73602,453.0|538.3
73603,337.7|401.7
73604,490.8|530.1
73605,266.15|483.95
73606,470.45|469.05
73607,433.8|545.4
73608,285.35|416.2
73609,391.55|301.45
73610,290.7|402.8
73611,416.4|577.45
73612,400.4|208.95
73613,399.45|558.55
73614,476.3|222.85
73615,447.7|427.2
73616,360.85|378.25
73617,209.35|232.9
73618,304.0|460.6
73619,382.4|400.95
73620,452.35|377.85
73621,281.05|263.6
73622,554.65|431.4
73623,404.2|541.1
73624,432.95|480.7
73625,270.75|591.3
73626,589.85|353.85
73627,501.9|249.2
73628,584.8|299.1
73629,254.45|226.0
73630,243.25|247.85
73631,391.05|256.0
73632,453.8|234.5
73633,223.9|353.8
73634,544.6|267.55
73635,413.35|438.55
73636,557.85|235.05
73637,559.15|579.35
73638,215.55|455.55
73639,387.0|233.95
73640,463.1|481.05
73641,338.55|401.0
73642,385.15|209.4
73643,586.15|239.85
73644,576.3|539.15
73645,484.35|251.8
73646,345.95|230.05
73647,403.15|463.25
73648,499.15|347.95
73649,569.0|513.95
73650,417.05|482.1
73651,501.35|418.25
73652,592.2|377.3
73653,403.9|509.4
73654,385.45|296.45
73655,541.3|496.55
73656,359.75|588.15
73657,355.45|509.65
73658,476.65|490.05
73659,442.25|542.7
73660,589.4|492.15
73661,467.05|345.15
73662,347.7|453.85
73663,268.45|570.3
73664,591.25|292.95
73665,404.4|544.7
73666,464.7|442.0
73667,222.3|284.9
73668,218.95|346.8
73669,209.5|590.2
73670,388.0|282.25
73671,459.85|348.25
73672,422.1|435.7
73673,513.55|488.75
73674,484.55|512.75
73675,589.55|371.0
73676,563.15|540.45
73677,559.95|591.85
73678,269.8|566.05
73679,277.2|480.9
73680,509.6|458.85
73681,274.25|239.85
73682,554.55|561.65
73683,587.05|557.2
73684,466.4|226.85
73685,553.55|386.85
73686,320.3|395.85
73687,423.55|365.5
73688,305.0|361.25
73689,468.75|382.45
73690,366.7|288.15
73691,363.0|343.3
73692,391.25|450.85
73693,589.3|416.9
73694,218.95|235.1
73695,439.15|451.35
73696,236.05|476.45
73697,409.9|412.4
73698,380.3|239.9
73699,351.05|272.1
73700,409.1|470.9
73701,482.45|240.1
73702,408.9|431.15
73703,549.35|547.3
73704,581.85|271.9
73705,579.8|214.7
73706,211.65|323.7
73707,368.25|486.55
73708,589.65|586.15
73709,468.35|351.6
73710,399.25|539.45
73711,585.9|486.35
73712,251.6|591.2
73713,405.25|245.0
73714,410.25|380.5
73715,586.65|532.3
73716,310.75|396.35
73717,209.75|493.7
73718,587.35|373.6
73719,246.15|327.4
73720,278.2|428.95
73721,255.7|434.0
73722,246.0|406.25
73723,559.6|461.95
73724,210.7|243.5
73725,214.9|301.1
73726,387.9|328.05
73727,562.35|437.6
73728,592.45|585.6
73729,512.2|368.95
73730,355.85|523.95
73731,280.1|585.5
73732,284.05|375.05
73733,466.9|350.3
73734,458.35|574.1
73735,471.95|386.65
73736,208.2|493.55
73737,247.25|286.65
73738,299.5|421.05
73739,575.85|450.7
73740,347.95|539.75
73741,250.55|240.5
73742,466.55|435.2
73743,334.7|590.55
73744,278.05|518.7
73745,476.5|381.65
73746,357.6|548.65
73747,429.95|453.4
73748,390.35|398.9
73749,246.65|228.1
73750,389.25|503.9
73751,547.5|259.15
73752,405.3|345.35
73753,284.75|459.45
73754,527.45|340.6
73755,254.45|241.5
73756,487.5|289.25
73757,343.15|376.45
73758,430.9|389.7
73759,434.1|247.05
73760,584.15|218.25
73761,424.75|336.0
73762,382.75|571.1
73763,274.25|277.4
73764,280.8|444.85
73765,442.65|214.8
73766,390.75|582.35
73767,355.95|349.2
73768,454.85|458.25
73769,483.2|353.75
73770,553.65|484.2
73771,369.35|272.05
73772,267.1|590.75
73773,351.25|585.2
73774,425.95|345.45
73775,312.55|415.95
73776,460.15|517.35
73777,211.55|549.35
73778,334.3|530.15
73779,287.75|503.65
73780,446.4|292.6
73781,364.7|292.25
73782,350.3|323.6
73783,473.0|245.5
73784,375.9|436.75
73785,276.7|541.5
73786,586.55|413.4
73787,582.35|482.35
73788,537.3|381.75
73789,394.1|471.8
73790,382.75|265.1
73791,432.35|403.05
73792,401.2|589.1
73793,418.7|410.95
73794,256.75|535.95
73795,342.85|585.25
73796,481.9|422.85
73797,580.6|334.1
73798,225.2|508.45
73799,577.65|381.45
73800,205.8|515.9
73801,221.35|258.05
73802,471.4|529.3
73803,548.35|518.85
73804,364.95|526.0
73805,252.4|404.8
73806,495.9|289.55
73807,423.4|485.9
73808,229.6|208.7
73809,434.3|276.35
73810,382.45|353.25
73811,439.9|329.6
73812,290.5|506.35
73813,397.95|503.5
73814,462.9|315.65
73815,434.2|506.1
73816,457.05|485.3
73817,583.9|544.75
73818,345.85|228.05
73819,425.7|500.8
73820,458.9|233.1
73821,407.45|355.5
73822,399.75|496.0
73823,534.7|294.7
73824,463.7|376.75
73825,438.4|555.65
73826,401.8|439.05
73827,408.05|521.05
73828,356.95|485.8
73829,587.1|217.75
73830,486.15|485.05
73831,451.15|439.5
73832,280.2|584.8
73833,571.9|241.25
73834,428.6|236.25
73835,578.95|331.3
73836,419.75|372.45
73837,451.05|390.45
73838,371.45|377.6
73839,318.05|412.7
73840,231.6|564.65
73841,299.85|375.2
73842,363.55|348.8
73843,448.0|329.5
73844,262.5|561.85
73845,213.2|586.35
73846,407.45|581.25
73847,273.1|454.7
73848,539.2|567.6
73849,281.05|450.25
73850,586.45|556.3
73851,215.3|502.65
73852,265.7|421.0
73853,588.65|222.95
73854,453.5|551.35
73855,421.1|507.85
73856,346.05|566.4
73857,463.9|533.5
73858,385.5|400.35
73859,571.55|303.75
73860,578.35|521.3
73861,396.2|498.05
73862,419.1|580.95
73863,395.05|361.55
73864,343.55|558.55
73865,542.7|459.3
73866,470.55|264.85
73867,536.85|587.4
73868,291.45|277.95
73869,578.05|517.65
73870,421.1|532.2
73871,404.1|499.4
73872,454.85|589.15
73873,405.6|481.95
73874,525.35|540.8
73875,214.8|588.8
73876,399.4|394.85
73877,278.1|433.8
73878,288.0|570.15
73879,238.4|369.35
73880,410.25|425.5
73881,574.1|304.2
73882,411.5|327.15
73883,478.35|467.1
73884,264.0|424.55
73885,368.9|456.7
73886,458.65|350.25
73887,266.25|539.1
73888,338.55|227.0
73889,569.5|404.5
73890,295.8|511.0
73891,408.5|575.15
73892,476.25|282.05
73893,370.2|321.15
73894,336.35|418.1
73895,377.45|588.25
73896,524.55|430.0
73897,582.1|460.95
73898,438.0|257.05
73899,267.5|380.35
73900,583.3|372.0
73901,257.3|406.0
73902,211.15|278.2
73903,559.2|255.95
73904,461.4|232.45
73905,291.7|309.35
73906,306.95|301.9
73907,208.9|466.05
73908,502.25|513.15
73909,386.3|336.2
73910,431.75|498.35
73911,445.9|456.15
73912,261.95|511.25
73913,422.15|545.9
73914,581.1|219.45
73915,347.05|319.95
73916,253.05|396.1
73917,467.8|258.75
73918,246.1|248.7
73919,393.65|491.85
73920,455.45|353.65
73921,257.05|362.85
73922,419.35|579.7
73923,271.55|318.45
73924,368.45|227.5
73925,555.6|300.45
73926,397.45|363.75
73927,416.85|323.0
73928,346.65|220.95
73929,471.6|330.55
73930,235.35|507.95
73931,555.0|250.6
73932,474.05|564.7
73933,554.25|453.2
73934,466.0|352.55
73935,351.65|306.55
73936,212.55|521.5
73937,563.55|453.95
73938,353.75|440.9
73939,564.15|592.5
73940,446.25|537.55
73941,347.1|343.55
73942,264.05|268.45
73943,482.4|283.35
73944,383.6|277.2
73945,313.05|332.35
73946,525.8|525.45
73947,364.25|278.35
73948,391.9|366.6
73949,315.4|337.55
73950,399.45|510.1
73951,385.9|590.2
73952,373.7|286.25
73953,567.3|473.25
73954,471.1|332.6
73955,387.9|507.2
73956,238.8|421.0
73957,592.5|410.45
73958,580.65|384.1
73959,368.55|370.75
73960,413.1|217.15
73961,573.55|242.45
73962,310.05|397.65
73963,409.35|271.7
73964,265.15|413.5
73965,226.7|546.15
73966,360.75|282.7
73967,469.7|524.3
73968,361.15|212.3
73969,213.85|581.5
73970,254.2|405.0
73971,252.0|395.0
73972,561.35|324.4
73973,267.2|494.7
73974,534.3|549.4
73975,479.95|334.8
73976,518.3|489.6
73977,228.5|239.4
73978,234.85|468.8
73979,565.2|531.9
73980,375.15|534.95
73981,437.3|249.6
73982,366.25|249.6
73983,223.4|369.65
73984,238.65|565.5
73985,526.9|496.25
73986,367.35|245.85
73987,574.65|252.95
73988,278.95|465.25
73989,364.6|225.15
73990,507.7|470.3
73991,591.75|437.75
73992,256.1|227.85
73993,487.8|214.1
73994,442.95|418.1
73995,261.6|263.75
73996,463.85|325.65
73997,264.15|429.75
73998,295.3|411.65
73999,216.0|214.55
74000,284.7|449.9
74001,498.3|299.35
74002,394.55|366.55
74003,454.4|237.3
74004,237.9|500.2
74005,231.5|587.1
74006,222.6|310.0
74007,384.15|264.75
74008,336.8|365.7
74009,426.1|551.05
74010,236.3|500.05
74011,366.65|213.15
74012,544.3|430.45
74013,209.05|584.1
74014,467.25|283.5
74015,580.95|560.15
74016,585.8|334.35
74017,422.2|244.1
74018,205.5|242.9
74019,533.05|286.9
74020,571.9|244.5
74021,253.35|342.8
74022,353.95|444.9
74023,229.55|539.1
74024,578.15|351.1
74025,227.25|292.45
74026,423.35|267.8
74027,363.65|454.05
74028,215.05|479.1
74029,439.45|463.6
74030,566.15|496.25
74031,340.3|347.85
74032,240.65|413.1
74033,528.35|536.45
74034,474.65|543.9
74035,426.1|291.95
74036,292.0|294.65
74037,277.85|279.9
74038,450.05|467.4
74039,441.85|242.6
74040,209.35|530.35
74041,587.55|432.25
74042,517.5|503.35
74043,526.45|560.6
74044,350.4|225.7
74045,462.55|340.4
74046,349.75|275.2
74047,463.1|341.1
74048,389.85|592.95
74049,278.45|268.05
74050,422.9|268.85
74051,272.6|275.0
74052,553.3|219.4
74053,590.25|412.05
74054,225.95|584.4
74055,265.65|558.6
74056,447.25|392.2
74057,578.75|584.95
74058,430.1|217.2
74059,330.85|363.6
74060,276.45|270.2
74061,376.35|273.7
74062,458.9|452.1
74063,580.9|568.95
74064,435.55|439.7
74065,592.7|381.75
74066,587.05|301.55
74067,548.95|457.7
74068,579.65|370.25
74069,534.3|543.15
74070,576.25|246.1
74071,592.0|494.5
74072,217.8|548.4
74073,439.2|481.4
74074,475.0|481.45
74075,255.05|264.1
74076,457.15|588.7
74077,526.85|551.5
74078,464.2|517.3
74079,368.6|377.75
74080,392.5|540.05
74081,567.55|564.9
74082,285.2|485.2
74083,273.4|432.35
74084,298.8|425.95
74085,310.55|373.7
74086,485.55|357.35
74087,428.75|215.0
74088,427.1|560.65
74089,264.25|417.2
74090,421.05|301.35
74091,347.55|321.5
74092,302.2|450.6
74093,452.8|440.45
74094,548.95|419.8
74095,467.25|244.05
74096,570.45|212.0
74097,559.4|542.85
74098,549.8|245.6
74099,292.95|381.35
74100,317.8|421.55
74101,348.1|592.45
74102,571.95|278.5
74103,268.3|285.35
74104,224.85|309.5
74105,529.8|294.65
74106,467.95|341.25
74107,300.05|408.45
74108,209.2|242.05
74109,551.1|514.55
74110,488.55|276.9
74111,355.8|478.8
74112,445.75|591.8
74113,361.3|499.85
74114,570.75|213.25
74115,253.85|321.9
74116,559.2|496.55
74117,462.15|522.75
74118,231.2|255.5
74119,548.05|578.9
74120,216.35|393.3
74121,461.1|426.7
74122,452.8|256.75
74123,583.75|551.5
74124,250.1|407.05
74125,581.2|229.65
74126,560.1|433.8
74127,547.4|457.9
74128,264.65|498.85
74129,395.6|267.1
74130,299.55|528.65
74131,481.3|530.95
74132,426.55|412.8
74133,212.6|272.85
74134,418.5|468.8
74135,479.05|415.5
74136,345.25|575.0
74137,400.4|315.35
74138,563.6|549.35
74139,385.45|217.45
74140,592.8|475.85
74141,355.2|372.35
74142,442.5|272.35
74143,545.4|230.4
74144,385.5|310.45
74145,258.95|376.55
74146,483.05|510.25
74147,394.7|363.7
74148,574.75|373.05
74149,550.15|343.9
74150,360.7|327.4
74151,467.65|562.55
74152,549.4|518.9
74153,470.05|240.55
74154,426.1|488.65
74155,422.8|580.85
74156,334.9|379.85
74157,588.3|573.6
74158,287.25|332.3
74159,414.65|304.85
74160,289.35|465.25
74161,249.5|299.55
74162,287.7|535.45
74163,491.0|342.15
74164,421.45|266.75
74165,266.95|562.85
74166,566.2|515.95
74167,507.1|561.3
74168,524.05|408.65
74169,379.85|377.3
74170,548.6|324.7
74171,488.1|220.75
74172,237.7|591.4
74173,534.15|343.05
74174,485.9|567.7
74175,568.8|304.7
74176,256.4|417.8
74177,236.9|304.05
74178,470.25|462.7
74179,384.65|509.1
74180,364.05|214.4
74181,348.95|586.15
74182,279.35|503.0
74183,531.45|519.75
74184,257.95|219.65
74185,276.4|400.45
74186,267.9|243.75
74187,246.4|359.55
74188,223.25|365.5
74189,450.5|561.9
74190,560.2|516.45
74191,293.45|305.1
74192,547.3|305.55
74193,342.3|580.15
74194,238.8|450.4
74195,556.75|588.15
74196,297.6|366.2
74197,594.4|485.25
74198,427.05|283.45
74199,249.35|571.45
74200,448.75|536.15
74201,329.85|421.4
74202,330.35|364.15
74203,477.05|510.35
74204,554.55|289.1
74205,232.9|229.9
74206,241.35|383.75
74207,217.65|210.7
74208,321.85|405.2
74209,545.7|237.0
74210,444.3|515.9
74211,372.1|485.35
74212,412.0|584.4
74213,443.6|359.7
74214,440.15|249.55
74215,270.65|535.35
74216,365.65|455.35
74217,408.5|226.45
74218,590.65|521.7
74219,585.85|566.4
74220,463.35|374.8
74221,237.4|510.15
74222,231.75|314.75
74223,555.9|285.75
74224,215.3|565.4
74225,313.5|328.65
74226,399.2|547.05
74227,350.6|231.5
74228,370.6|246.45
74229,561.2|324.45
74230,561.5|295.35
74231,550.55|579.8
74232,208.75|533.45
74233,247.25|359.45
74234,432.6|227.6
74235,469.2|264.0
74236,216.65|243.85
74237,520.65|486.85
74238,380.85|288.75
74239,465.5|242.95
74240,418.05|366.45
74241,436.0|248.95
74242,467.3|553.8
74243,427.0|375.0
74244,256.4|301.05
74245,316.95|493.7
74246,213.4|337.2
74247,377.95|264.15
74248,567.2|222.2
74249,248.75|422.7
74250,372.6|395.2
74251,532.15|420.05
74252,477.55|360.45
74253,565.45|592.5
74254,592.7|302.5
74255,575.2|244.0
74256,473.8|215.15
74257,586.8|294.3
74258,476.45|499.35
74259,408.1|417.8
74260,341.95|431.55
74261,355.3|439.25
74262,553.0|580.25
74263,452.35|571.7
74264,225.95|498.85
74265,391.35|224.15
74266,357.4|490.1
74267,585.85|208.5
74268,354.8|403.45
74269,422.7|464.8
74270,284.05|562.05
74271,583.95|477.45
74272,389.15|592.0
74273,460.45|399.05
74274,529.4|437.65
74275,388.45|577.9
74276,454.05|377.6
74277,284.3|320.3
74278,588.25|492.15
74279,353.9|481.5
74280,574.0|395.9
74281,250.25|538.0
74282,573.55|317.25
74283,445.9|301.35
74284,402.2|588.5
74285,416.05|585.75
74286,254.8|292.3
74287,587.55|510.5
74288,463.05|423.6
74289,445.7|475.6
74290,447.75|583.45
74291,390.25|591.25
74292,306.85|437.45
74293,364.05|283.75
74294,467.25|493.4
74295,290.1|327.3
74296,214.2|416.85
74297,234.3|271.75
74298,266.35|551.2
74299,257.5|309.3
74300,212.7|387.4
74301,326.45|394.55
74302,405.65|297.9
74303,466.85|499.15
74304,370.65|212.1
74305,425.95|254.2
74306,287.8|302.3
74307,347.5|587.9
74308,321.75|360.65
74309,424.1|585.35
74310,253.35|449.95
74311,428.65|575.45
74312,393.25|482.1
74313,404.2|558.5
74314,374.4|260.85
74315,297.95|388.6
74316,205.8|582.8
74317,274.8|341.75
74318,284.25|544.2
74319,273.8|356.5
74320,577.6|376.95
74321,416.75|474.5
74322,550.7|471.55
74323,573.3|408.6
74324,245.1|416.0
74325,237.65|507.8
74326,585.95|471.3
74327,334.6|555.8
74328,365.35|384.1
74329,248.75|422.6
74330,266.9|431.2
74331,534.25|584.85
74332,388.15|586.55
74333,281.1|513.2
74334,271.2|552.85
74335,354.65|234.5
74336,315.15|568.45
74337,259.45|411.35
74338,448.85|430.25
74339,483.85|532.65
74340,345.2|556.9
74341,327.85|580.0
74342,401.3|274.85
74343,271.6|208.3
74344,521.7|360.7
74345,444.3|543.4
74346,232.2|342.15
74347,274.0|259.9
74348,481.45|280.35
74349,529.15|430.9
74350,395.4|261.4
74351,488.5|483.8
74352,450.65|247.55
74353,345.8|379.65
74354,449.65|587.75
74355,589.9|214.25
74356,395.05|483.7
74357,472.75|264.8
74358,490.15|487.8
74359,458.9|569.85
74360,420.15|213.3
74361,316.5|327.3
74362,478.3|467.3
74363,475.8|330.0
74364,210.05|389.35
74365,424.7|229.0
74366,264.8|439.25
74367,527.15|482.2
74368,516.9|447.65
74369,210.8|403.55
74370,272.3|590.1
74371,409.1|591.85
74372,364.15|284.95
74373,279.65|276.35
74374,385.7|566.2
74375,410.75|442.45
74376,378.85|580.55
74377,235.85|337.95
74378,575.1|404.35
74379,582.7|568.6
74380,436.0|541.6
74381,541.15|586.85
74382,261.45|306.15
74383,236.25|544.2
74384,420.9|451.2
74385,332.2|459.1
74386,591.65|363.45
74387,472.1|467.1
74388,207.2|246.15
74389,356.25|511.1
74390,586.05|471.8
74391,325.75|418.6
74392,509.7|421.85
74393,226.75|410.0
74394,543.4|511.2
74395,261.65|279.1
74396,416.55|289.6
74397,443.6|326.7
74398,347.0|524.85
74399,215.65|336.15
74400,251.9|269.8
74401,469.35|296.7
74402,405.6|570.9
74403,319.25|358.6
74404,528.65|479.3
74405,477.0|348.95
74406,211.65|278.05
74407,480.85|340.6
74408,219.6|305.6
74409,227.45|300.1
74410,416.95|379.8
74411,553.25|581.05
74412,258.3|411.5
74413,361.2|424.1
74414,351.85|447.35
74415,240.85|216.0
74416,452.05|346.95
74417,356.6|240.95
74418,261.65|216.9
74419,360.55|559.4
74420,453.25|377.4
74421,347.6|430.3
74422,222.0|495.85
74423,580.5|316.7
74424,427.1|216.65
74425,248.3|250.15
74426,563.05|475.5
74427,285.15|380.9
74428,498.25|350.85
74429,506.95|229.75
74430,394.5|298.7
74431,354.4|542.35
74432,324.3|317.4
74433,270.8|373.1
74434,586.1|339.55
74435,589.7|343.85
74436,434.6|346.65
74437,583.65|506.35
74438,423.7|376.8
74439,387.2|535.55
74440,337.05|395.6
74441,284.05|592.1
74442,450.7|389.5
74443,280.8|435.35
74444,561.55|361.1
74445,404.4|443.1
74446,216.95|497.45
74447,478.15|519.25
74448,415.35|324.25
74449,214.5|325.6
74450,535.35|343.5
74451,277.7|592.85
74452,209.45|524.4
74453,383.7|321.75
74454,209.45|402.85
74455,346.75|343.05
74456,556.7|328.3
74457,572.2|253.45
74458,473.25|551.85
74459,234.25|511.35
74460,340.8|349.65
74461,414.05|224.1
74462,587.7|220.65
74463,279.25|450.9
74464,533.8|468.85
74465,276.85|409.2
74466,477.5|270.25
74467,231.65|237.6
74468,540.9|293.35
74469,255.2|303.1
74470,553.6|276.65
74471,531.3|582.45
74472,231.4|229.8
74473,229.2|492.15
74474,527.75|574.95
74475,333.55|236.85
74476,469.85|247.7
74477,327.3|364.75
74478,395.0|286.85
74479,400.35|590.05
74480,259.6|229.95
74481,212.25|585.95
74482,412.9|347.8
74483,535.2|223.2
74484,420.0|539.65
74485,592.25|362.0
74486,452.0|225.95
74487,219.6|303.35
74488,556.5|491.15
74489,214.15|485.2
74490,568.45|559.5
74491,576.35|569.15
74492,222.45|458.2
74493,224.0|284.4
74494,398.1|410.0
74495,210.85|289.45
74496,336.45|255.5
74497,271.9|428.05
74498,593.2|380.8
74499,224.55|475.95
74500,259.85|273.15
74501,248.35|389.65
74502,209.45|584.25
74503,212.15|577.0
74504,255.15|250.95
74505,206.1|526.2
74506,461.55|555.85
74507,339.85|521.15
74508,346.9|316.7
74509,543.45|585.3
74510,264.8|573.0
74511,489.85|242.8
74512,555.55|557.85
74513,440.3|229.6
74514,422.6|271.85
74515,532.0|423.85
74516,240.6|490.65
74517,543.9|503.1
74518,305.1|441.25
74519,411.6|458.3
74520,267.25|239.15
74521,398.95|561.75
74522,406.55|360.0
74523,338.55|509.95
74524,289.65|301.95
74525,518.15|420.75
74526,255.0|367.35
74527,514.55|501.05
74528,239.65|398.65
74529,414.7|539.3
74530,587.2|351.4
74531,310.95|557.25
74532,208.2|585.65
74533,241.9|414.7
74534,400.6|354.55
74535,483.5|311.65
74536,257.55|337.7
74537,455.75|326.05
74538,386.15|283.0
74539,470.2|455.8
74540,279.5|430.3
74541,461.55|572.85
74542,412.85|284.35
74543,470.6|377.45
74544,390.7|592.1
74545,240.5|496.95
74546,407.45|369.2
74547,411.05|422.55
74548,544.9|267.05
74549,459.8|326.0
74550,554.85|220.4
74551,552.7|360.45
74552,578.6|511.65
74553,241.55|305.15
74554,462.85|238.65
74555,534.75|345.4
74556,280.2|548.45
74557,560.0|264.25
74558,402.0|267.0
74559,587.7|435.8
74560,399.2|593.35
74561,239.2|384.0
74562,578.35|453.0
74563,399.35|347.65
74564,572.05|241.4
74565,238.9|581.35
74566,390.8|586.1
74567,560.8|323.1
74568,252.2|234.7
74569,412.6|592.2
74570,447.75|453.4
74571,564.95|585.9
74572,543.6|301.1
74573,382.25|479.2
74574,286.95|315.85
74575,531.3|515.5
74576,385.85|297.45
74577,397.3|402.65
74578,283.1|454.15
74579,464.65|541.95
74580,406.05|268.65
74581,383.7|543.25
74582,420.0|586.3
74583,412.15|313.35
74584,586.1|470.45
74585,464.6|284.3
74586,355.6|410.65
74587,235.2|224.5
74588,215.35|374.15
74589,441.8|307.0
74590,551.6|221.2
74591,524.15|368.15
74592,574.3|348.55
74593,336.75|503.95
74594,386.05|355.3
74595,330.6|323.7
74596,245.3|562.2
74597,347.3|332.1
74598,553.25|243.75
74599,235.95|420.65
74600,553.05|251.9
74601,505.75|351.65
74602,262.9|256.25
74603,376.2|278.25
74604,445.65|315.1
74605,245.1|259.3
74606,211.4|591.05
74607,338.95|527.95
74608,209.0|459.75
74609,221.95|462.1
74610,579.9|539.1
74611,439.3|378.8
74612,273.3|455.2
74613,545.8|458.7
74614,561.05|470.8
74615,276.4|263.85
74616,346.45|421.05
74617,546.2|238.45
74618,237.75|350.0
74619,472.2|286.35
74620,536.1|263.35
74621,584.15|479.25
74622,271.0|595.55
74623,546.6|316.5
74624,537.1|449.55
74625,210.5|293.6
74626,211.4|323.75
74627,377.9|501.55
74628,448.3|533.3
74629,480.35|463.4
74630,561.4|275.15
74631,262.7|560.65
74632,338.3|409.9
74633,401.05|467.4
74634,231.6|222.25
74635,564.4|217.65
74636,253.3|591.7
74637,564.25|265.95
74638,239.7|488.45
74639,285.15|432.35
74640,472.5|462.65
74641,284.85|458.9
74642,434.9|319.6
74643,522.7|476.2
74644,243.45|327.35
74645,218.9|494.75
74646,345.4|230.15
74647,265.65|403.45
74648,274.85|494.1
74649,440.7|588.75
74650,258.75|393.95
74651,413.2|551.85
74652,451.5|452.35
74653,392.45|455.65
74654,397.05|462.55
74655,350.5|242.1
74656,212.75|576.55
74657,459.85|565.5
74658,467.55|254.9
74659,396.8|369.75
74660,267.75|256.05
74661,557.9|324.55
74662,226.6|503.0
74663,346.3|432.95
74664,285.9|374.85
74665,463.5|350.7
74666,539.0|345.3
74667,400.45|433.25
74668,460.2|443.9
74669,576.35|459.55
74670,559.5|228.75
74671,381.15|325.05
74672,461.9|409.5
74673,403.85|452.0
74674,428.1|572.95
74675,563.5|581.2
74676,374.5|590.3
74677,469.55|515.2
74678,428.15|520.75
74679,394.65|339.05
74680,501.2|539.4
74681,276.8|348.9
74682,584.4|532.75
74683,416.5|465.2
74684,506.9|517.8
74685,431.75|322.65
74686,433.15|591.75
74687,410.0|431.2
74688,341.6|320.15
74689,368.8|214.45
74690,257.7|288.6
74691,245.6|292.45
74692,231.65|417.7
74693,593.25|403.65
74694,335.05|438.4
74695,259.9|280.9
74696,415.25|456.8
74697,591.25|579.2
74698,460.65|560.45
74699,310.9|550.9
74700,364.85|458.3
74701,467.55|347.1
74702,592.75|570.7
74703,267.45|585.8
74704,309.25|401.9
74705,453.95|581.7
74706,406.6|550.35
74707,406.8|506.25
74708,341.0|589.9
74709,569.6|504.35
74710,286.25|460.25
74711,425.55|312.55
74712,532.65|284.55
74713,289.55|478.95
74714,403.45|293.25
74715,416.0|546.5
74716,558.0|571.55
74717,246.95|217.8
74718,481.95|372.6
74719,437.65|483.15
74720,579.35|351.4
74721,257.15|283.85
74722,462.85|238.05
74723,409.45|365.8
74724,504.4|361.4
74725,259.35|379.9
74726,241.6|478.15
74727,318.8|360.9
74728,331.05|418.8
74729,388.05|283.4
74730,265.5|568.5
74731,238.9|410.45
74732,541.15|428.65
74733,405.0|336.15
74734,440.75|434.95
74735,537.65|422.75
74736,215.55|352.75
74737,219.0|296.7
74738,439.7|545.35
74739,381.05|387.3
74740,384.55|572.15
74741,345.4|346.7
74742,295.35|591.8
74743,274.9|370.85
74744,370.9|576.85
74745,419.7|342.55
74746,427.2|232.5
74747,563.45|326.95
74748,511.5|349.6
74749,461.6|564.2
74750,569.0|537.8
74751,502.25|455.0
74752,226.55|547.05
74753,360.2|328.85
74754,224.1|278.4
74755,274.3|594.1
74756,254.4|238.7
74757,279.85|260.0
74758,495.25|285.25
74759,449.15|560.55
74760,496.65|449.6
74761,355.4|424.85
74762,234.7|374.85
74763,409.85|375.45
74764,407.45|507.75
74765,270.15|251.7
74766,530.35|525.2
74767,522.3|436.75
74768,366.45|566.65
74769,231.15|249.2
74770,263.05|485.35
74771,229.7|584.65
74772,569.05|523.55
74773,308.25|374.85
74774,239.0|533.8
74775,567.4|472.85
74776,422.15|559.25
74777,326.9|574.4
74778,414.5|228.75
74779,391.6|486.35
74780,556.85|586.05
74781,354.1|440.0
74782,303.7|318.75
74783,574.8|292.05
74784,402.65|315.85
74785,531.7|584.3
74786,542.5|550.8
74787,532.7|441.95
74788,436.85|330.8
74789,232.2|239.35
74790,482.1|284.6
74791,249.35|284.95
74792,474.95|327.45
74793,208.7|586.8
74794,418.4|359.3
74795,565.7|269.85
74796,208.2|590.85
74797,472.8|307.0
74798,250.9|502.9
74799,563.4|541.9
74800,221.9|376.5
74801,464.6|231.95
74802,410.45|269.1
74803,283.9|520.45
74804,261.5|308.1
74805,230.1|408.35
74806,546.8|586.3
74807,363.35|429.9
74808,565.8|495.95
74809,590.1|367.15
74810,399.0|351.4
74811,268.15|273.4
74812,450.6|560.75
74813,456.25|410.25
74814,466.95|425.6
74815,283.5|514.55
74816,389.7|323.35
74817,585.1|263.45
74818,545.0|459.65
74819,211.65|414.1
74820,575.3|215.85
74821,260.8|349.25
74822,402.35|565.25
74823,250.0|594.35
74824,295.4|402.5
74825,342.1|314.45
74826,225.5|444.15
74827,273.85|494.95
74828,535.7|444.6
74829,485.4|335.5
74830,422.7|377.75
74831,440.1|399.6
74832,252.45|309.05
74833,222.9|295.75
74834,215.3|571.5
74835,358.1|218.1
74836,480.85|511.8
74837,282.6|356.6
74838,226.6|421.75
74839,340.65|540.5
74840,478.7|492.1
74841,478.7|319.85
74842,267.65|378.95
74843,391.5|349.75
74844,537.7|262.35
74845,580.35|516.45
74846,593.35|388.2
74847,275.0|528.35
74848,262.6|585.4
74849,590.0|264.7
74850,406.75|557.8
74851,262.15|355.5
74852,276.4|246.35
74853,250.5|281.85
74854,215.1|582.55
74855,293.3|447.4
74856,391.5|447.45
74857,285.05|477.75
74858,304.55|371.85
74859,585.95|511.6
74860,570.2|256.05
74861,572.45|594.65
74862,286.6|392.55
74863,484.75|273.0
74864,570.05|589.6
74865,554.7|303.7
74866,366.05|296.05
74867,367.85|213.95
74868,593.1|280.35
74869,379.7|590.3
74870,583.75|390.45
74871,442.5|231.95
74872,564.4|531.45
74873,206.2|456.75
74874,592.1|498.4
74875,561.6|482.65
74876,355.55|206.45
74877,388.4|594.4
74878,511.85|534.9
74879,495.65|366.65
74880,252.45|302.8
74881,394.75|361.65
74882,454.6|307.45
74883,517.5|503.25
74884,389.4|291.0
74885,413.3|323.85
74886,545.0|574.0
74887,511.3|362.45
74888,396.15|508.75
74889,573.55|479.5
74890,399.4|300.45
74891,409.3|563.6
74892,557.1|369.65
74893,504.45|498.75
74894,553.35|445.8
74895,574.55|432.4
74896,333.9|423.35
74897,242.2|295.45
74898,255.9|213.45
74899,444.05|307.1
74900,450.35|463.15
74901,578.6|252.0
74902,548.15|257.75
74903,258.75|559.65
74904,440.9|398.0
74905,462.4|299.2
74906,274.65|533.55
74907,353.3|413.0
74908,390.1|315.85
74909,430.15|477.8
74910,255.45|488.25
74911,576.2|512.95
74912,218.25|298.45
74913,253.8|321.95
74914,248.2|578.6
74915,544.65|323.4
74916,266.3|340.7
74917,446.9|439.7
74918,586.25|397.8
74919,257.65|349.7
74920,392.15|507.35
74921,314.25|479.7
74922,272.4|381.7
74923,595.1|571.1
74924,427.85|430.35
74925,398.55|331.35
74926,576.15|441.3
74927,521.5|500.0
74928,221.95|473.85
74929,454.15|592.5
74930,378.3|230.85
74931,478.5|332.7
74932,207.6|498.75
74933,427.9|496.8
74934,443.1|230.2
74935,254.2|271.0
74936,396.7|407.0
74937,268.0|546.8
74938,470.55|512.3
74939,425.15|237.35
74940,332.2|362.5
74941,462.8|350.1
74942,580.55|491.65
74943,285.6|464.9
74944,414.55|472.2
74945,315.5|581.15
74946,211.75|459.3
74947,267.6|356.85
74948,239.85|334.95
74949,447.4|590.9
74950,235.7|524.5
74951,217.5|419.25
74952,462.8|262.5
74953,470.6|344.35
74954,210.05|525.7
74955,221.0|580.45
74956,239.1|561.35
74957,361.15|230.8
74958,402.05|254.05
74959,429.65|383.1
74960,342.25|258.4
74961,340.85|243.15
74962,406.1|537.15
74963,467.45|238.3
74964,420.75|457.3
74965,478.35|465.0
74966,584.0|482.25
74967,452.7|313.8
74968,434.0|488.4
74969,532.15|525.25
74970,217.85|553.2
74971,420.3|302.65
74972,216.25|373.35
74973,341.65|332.65
74974,345.1|259.4
74975,370.45|290.3
74976,227.35|208.0
74977,344.35|326.0
74978,416.6|545.5
74979,259.1|421.65
74980,215.0|228.4
74981,248.8|304.6
74982,247.3|214.65
74983,277.0|252.4
74984,584.8|536.7
74985,212.4|585.15
74986,371.85|220.3
74987,258.8|255.95
74988,585.7|271.65
74989,218.3|487.55
74990,386.25|352.3
74991,351.4|443.8
74992,548.85|450.9
74993,434.0|214.7
74994,535.9|568.3
74995,325.7|481.15
74996,591.5|272.85
74997,280.2|285.0
74998,526.7|430.2
74999,586.6|567.95
75000,257.95|570.0
75001,333.6|344.1
75002,578.95|276.85
75003,524.6|548.9
75004,370.55|392.85
75005,591.45|354.5
75006,591.15|271.35
75007,583.5|255.8
75008,270.05|433.5
75009,572.25|357.5
75010,443.7|574.85
75011,395.85|219.35
75012,358.45|432.05
75013,287.0|368.3
75014,549.2|287.3
75015,285.2|543.0
75016,284.9|446.95
75017,465.25|228.4
75018,240.0|486.7
75019,393.05|474.4
75020,588.45|589.8
75021,433.95|587.85
75022,518.4|347.25
75023,263.35|415.25
75024,285.85|442.35
75025,480.25|246.25
75026,567.5|365.3
75027,440.1|424.55
75028,570.4|523.4
75029,236.15|214.4
75030,235.85|393.65
75031,360.7|350.95
75032,544.9|552.65
75033,211.75|217.35
75034,209.95|329.25
75035,218.3|480.9
75036,548.45|250.35
75037,386.2|448.85
75038,471.45|282.35
75039,337.0|397.8
75040,257.45|516.95
75041,486.8|418.65
75042,480.4|476.35
75043,232.2|439.0
75044,357.85|530.1
75045,289.3|454.05
75046,387.7|229.05
75047,436.4|515.15
75048,476.7|350.05
75049,280.65|395.7
75050,355.7|445.2
75051,284.6|368.55
75052,286.85|435.15
75053,212.35|285.1
75054,485.85|362.35
75055,513.8|267.3
75056,430.4|212.65
75057,388.05|291.8
75058,261.7|557.55
75059,554.0|533.15
75060,573.6|418.55
75061,395.25|471.55
75062,229.1|539.7
75063,569.9|517.25
75064,230.35|582.35
75065,534.75|558.0
75066,402.85|410.6
75067,243.95|488.75
75068,261.55|418.95
75069,588.0|359.85
75070,473.25|327.15
75071,211.0|592.65
75072,239.15|438.7
75073,368.5|231.95
75074,573.55|231.9
75075,263.55|566.8
75076,232.1|231.15
75077,313.7|401.9
75078,407.8|358.9
75079,218.0|561.05
75080,273.25|262.35
75081,415.65|487.2
75082,413.25|561.3
75083,407.95|411.6
75084,337.25|215.8
75085,544.9|245.2
75086,572.45|563.2
75087,245.4|562.6
75088,423.05|496.55
75089,428.65|475.1
75090,592.95|360.15
75091,360.5|375.1
75092,454.85|448.4
75093,221.35|279.95
75094,510.65|488.4
75095,587.75|415.85
75096,391.1|220.5
75097,287.75|448.4
75098,207.05|483.45
75099,466.0|506.5
75100,469.35|347.65
75101,352.45|559.1
75102,248.1|312.85
75103,441.7|235.4
75104,409.15|517.55
75105,587.8|335.8
75106,471.35|221.55
75107,372.15|582.8
75108,455.1|414.75
75109,421.5|572.15
75110,457.75|588.0
75111,469.4|352.9
75112,282.85|534.55
75113,372.3|593.3
75114,378.25|488.65
75115,353.65|510.5
75116,556.85|228.2
75117,275.9|459.05
75118,482.45|517.9
75119,317.7|501.85
75120,279.25|454.75
75121,552.2|520.65
75122,405.2|416.4
75123,545.4|438.25
75124,476.05|355.4
75125,555.8|380.45
75126,255.45|224.35
75127,368.65|576.5
75128,262.15|567.4
75129,423.15|501.0
75130,250.15|455.15
75131,206.3|503.3
75132,477.5|352.95
75133,552.8|359.4
75134,404.65|243.05
75135,379.55|242.9
75136,249.85|262.05
75137,265.05|323.05
75138,329.8|591.15
75139,267.3|407.85
75140,265.3|284.0
75141,228.8|428.2
75142,472.0|282.25
75143,347.7|218.9
75144,397.15|592.1
75145,213.95|589.85
75146,464.1|325.15
75147,290.4|485.75
75148,236.75|272.4
75149,368.45|583.0
75150,272.0|224.75
75151,594.4|381.0
75152,359.4|281.85
75153,562.1|296.15
75154,325.35|578.25
75155,561.2|495.85
75156,262.1|314.05
75157,235.6|304.55
75158,513.45|258.05
75159,239.2|369.25
75160,426.95|220.8
75161,466.1|557.05
75162,595.95|416.5
75163,540.7|316.95
75164,221.95|463.6
75165,370.25|571.85
75166,302.15|518.85
75167,590.4|489.1
75168,468.2|459.55
75169,426.9|320.65
75170,334.75|278.85
75171,342.7|432.4
75172,203.55|507.55
75173,250.7|421.45
75174,282.15|496.4
75175,354.6|585.35
75176,212.4|580.85
75177,210.0|462.35
75178,274.8|540.6
75179,239.65|412.5
75180,444.95|209.75
75181,425.55|232.8
75182,238.95|578.4
75183,210.35|455.8
75184,518.1|504.7
75185,564.0|485.05
75186,258.7|494.55
75187,288.45|327.8
75188,282.3|587.75
75189,538.2|300.8
75190,405.85|418.0
75191,358.25|566.7
75192,577.65|233.7
75193,484.6|378.25
75194,445.05|329.45
75195,458.35|526.75
75196,371.9|232.35
75197,421.0|571.1
75198,453.65|589.3
75199,336.4|323.05
75200,545.0|350.0
75201,440.65|424.6
75202,454.05|353.95
75203,415.5|337.45
75204,572.95|510.85
75205,593.9|486.7
75206,489.45|528.95
75207,438.75|246.4
75208,430.2|366.75
75209,366.8|315.05
75210,392.8|440.7
75211,399.65|272.3
75212,408.0|357.35
75213,423.25|235.25
75214,380.65|332.5
75215,273.0|589.1
75216,347.1|561.95
75217,247.4|296.3
75218,255.35|468.95
75219,543.1|329.1
75220,327.0|397.65
75221,380.55|396.15
75222,535.0|458.95
75223,455.4|221.1
75224,578.2|291.3
75225,579.2|549.8
75226,341.8|332.55
75227,575.25|590.75
75228,550.15|326.05
75229,345.35|571.65
75230,351.25|501.25
75231,445.6|404.55
75232,384.9|252.55
75233,361.4|558.0
75234,234.6|251.7
75235,556.55|577.75
75236,278.7|389.05
75237,446.85|582.25
75238,226.0|448.95
75239,220.2|480.2
75240,542.95|455.35
75241,250.5|418.2
75242,386.2|556.8
75243,474.8|279.7
75244,271.6|590.75
75245,439.65|556.65
75246,243.8|281.2
75247,337.35|531.15
75248,579.55|396.15
75249,483.1|367.55
75250,552.65|292.15
75251,383.3|369.05
75252,240.5|280.95
75253,205.25|512.7
75254,353.8|209.9
75255,579.9|578.85
75256,246.3|349.45
75257,257.9|339.45
75258,412.3|578.95
75259,435.3|378.1
75260,351.6|321.55
75261,320.15|382.1
75262,540.7|482.55
75263,266.15|560.8
75264,257.1|300.8
75265,368.0|251.3
75266,353.75|454.3
75267,429.1|398.85
75268,252.0|550.35
75269,532.85|553.95
75270,258.5|570.3
75271,350.15|333.7
75272,266.2|566.5
75273,221.3|536.05
75274,225.75|437.0
75275,565.6|413.5
75276,477.3|344.5
75277,390.55|502.1
75278,351.35|330.15
75279,233.35|240.9
75280,245.2|216.8
75281,573.65|591.9
75282,240.1|226.65
75283,452.1|586.7
75284,230.5|443.85
75285,240.35|423.05
75286,436.85|528.85
75287,370.45|438.6
75288,347.4|378.15
75289,242.9|348.9
75290,382.65|444.5
75291,446.85|405.1
75292,372.45|273.35
75293,292.35|416.0
75294,238.2|276.05
75295,455.8|588.65
75296,234.95|592.0
75297,463.0|248.95
75298,553.2|269.35
75299,397.15|584.75
75300,262.1|217.15
75301,344.9|221.35
75302,484.55|330.4
75303,588.2|357.5
75304,360.85|235.45
75305,233.25|367.05
75306,461.9|486.35
75307,460.75|468.5
75308,460.55|357.15
75309,458.9|403.2
75310,471.75|323.25
75311,582.0|536.9
75312,587.95|562.5
75313,462.1|328.85
75314,492.5|519.4
75315,593.25|400.65
75316,560.95|425.5
75317,464.15|564.95
75318,583.2|547.25
75319,467.15|564.8
75320,288.55|465.35
75321,222.1|220.9
75322,519.45|440.4
75323,220.15|382.85
75324,227.9|496.6
75325,295.45|334.45
75326,526.6|428.25
75327,445.7|321.3
75328,341.55|333.35
75329,250.75|352.15
75330,260.95|274.3
75331,293.7|383.9
75332,231.15|481.85
75333,285.45|453.25
75334,320.95|341.0
75335,374.8|501.75
75336,415.2|455.65
75337,259.35|554.15
75338,278.9|467.2
75339,568.45|431.95
75340,396.45|367.55
75341,227.8|502.55
75342,475.05|479.3
75343,466.4|565.5
75344,331.15|450.25
75345,374.0|582.6
75346,336.0|355.9
75347,586.05|368.75
75348,438.55|366.85
75349,332.35|405.85
75350,324.45|215.15
75351,382.6|502.5
75352,216.55|221.5
75353,458.85|381.0
75354,576.0|539.25
75355,537.4|253.0
75356,344.2|562.1
75357,469.25|241.9
75358,590.75|397.75
75359,239.2|553.6
75360,372.4|281.9
75361,466.1|445.0
75362,546.35|489.9
75363,454.0|323.7
75364,255.1|238.45
75365,437.6|444.65
75366,588.75|382.65
75367,381.85|231.0
75368,572.8|508.35
75369,438.5|465.25
75370,581.5|306.3
75371,527.35|423.0
75372,470.3|244.35
75373,219.0|492.85
75374,566.75|399.8
75375,288.45|538.4
75376,285.35|447.2
75377,284.25|445.25
75378,471.15|279.35
75379,572.7|562.2
75380,367.35|394.9
75381,458.1|562.1
75382,400.7|580.1
75383,452.6|567.6
75384,419.35|387.4
75385,390.6|592.05
75386,219.1|418.05
75387,449.9|452.05
75388,227.7|251.55
75389,438.25|310.6
75390,409.1|412.4
75391,218.4|354.35
75392,458.6|307.6
75393,528.7|547.35
75394,415.75|390.4
75395,267.7|407.85
75396,405.55|544.55
75397,335.0|361.55
75398,225.6|421.4
75399,496.15|518.6
75400,446.45|460.2
75401,531.2|337.15
75402,279.65|392.4
75403,255.3|426.65
75404,556.85|295.8
75405,225.4|475.75
75406,532.95|270.3
75407,521.0|529.25
75408,262.95|262.35
75409,402.9|547.8
75410,413.45|573.85
75411,423.2|476.15
75412,422.85|246.75
75413,332.35|392.7
75414,323.5|541.75
75415,534.05|337.15
75416,549.8|277.1
75417,215.8|533.65
75418,405.85|480.3
75419,456.05|242.7
75420,459.85|267.0
75421,386.0|391.35
75422,428.25|322.4
75423,589.85|576.15
75424,264.6|586.8
75425,426.25|438.45
75426,214.6|256.75
75427,271.1|297.6
75428,265.05|307.05
75429,370.0|455.05
75430,355.7|337.9
75431,550.55|587.95
75432,330.45|505.2
75433,483.3|440.5
75434,282.7|341.75
75435,288.85|552.85
75436,574.6|567.05
75437,406.25|441.65
75438,274.7|336.9
75439,480.25|259.2
75440,578.35|312.7
75441,592.4|270.85
75442,520.45|338.95
75443,436.5|465.9
75444,350.8|335.1
75445,547.1|241.55
75446,231.8|511.7
75447,413.65|505.05
75448,480.9|437.3
75449,348.2|423.5
75450,587.1|298.3
75451,388.55|264.75
75452,586.95|370.45
75453,566.0|285.15
75454,341.75|593.7
75455,265.3|566.7
75456,588.25|495.5
75457,226.2|352.2
75458,547.25|244.95
75459,432.7|241.55
75460,241.15|540.05
75461,380.45|215.1
75462,404.45|284.0
75463,385.65|560.9
75464,452.9|413.35
75465,429.7|263.65
75466,585.75|542.3
75467,209.5|260.25
75468,376.45|408.1
75469,398.7|497.3
75470,562.45|336.25
75471,569.25|482.9
75472,338.55|368.15
75473,247.05|440.3
75474,392.9|505.55
75475,231.85|319.35
75476,573.95|506.35
75477,521.5|478.4
75478,436.0|260.2
75479,354.55|435.95
75480,461.65|443.35
75481,345.85|251.7
75482,276.8|412.8
75483,299.15|328.5
75484,487.45|367.25
75485,427.85|538.85
75486,484.45|342.85
75487,448.65|328.45
75488,422.95|390.85
75489,527.1|457.7
75490,583.15|234.3
75491,387.95|573.35
75492,209.45|515.75
75493,567.8|254.4
75494,396.75|288.45
75495,451.8|569.1
75496,392.65|207.65
75497,273.25|282.0
75498,579.4|585.95
75499,419.45|278.15
75500,342.7|556.55
75501,374.3|444.3
75502,254.25|501.35
75503,234.65|355.75
75504,421.6|346.55
75505,472.05|216.3
75506,394.0|450.1
75507,580.95|555.15
75508,375.3|209.85
75509,271.6|543.8
75510,362.9|407.55
75511,560.25|435.9
75512,444.75|421.65
75513,444.1|550.0
75514,482.6|229.45
75515,417.6|384.05
75516,413.9|298.0
75517,376.85|260.45
75518,543.9|489.85
75519,406.05|373.2
75520,563.75|238.25
75521,214.75|583.45
75522,391.35|216.5
75523,365.15|586.2
75524,370.0|230.35
75525,290.3|530.9
75526,331.0|477.8
75527,559.85|577.7
75528,207.55|587.25
75529,417.9|488.25
75530,512.55|352.95
75531,270.7|562.85
75532,443.7|293.2
75533,392.9|493.65
75534,388.95|523.2
75535,260.85|554.25
75536,387.8|358.55
75537,573.5|239.55
75538,322.35|341.55
75539,440.3|589.2
75540,286.35|288.85
75541,289.05|553.75
75542,232.8|457.15
75543,397.7|322.6
75544,452.0|326.05
75545,234.8|447.05
75546,507.45|481.7
75547,460.2|225.6
75548,563.25|248.5
75549,583.75|366.6
75550,432.05|445.7
75551,573.85|562.3
75552,470.45|468.65
75553,575.2|437.55
75554,348.55|314.05
75555,347.05|239.3
75556,515.85|513.6
75557,228.05|462.0
75558,470.2|465.85
75559,567.55|501.25
75560,214.55|582.45
75561,348.8|547.3
75562,583.7|474.6
75563,421.7|368.4
75564,543.3|446.85
75565,289.7|314.15
75566,316.45|335.1
75567,404.4|369.7
75568,593.7|491.7
75569,557.4|323.5
75570,425.9|448.95
75571,565.45|541.65
75572,213.45|583.8
75573,291.35|409.75
75574,451.8|389.65
75575,350.35|236.45
75576,434.9|222.95
75577,489.9|470.1
75578,243.95|548.35
75579,464.4|464.55
75580,222.8|216.65
75581,548.35|542.25
75582,381.95|490.75
75583,467.85|283.6
75584,236.05|260.3
75585,489.4|486.15
75586,578.55|296.75
75587,241.1|581.65
75588,400.2|593.8
75589,532.55|296.45
75590,550.35|367.4
75591,410.15|510.95
75592,360.3|243.85
75593,514.15|459.4
75594,486.6|465.0
75595,540.4|441.8
75596,484.55|300.6
75597,324.7|319.1
75598,436.8|579.35
75599,495.6|224.25
75600,355.35|455.4
75601,303.95|450.55
75602,586.7|411.1
75603,403.0|589.6
75604,569.3|590.05
75605,253.85|558.3
75606,471.8|315.65
75607,346.5|344.4
75608,247.85|358.5
75609,235.75|210.45
75610,463.1|558.45
75611,569.5|211.1
75612,433.4|213.15
75613,532.9|567.25
75614,352.3|377.75
75615,354.5|220.05
75616,264.05|320.55
75617,523.4|435.55
75618,545.65|553.95
75619,536.85|592.1
75620,468.4|352.05
75621,415.25|241.35
75622,259.85|399.45
75623,551.35|426.65
75624,336.2|499.4
75625,350.55|445.65
75626,543.15|341.7
75627,387.6|237.45
75628,464.85|254.9
75629,428.5|592.05
75630,456.45|579.6
75631,427.4|276.5
75632,454.5|430.35
75633,460.75|424.25
75634,475.5|215.1
75635,323.95|360.3
75636,563.15|476.2
75637,412.25|460.55
75638,529.2|281.65
75639,285.6|398.6
75640,281.4|255.4
75641,428.1|394.9
75642,513.2|469.3
75643,425.9|346.25
75644,478.25|363.35
75645,468.85|364.95
75646,408.05|588.45
75647,382.2|593.95
75648,590.05|423.5
75649,583.1|422.05
75650,317.15|421.15
75651,475.3|271.1
75652,570.2|299.65
75653,469.0|445.45
75654,356.1|355.35
75655,336.75|219.9
75656,453.75|376.05
75657,236.55|427.3
75658,552.25|347.35
75659,436.15|330.65
75660,353.85|490.5
75661,573.4|243.95
75662,546.85|546.15
75663,439.25|530.9
75664,248.15|500.3
75665,447.05|241.0
75666,364.5|414.15
75667,209.1|582.45
75668,401.25|309.5
75669,430.4|295.2
75670,407.95|533.9
75671,238.25|354.4
75672,362.7|506.1
75673,369.15|357.9
75674,406.9|403.25
75675,476.55|404.65
75676,406.8|322.65
75677,531.8|446.05
75678,592.2|375.05
75679,538.3|551.45
75680,428.1|392.8
75681,340.65|591.85
75682,504.75|457.25
75683,589.85|426.45
75684,360.2|477.7
75685,260.65|550.75
75686,374.75|250.15
75687,411.9|371.0
75688,483.95|350.2
75689,403.35|417.45
75690,575.65|228.35
75691,226.25|211.3
75692,537.1|541.75
75693,570.95|557.65
75694,400.15|525.6
75695,219.5|473.85
75696,488.65|343.0
75697,227.25|433.05
75698,562.05|377.45
75699,416.85|496.65
75700,550.55|485.9
75701,228.4|276.6
75702,446.05|325.0
75703,226.7|247.55
75704,551.25|239.9
75705,469.05|285.4
75706,339.65|410.75
75707,422.3|367.7
75708,256.35|258.1
75709,340.35|342.95
75710,239.55|459.25
75711,577.9|455.35
75712,364.25|328.2
75713,438.7|510.15
75714,233.9|216.25
75715,466.2|209.2
75716,270.25|287.05
75717,416.55|562.6
75718,339.4|345.65
75719,232.0|473.3
75720,579.75|263.45
75721,476.4|561.45
75722,331.05|502.4
75723,450.85|575.15
75724,317.45|381.7
75725,537.75|285.4
75726,589.55|523.0
75727,355.0|313.2
75728,544.0|347.0
75729,505.45|296.3
75730,480.5|508.55
75731,417.5|458.6
75732,258.3|270.2
75733,365.1|342.75
75734,264.8|553.75
75735,408.25|443.95
75736,258.0|225.1
75737,333.5|398.6
75738,590.7|507.45
75739,576.5|470.8
75740,430.05|384.85
75741,470.35|461.15
75742,278.05|438.1
75743,212.05|226.7
75744,465.95|402.95
75745,349.85|260.95
75746,246.2|476.65
75747,253.35|418.85
75748,437.55|584.95
75749,274.3|404.9
75750,589.9|499.25
75751,590.0|209.55
75752,248.4|424.5
75753,559.9|518.25
75754,568.8|491.85
75755,513.15|293.75
75756,588.25|296.85
75757,580.6|436.95
75758,459.3|425.9
75759,321.4|325.75
75760,433.05|261.05
75761,232.3|253.5
75762,390.4|312.9
75763,566.85|465.4
75764,447.95|429.4
75765,295.4|448.1
75766,272.4|573.2
75767,583.35|356.6
75768,427.25|436.8
75769,219.7|284.45
75770,543.3|278.7
75771,239.4|506.3
75772,462.05|454.75
75773,329.4|573.0
75774,549.95|225.6
75775,410.75|550.8
75776,422.2|577.65
75777,225.1|499.9
75778,397.55|500.15
75779,571.6|316.35
75780,247.75|443.25
75781,223.5|226.0
75782,399.05|530.3
75783,349.5|533.3
75784,231.25|416.15
75785,359.3|288.7
75786,471.45|567.0
75787,588.5|443.5
75788,439.15|236.65
75789,390.2|360.5
75790,282.0|444.45
75791,435.25|304.8
75792,243.8|210.85
75793,575.95|280.1
75794,248.8|235.2
75795,422.65|340.4
75796,393.9|359.0
75797,226.15|414.8
75798,365.9|266.65
75799,583.3|582.05
75800,359.5|544.75
75801,433.7|267.85
75802,409.45|521.55
75803,566.7|560.4
75804,262.4|582.5
75805,286.1|472.0
75806,351.6|323.45
75807,451.25|494.1
75808,407.3|589.95
75809,351.5|503.95
75810,346.35|328.75
75811,446.7|587.3
75812,580.4|366.05
75813,435.5|470.75
75814,269.7|283.5
75815,249.0|491.5
75816,558.45|222.55
75817,267.9|254.45
75818,258.45|548.3
75819,562.8|249.25
75820,398.15|465.85
75821,368.0|220.6
75822,508.85|508.8
75823,590.0|492.8
75824,241.8|206.05
75825,363.0|414.8
75826,417.75|477.1
75827,426.1|411.1
75828,357.5|381.2
75829,384.0|511.05
75830,407.9|570.95
75831,338.1|379.6
75832,223.0|540.6
75833,450.2|576.2
75834,351.6|225.45
75835,275.7|220.95
75836,272.65|410.4
75837,395.65|476.7
75838,268.0|555.25
75839,421.05|382.65
75840,251.8|388.75
75841,521.9|327.05
75842,400.2|435.55
75843,388.2|497.35
75844,232.35|576.9
75845,590.5|418.0
75846,460.65|298.65
75847,381.35|208.55
75848,415.65|440.9
75849,322.0|349.9
75850,452.55|551.1
75851,453.55|462.75
75852,228.45|516.05
75853,366.4|272.1
75854,230.85|322.15
75855,438.2|361.45
75856,286.05|380.3
75857,426.2|319.5
75858,219.7|242.15
75859,547.75|300.75
75860,347.0|455.25
75861,359.05|212.05
75862,510.7|354.1
75863,543.65|331.65
75864,219.75|221.9
75865,210.1|572.8
75866,461.5|522.95
75867,239.3|373.4
75868,439.2|425.6
75869,560.75|307.7
75870,508.3|473.75
75871,571.55|340.6
75872,453.55|272.25
75873,266.65|379.6
75874,403.75|302.2
75875,207.15|487.4
75876,367.85|490.65
75877,465.75|225.45
75878,537.85|297.85
75879,364.2|511.7
75880,359.25|547.15
75881,214.1|473.05
75882,338.0|367.4
75883,393.25|300.55
75884,456.35|586.7
75885,563.3|461.3
75886,346.25|208.1
75887,590.05|367.3
75888,435.2|333.7
75889,234.75|247.0
75890,458.0|417.95
75891,287.65|229.8
75892,395.75|300.55
75893,221.25|346.65
75894,584.55|548.55
75895,531.85|309.7
75896,439.0|239.1
75897,405.4|344.7
75898,254.95|252.9
75899,422.5|333.55
75900,394.85|522.9
75901,380.25|557.15
75902,567.4|382.95
75903,369.95|269.25
75904,439.4|305.0
75905,556.85|573.7
75906,226.6|516.4
75907,430.45|466.9
75908,241.0|571.9
75909,553.4|359.9
75910,380.8|246.35
75911,534.65|430.7
75912,422.7|257.05
75913,528.95|539.45
75914,279.55|443.55
75915,463.3|224.75
75916,217.85|420.8
75917,404.05|294.45
75918,362.2|501.6
75919,327.3|358.7
75920,286.95|451.05
75921,436.9|330.1
75922,350.75|268.1
75923,354.75|427.5
75924,353.0|277.45
75925,237.8|210.1
75926,249.3|381.85
75927,281.05|390.95
75928,334.7|426.45
75929,521.5|340.2
75930,547.7|272.75
75931,275.35|362.7
75932,323.05|383.75
75933,249.3|293.0
75934,568.5|260.1
75935,375.7|273.05
75936,446.85|546.85
75937,457.95|296.5
75938,216.7|253.6
75939,470.05|281.65
75940,211.0|509.85
75941,243.6|400.15
75942,591.8|420.15
75943,461.35|440.7
75944,267.35|496.2
75945,362.8|348.2
75946,352.8|229.75
75947,341.9|262.5
75948,467.15|299.3
75949,239.55|530.5
75950,423.85|502.8
75951,352.7|435.25
75952,289.0|384.2
75953,447.65|559.85
75954,365.0|226.6
75955,428.6|509.25
75956,586.05|443.9
75957,338.05|420.0
75958,364.1|362.35
75959,391.6|304.35
75960,283.45|442.0
75961,521.4|432.3
75962,521.15|549.0
75963,407.15|593.3
75964,232.5|509.9
75965,246.05|389.35
75966,240.9|375.75
75967,498.75|397.85
75968,484.95|328.5
75969,356.1|276.05
75970,465.45|334.55
75971,528.85|545.8
75972,489.9|470.25
75973,568.2|284.9
75974,223.2|487.25
75975,393.2|585.6
75976,407.9|395.75
75977,586.65|418.1
75978,211.5|374.8
75979,249.7|307.4
75980,477.7|500.15
75981,541.45|271.35
75982,311.45|459.45
75983,356.65|438.6
75984,345.15|423.65
75985,500.95|345.85
75986,207.3|381.15
75987,360.9|262.65
75988,575.45|230.85
75989,211.25|583.4
75990,428.3|312.0
75991,342.45|350.5
75992,554.2|344.3
75993,351.2|522.65
75994,244.5|221.55
75995,571.75|493.6
75996,302.35|387.65
75997,209.6|566.5
75998,446.9|585.65
75999,230.8|445.3
76000,393.6|398.3
76001,384.25|262.95
76002,210.75|580.85
76003,377.0|582.95
76004,430.4|301.6
76005,553.65|302.4
76006,570.95|285.2
76007,592.1|292.15
76008,524.6|439.55
76009,466.3|349.85
76010,462.65|294.4
76011,371.45|375.4
76012,587.45|477.55
76013,542.6|335.15
76014,341.65|224.4
76015,342.3|220.2
76016,463.25|574.85
76017,525.1|370.6
76018,568.7|246.35
76019,288.1|454.2
76020,544.15|369.75
76021,424.25|518.95
76022,352.6|447.9
76023,515.95|500.4
76024,266.25|587.8
76025,534.7|375.75
76026,380.8|457.8
76027,540.3|348.6
76028,278.8|334.45
76029,254.0|233.35
76030,281.65|402.05
76031,430.6|434.8
76032,408.75|582.35
76033,211.65|586.9
76034,410.65|582.05
76035,475.7|289.65
76036,446.4|493.65
76037,391.45|358.15
76038,356.05|294.75
76039,398.55|581.1
76040,275.5|362.35
76041,526.6|536.3
76042,315.75|243.95
76043,453.25|474.6
76044,536.3|325.6
76045,368.45|208.45
76046,465.95|341.6
76047,583.45|334.95
76048,404.05|535.15
76049,304.05|514.1
76050,480.8|338.35
76051,307.0|360.9
76052,306.65|419.05
76053,440.7|559.55
76054,577.1|439.55
76055,355.95|428.0
76056,546.8|466.95
76057,585.15|222.15
76058,231.65|522.7
76059,534.1|353.0
76060,389.75|295.7
76061,576.4|280.55
76062,588.35|228.85
76063,216.75|331.6
76064,345.75|210.5
76065,405.95|469.35
76066,280.2|593.1
76067,418.0|348.9
76068,356.6|491.45
76069,470.15|438.95
76070,411.1|348.05
76071,420.05|460.0
76072,585.7|387.4
76073,556.8|342.3
76074,573.1|381.1
76075,393.6|503.25
76076,213.6|246.8
76077,251.9|351.6
76078,457.55|433.15
76079,216.9|261.05
76080,233.35|215.4
76081,367.55|591.25
76082,222.0|591.65
76083,586.15|222.35
76084,582.45|552.1
76085,291.4|514.95
76086,371.45|204.55
76087,371.1|446.8
76088,351.65|474.15
76089,344.05|574.2
76090,572.95|379.65
76091,249.9|377.5
76092,449.85|415.15
76093,285.9|303.65
76094,590.2|360.75
76095,268.55|332.65
76096,536.7|538.15
76097,554.7|523.85
76098,438.55|448.25
76099,373.95|491.4
76100,270.45|237.3
76101,481.7|257.85
76102,236.35|332.9
76103,355.4|452.15
76104,263.6|222.65
76105,231.8|505.45
76106,581.75|563.45
76107,217.35|401.75
76108,298.0|392.55
76109,262.25|291.45
76110,460.75|590.65
76111,569.2|246.95
76112,413.25|330.85
76113,230.3|413.4
76114,253.35|222.1
76115,443.05|586.7
76116,214.25|486.95
76117,399.45|442.55
76118,357.75|322.6
76119,446.4|561.05
76120,284.5|506.5
76121,224.85|503.3
76122,574.15|460.9
76123,405.6|561.0
76124,387.45|504.25
76125,347.8|570.3
76126,414.85|345.7
76127,570.9|437.65
76128,243.55|211.85
76129,261.7|434.55
76130,395.65|545.35
76131,425.05|278.6
76132,248.9|254.55
76133,218.5|418.45
76134,559.85|322.7
76135,210.65|244.15
76136,590.5|411.25
76137,263.8|337.55
76138,479.9|352.7
76139,263.7|237.25
76140,377.75|435.2
76141,438.75|500.9
76142,250.45|240.55
76143,223.05|475.9
76144,406.45|374.2
76145,503.45|222.7
76146,399.7|458.3
76147,471.4|220.4
76148,346.85|550.6
76149,577.4|572.55
76150,208.1|538.85
76151,269.5|542.35
76152,266.75|282.55
76153,552.8|382.15
76154,523.6|517.75
76155,395.15|368.0
76156,437.35|420.35
76157,306.45|416.45
76158,556.45|229.6
76159,226.55|307.6
76160,215.6|533.05
76161,358.25|459.5
76162,238.8|248.75
76163,336.05|398.85
76164,592.55|356.75
76165,222.65|233.85
76166,577.9|449.95
76167,286.85|585.15
76168,349.5|492.7
76169,434.6|326.3
76170,374.05|409.45
76171,213.4|555.3
76172,592.5|407.7
76173,276.25|430.05
76174,438.35|252.4
76175,256.8|428.7
76176,589.4|331.85
76177,216.9|316.55
76178,344.45|211.0
76179,573.55|351.05
76180,337.6|347.7
76181,383.8|529.55
76182,559.15|589.6
76183,209.55|394.1
76184,377.05|374.95
76185,357.4|410.15
76186,342.0|407.75
76187,371.05|406.4
76188,281.95|424.75
76189,230.65|262.9
76190,354.25|209.25
76191,237.0|248.85
76192,217.7|591.05
76193,562.45|230.75
76194,379.35|386.8
76195,264.05|374.25
76196,343.55|343.35
76197,274.3|237.0
76198,402.95|560.25
76199,348.75|404.55
76200,232.05|570.3
76201,531.3|334.25
76202,283.05|578.55
76203,359.7|487.65
76204,476.1|435.95
76205,284.35|319.1
76206,469.3|359.15
76207,571.1|539.6
76208,575.5|539.5
76209,240.15|239.6
76210,261.4|488.65
76211,393.15|299.05
76212,527.6|442.3
76213,288.15|560.75
76214,353.15|407.7
76215,255.65|353.7
76216,570.0|434.3
76217,228.5|527.05
76218,210.95|526.65
76219,523.75|534.8
76220,539.35|536.55
76221,594.2|261.6
76222,299.85|395.5
76223,412.0|294.05
76224,247.25|268.65
76225,347.1|323.3
76226,532.1|415.45
76227,507.95|490.25
76228,481.4|350.45
76229,368.2|378.3
76230,445.75|256.95
76231,214.6|354.0
76232,259.6|235.0
76233,444.85|298.4
76234,407.9|248.45
76235,282.45|370.95
76236,276.1|260.45
76237,479.75|357.0
76238,592.85|372.0
76239,234.25|375.8
76240,386.75|242.35
76241,259.2|244.45
76242,444.8|565.4
76243,416.2|525.7
76244,321.6|412.3
76245,274.05|369.35
76246,271.85|438.0
76247,588.75|561.9
76248,281.65|444.0
76249,209.7|481.8
76250,262.75|552.25
76251,391.9|404.85
76252,552.9|362.4
76253,410.95|222.5
76254,561.65|475.5
76255,365.6|379.55
76256,591.5|495.55
76257,550.65|590.85
76258,464.8|340.2
76259,540.15|403.5
76260,349.95|550.85
76261,351.4|278.7
76262,483.0|348.45
76263,569.75|261.05
76264,583.6|347.6
76265,223.8|302.6
76266,521.5|543.4
76267,373.25|535.3
76268,425.5|404.05
76269,454.6|558.1
76270,466.7|369.4
76271,541.4|577.1
76272,372.3|283.05
76273,473.7|364.9
76274,343.55|266.3
76275,270.4|570.65
76276,542.55|264.7
76277,263.7|563.0
76278,279.4|234.85
76279,403.25|430.95
76280,386.05|548.25
76281,555.25|545.0
76282,583.6|400.75
76283,233.35|470.75
76284,588.3|227.75
76285,402.35|465.25
76286,256.65|559.15
76287,341.75|376.55
76288,369.8|370.85
76289,424.6|498.6
76290,209.9|516.75
76291,389.9|481.35
76292,588.75|557.15
76293,431.65|344.8
76294,430.95|488.1
76295,353.55|255.35
76296,274.8|530.85
76297,589.15|489.55
76298,459.2|263.6
76299,433.5|348.65
76300,392.3|283.1
76301,401.85|336.85
76302,533.3|340.0
76303,356.55|213.5
76304,520.3|488.25
76305,320.7|576.25
76306,441.3|308.55
76307,450.9|237.3
76308,544.3|454.65
76309,508.55|480.15
76310,511.8|382.5
76311,263.05|282.4
76312,215.25|231.0
76313,563.1|512.3
76314,474.55|355.2
76315,362.7|592.15
76316,538.05|302.3
76317,471.5|351.35
76318,206.35|491.8
76319,492.5|272.45
76320,460.5|334.5
76321,447.7|301.4
76322,588.95|361.1
76323,320.55|422.9
76324,336.95|534.1
76325,341.4|423.7
76326,305.75|469.05
76327,567.6|254.95
76328,552.8|368.65
76329,438.85|221.15
76330,337.65|594.25
76331,252.3|390.3
76332,270.85|574.15
76333,333.15|287.6
76334,535.55|576.0
76335,237.0|243.75
76336,529.1|438.9
76337,593.1|483.05
76338,357.7|290.2
76339,221.7|489.65
76340,252.6|280.85
76341,213.7|389.3
76342,449.1|470.9
76343,574.6|588.75
76344,252.85|530.35
76345,537.3|456.9
76346,436.65|224.9
76347,560.85|552.5
76348,441.0|539.8
76349,287.7|412.3
76350,531.95|337.7
76351,263.55|537.8
76352,258.6|242.75
76353,411.75|220.5
76354,579.1|340.25
76355,567.25|576.95
76356,582.55|370.45
76357,563.5|232.55
76358,251.05|558.3
76359,343.2|392.25
76360,593.4|297.4
76361,275.75|494.7
76362,276.45|557.65
76363,459.7|501.4
76364,216.2|477.75
76365,583.0|213.1
76366,290.1|419.3
76367,267.1|397.1
76368,215.1|579.55
76369,583.0|440.0
76370,555.3|280.15
76371,443.9|377.5
76372,471.2|578.95
76373,468.0|479.05
76374,557.7|408.35
76375,388.7|590.15
76376,333.4|571.3
76377,398.75|475.35
76378,411.55|555.9
76379,567.0|451.15
76380,452.3|444.45
76381,445.1|454.2
76382,568.55|324.0
76383,412.1|280.3
76384,371.5|220.55
76385,352.35|579.45
76386,503.45|478.9
76387,426.55|487.1
76388,468.8|336.45
76389,224.35|327.7
76390,439.7|512.35
76391,261.8|367.8
76392,468.7|262.45
76393,373.55|268.85
76394,397.25|329.0
76395,283.95|321.0
76396,233.2|504.55
76397,396.1|556.9
76398,211.9|581.6
76399,523.25|493.45
76400,522.8|572.65
76401,374.5|584.7
76402,287.15|426.1
76403,584.9|443.5
76404,240.15|382.8
76405,381.15|365.6
76406,367.8|458.3
76407,537.75|433.8
76408,523.8|568.95
76409,398.35|310.25
76410,264.65|294.55
76411,451.25|334.25
76412,570.4|226.35
76413,584.15|400.4
76414,242.5|409.8
76415,412.45|448.65
76416,475.8|268.4
76417,403.3|373.75
76418,558.4|272.6
76419,263.35|584.8
76420,296.95|521.6
76421,350.05|500.2
76422,207.5|462.8
76423,418.1|300.8
76424,375.4|416.1
76425,272.5|243.15
76426,232.2|471.2
76427,469.65|454.65
76428,409.85|275.0
76429,283.75|587.0
76430,289.55|519.85
76431,454.6|287.9
76432,400.6|361.7
76433,526.2|371.75
76434,227.1|274.9
76435,455.05|592.55
76436,535.0|418.65
76437,592.05|428.85
76438,529.4|501.85
76439,583.75|510.4
76440,400.7|262.25
76441,564.45|499.5
76442,589.65|494.2
76443,415.5|208.95
76444,368.35|441.2
76445,340.5|567.6
76446,528.25|413.5
76447,224.3|400.15
76448,502.0|455.8
76449,473.75|465.3
76450,397.5|388.45
76451,246.7|244.85
76452,456.7|582.75
76453,538.85|580.45
76454,391.45|578.1
76455,423.65|583.6
76456,220.2|548.7
76457,260.6|289.35
76458,207.4|573.45
76459,583.7|551.9
76460,430.1|245.9
76461,535.2|472.35
76462,522.75|359.8
76463,270.35|247.2
76464,291.6|435.75
76465,272.45|575.15
76466,243.55|541.65
76467,523.95|464.1
76468,237.1|350.85
76469,369.55|269.1
76470,349.2|501.6
76471,245.85|487.5
76472,260.55|554.45
76473,212.2|525.0
76474,449.05|321.4
76475,284.45|329.95
76476,452.75|319.55
76477,497.05|247.7
76478,561.9|418.6
76479,555.7|534.0
76480,420.9|318.25
76481,425.95|583.6
76482,219.3|474.85
76483,373.3|344.45
76484,577.45|446.8
76485,555.35|481.35
76486,217.55|318.9
76487,208.75|259.65
76488,232.75|393.45
76489,375.9|206.5
76490,576.7|461.55
76491,275.35|276.25
76492,253.9|378.15
76493,457.55|430.25
76494,334.2|337.6
76495,438.15|365.0
76496,410.8|455.0
76497,408.55|225.85
76498,428.3|551.2
76499,299.8|373.3
76500,279.6|417.2
76501,253.9|371.5
76502,588.2|515.65
76503,586.4|224.45
76504,437.75|530.6
76505,450.05|390.3
76506,542.95|405.95
76507,322.05|214.15
76508,245.45|303.0
76509,397.05|296.85
76510,594.2|587.05
76511,553.5|276.35
76512,324.9|364.25
76513,276.2|536.85
76514,594.25|269.65
76515,217.65|309.5
76516,545.25|340.2
76517,294.05|393.3
76518,588.0|569.75
76519,528.05|409.3
76520,255.95|575.3
76521,522.4|457.0
76522,209.6|330.15
76523,303.6|444.5
76524,348.95|241.05
76525,492.5|450.9
76526,456.3|329.8
76527,418.15|285.95
76528,392.6|278.95
76529,258.8|378.75
76530,254.35|377.3
76531,490.5|489.5
76532,320.15|389.9
76533,212.8|278.7
76534,569.85|523.05
76535,257.25|292.2
76536,263.1|363.5
76537,526.4|351.85
76538,435.0|539.4
76539,391.15|220.9
76540,349.9|260.25
76541,427.65|310.9
76542,223.6|493.35
76543,438.5|263.0
76544,356.35|209.6
76545,419.9|572.85
76546,581.1|563.3
76547,414.9|586.4
76548,233.65|486.15
76549,441.5|215.15
76550,273.55|551.85
76551,338.65|422.45
76552,281.55|411.6
76553,243.1|338.05
76554,477.65|216.25
76555,233.4|280.15
76556,277.35|275.2
76557,569.85|448.8
76558,273.25|428.15
76559,451.45|591.5
76560,386.45|555.25
76561,371.8|356.3
76562,417.7|374.2
76563,256.0|404.45
76564,364.9|586.75
76565,429.55|545.85
76566,221.9|299.35
76567,225.45|410.45
76568,467.4|577.25
76569,426.15|374.5
76570,545.7|265.1
76571,402.3|455.15
76572,225.05|479.5
76573,229.95|541.95
76574,523.0|511.05
76575,254.15|446.3
76576,561.0|582.8
76577,470.7|241.0
76578,365.5|418.25
76579,578.05|461.05
76580,280.8|367.65
76581,254.1|572.25
76582,453.45|391.9
76583,211.75|528.5
76584,241.55|395.55
76585,478.2|513.15
76586,443.4|524.35
76587,345.1|339.6
76588,277.0|335.25
76589,542.9|320.8
76590,570.4|275.15
76591,358.5|436.15
76592,466.9|237.5
76593,287.7|360.1
76594,231.55|504.45
76595,415.85|222.95
76596,551.1|477.75
76597,418.45|361.05
76598,369.55|328.55
76599,377.5|575.55
76600,225.7|474.3
76601,487.5|303.4
76602,453.35|437.05
76603,558.1|216.45
76604,276.0|514.9
76605,496.8|477.25
76606,235.75|495.45
76607,320.0|567.35
76608,437.95|400.3
76609,573.0|266.05
76610,545.8|240.15
76611,417.4|406.85
76612,580.7|333.35
76613,383.3|402.05
76614,385.0|393.5
76615,539.5|231.75
76616,514.8|436.85
76617,496.75|439.5
76618,435.1|292.6
76619,228.5|315.6
76620,544.25|589.45
76621,588.25|412.95
76622,441.5|326.55
76623,339.05|344.2
76624,206.3|296.2
76625,242.45|509.75
76626,233.2|573.95
76627,247.6|320.1
76628,471.65|234.3
76629,570.4|445.1
76630,333.05|552.55
76631,252.65|389.0
76632,255.05|348.35
76633,287.0|316.95
76634,412.85|454.6
76635,525.65|230.2
76636,499.0|249.75
76637,479.05|337.95
76638,545.45|535.65
76639,363.75|415.35
76640,426.8|382.2
76641,242.8|540.15
76642,268.45|298.8
76643,425.9|252.25
76644,420.85|584.65
76645,376.55|211.05
76646,412.05|314.45
76647,393.05|489.6
76648,223.1|495.25
76649,446.55|534.95
76650,300.05|412.6
76651,387.2|228.5
76652,429.4|421.35
76653,582.3|472.8
76654,529.6|493.05
76655,579.1|575.35
76656,217.05|565.2
76657,545.2|554.1
76658,397.2|576.05
76659,579.5|350.2
76660,289.0|459.1
76661,409.35|544.75
76662,431.45|326.7
76663,336.9|533.35
76664,262.55|559.05
76665,590.55|408.95
76666,515.7|489.0
76667,282.15|348.75
76668,222.95|355.8
76669,500.85|320.5
76670,534.75|330.8
76671,381.8|214.0
76672,215.7|332.0
76673,521.85|337.35
76674,432.25|453.05
76675,347.6|273.0
76676,250.75|395.4
76677,394.5|214.3
76678,224.65|587.55
76679,340.85|423.7
76680,344.9|229.05
76681,544.1|519.8
76682,342.75|372.4
76683,544.8|265.7
76684,289.4|567.95
76685,385.95|352.05
76686,552.3|339.7
76687,408.7|538.65
76688,228.8|323.8
76689,257.2|286.4
76690,473.15|467.4
76691,222.9|392.1
76692,384.05|397.6
76693,413.05|258.65
76694,564.2|232.3
76695,206.9|470.65
76696,526.0|338.9
76697,225.9|503.35
76698,222.35|435.1
76699,304.75|331.0
76700,535.45|518.2
76701,444.7|367.35
76702,437.4|382.5
76703,577.95|521.95
76704,396.65|469.85
76705,407.6|487.1
76706,544.7|537.45
76707,340.95|505.15
76708,591.3|356.6
76709,237.15|206.85
76710,557.7|494.25
76711,388.75|494.95
76712,225.6|483.7
76713,405.65|461.8
76714,320.15|340.8
76715,592.25|365.25
76716,525.65|416.85
76717,293.45|398.3
76718,419.25|232.95
76719,355.6|358.45
76720,369.15|209.65
76721,584.2|370.65
76722,422.4|592.75
76723,419.5|270.95
76724,236.35|443.65
76725,524.65|285.4
76726,229.4|472.8
76727,542.45|294.95
76728,434.15|583.6
76729,538.75|522.2
76730,383.65|242.15
76731,273.95|557.6
76732,583.55|232.0
76733,591.7|352.3
76734,380.3|594.15
76735,230.65|375.2
76736,242.5|211.5
76737,288.3|334.9
76738,544.65|336.35
76739,466.35|378.45
76740,505.55|278.45
76741,329.2|297.2
76742,398.2|578.1
76743,489.15|239.2
76744,274.15|234.8
76745,593.05|587.2
76746,552.7|562.4
76747,334.0|573.65
76748,410.95|353.85
76749,579.3|445.2
76750,536.65|529.0
76751,218.2|482.3
76752,528.25|552.45
76753,286.85|558.35
76754,234.3|334.5
76755,364.55|387.25
76756,592.6|507.45
76757,349.3|240.4
76758,234.75|485.45
76759,231.0|313.75
76760,413.15|543.0
76761,204.3|482.15
76762,352.0|370.7
76763,338.4|325.85
76764,438.5|395.3
76765,212.9|366.15
76766,420.2|389.2
76767,253.25|398.15
76768,542.65|349.75
76769,400.3|520.35
76770,460.6|466.75
76771,253.9|397.65
76772,214.4|377.5
76773,236.55|459.35
76774,405.45|341.3
76775,580.7|209.4
76776,237.95|294.0
76777,344.95|404.25
76778,331.1|339.15
76779,348.15|309.95
76780,210.25|483.1
76781,459.65|306.4
76782,208.45|568.75
76783,571.15|564.7
76784,330.25|250.9
76785,263.95|584.75
76786,540.45|441.0
76787,375.15|254.1
76788,425.5|337.4
76789,293.8|421.15
76790,477.7|344.9
76791,283.45|435.45
76792,583.3|276.7
76793,469.5|230.95
76794,264.25|401.05
76795,587.45|508.95
76796,576.05|223.15
76797,461.75|471.6
76798,330.75|562.45
76799,554.95|578.9
76800,378.55|355.35
76801,315.1|312.95
76802,459.5|222.2
76803,431.15|423.25
76804,389.85|500.2
76805,528.25|401.3
76806,573.5|544.95
76807,570.9|492.4
76808,565.85|491.2
76809,424.45|332.05
76810,375.4|490.7
76811,357.0|285.75
76812,276.85|442.15
76813,217.65|380.7
76814,585.6|415.45
76815,212.7|564.75
76816,477.5|475.45
76817,257.15|426.35
76818,463.75|461.8
76819,458.5|213.6
76820,244.4|513.45
76821,262.45|354.1
76822,591.15|465.55
76823,465.9|282.0
76824,423.25|461.1
76825,244.95|224.95
76826,477.45|504.85
76827,582.8|331.15
76828,419.05|272.65
76829,219.0|591.9
76830,476.7|350.2
76831,351.35|544.3
76832,211.05|498.7
76833,344.4|259.45
76834,538.85|531.95
76835,391.9|214.5
76836,331.95|570.1
76837,221.35|287.15
76838,539.05|534.25
76839,342.9|263.75
76840,226.55|427.85
76841,217.75|404.75
76842,450.05|576.2
76843,409.2|310.15
76844,393.95|552.6
76845,284.75|332.1
76846,233.2|508.55
76847,457.8|550.95
76848,341.25|239.1
76849,217.4|242.4
76850,447.55|592.25
76851,540.55|218.8
76852,559.8|408.85
76853,237.6|535.65
76854,228.4|590.1
76855,321.7|390.35
76856,377.0|422.25
76857,253.4|289.35
76858,458.65|262.0
76859,458.2|231.25
76860,345.8|372.5
76861,439.8|246.65
76862,255.65|570.75
76863,357.0|335.25
76864,559.7|434.7
76865,296.95|437.7
76866,370.1|220.75
76867,345.6|237.05
76868,546.35|244.35
76869,369.2|347.05
76870,524.6|490.9
76871,426.55|290.5
76872,348.9|298.6
76873,367.7|572.35
76874,412.9|359.85
76875,277.2|443.0
76876,220.7|452.3
76877,408.15|384.65
76878,335.1|413.05
76879,453.25|507.35
76880,307.75|407.35
76881,489.35|361.85
76882,593.15|220.1
76883,402.5|244.85
76884,458.1|211.2
76885,250.95|494.15
76886,587.3|262.2
76887,585.25|492.5
76888,251.05|472.1
76889,222.6|441.6
76890,589.9|557.55
76891,442.7|510.25
76892,225.65|220.15
76893,205.3|292.7
76894,452.7|297.6
76895,579.85|414.6
76896,403.35|587.15
76897,326.45|398.65
76898,214.8|585.5
76899,392.4|548.2
76900,513.0|526.9
76901,384.3|445.85
76902,275.4|402.9
76903,566.0|469.35
76904,378.1|214.7
76905,233.25|448.85
76906,347.65|300.35
76907,535.35|243.85
76908,376.7|299.95
76909,556.95|374.8
76910,292.95|510.25
76911,270.95|537.4
76912,445.35|271.15
76913,443.25|594.2
76914,477.25|322.3
76915,514.75|388.2
76916,329.7|358.8
76917,275.9|229.65
76918,372.05|356.05
76919,504.75|368.95
76920,549.95|591.7
76921,261.85|285.4
76922,437.95|278.2
76923,513.35|497.85
76924,441.5|532.95
76925,471.45|551.85
76926,356.85|370.95
76927,252.75|234.75
76928,242.65|571.95
76929,474.6|228.15
76930,443.7|539.15
76931,439.7|577.25
76932,352.0|230.35
76933,293.05|584.45
76934,416.1|494.15
76935,454.75|573.75
76936,367.35|499.85
76937,251.0|372.9
76938,282.65|515.5
76939,447.15|313.1
76940,485.75|343.35
76941,422.65|507.35
76942,263.8|486.05
76943,557.65|476.8
76944,271.85|277.85
76945,212.85|333.85
76946,257.4|402.8
76947,345.35|228.75
76948,484.4|293.85
76949,510.6|355.3
76950,305.5|296.15
76951,338.6|245.55
76952,589.5|302.45
76953,449.45|400.55
76954,431.75|588.9
76955,472.6|228.05
76956,463.6|524.05
76957,230.3|576.35
76958,357.4|551.85
76959,246.55|252.5
76960,397.3|278.75
76961,433.7|430.35
76962,444.4|274.6
76963,292.8|329.4
76964,580.75|459.25
76965,508.45|485.5
76966,279.55|335.05
76967,577.0|458.4
76968,413.2|286.2
76969,550.35|231.0
76970,284.35|337.95
76971,361.3|269.65
76972,567.2|263.0
76973,407.85|230.25
76974,214.55|244.5
76975,469.6|445.85
76976,240.9|240.1
76977,559.25|233.3
76978,211.35|330.7
76979,558.8|430.2
76980,351.3|553.85
76981,263.2|235.15
76982,366.9|437.9
76983,554.6|466.05
76984,396.3|527.35
76985,478.4|481.5
76986,565.6|266.0
76987,396.65|327.25
76988,283.25|315.95
76989,589.5|483.65
76990,386.55|337.75
76991,553.55|592.5
76992,509.45|459.7
76993,369.05|522.1
76994,560.8|295.15
76995,586.8|331.5
76996,247.25|532.05
76997,363.35|463.15
76998,390.85|300.85
76999,212.7|305.4
77000,267.85|545.9
77001,403.6|206.85
77002,570.7|580.65
77003,415.7|361.1
77004,590.3|444.35
77005,583.0|275.4
77006,368.45|485.5
77007,347.15|457.9
77008,358.6|216.7
77009,535.5|332.0
77010,549.2|497.55
77011,260.65|575.2
77012,385.7|497.3
77013,582.4|467.6
77014,369.9|588.45
77015,251.55|575.75
77016,272.45|262.45
77017,430.25|344.15
77018,228.0|533.9
77019,449.75|210.35
77020,582.1|295.3
77021,401.15|277.1
77022,425.5|320.6
77023,465.05|286.9
77024,396.2|406.15
77025,525.8|234.8
77026,448.75|376.2
77027,381.05|417.95
77028,261.7|579.9
77029,449.3|231.45
77030,251.15|478.75
77031,287.25|485.95
77032,240.8|495.4
77033,249.95|259.7
77034,415.0|540.5
77035,440.5|550.55
77036,360.6|261.85
77037,521.85|493.9
77038,266.1|459.7
77039,246.85|368.3
77040,251.8|504.25
77041,279.95|423.05
77042,271.9|236.3
77043,417.6|359.6
77044,594.2|352.35
77045,591.2|351.8
77046,475.7|313.85
77047,571.7|265.9
77048,260.1|567.0
77049,272.4|281.15
77050,578.35|269.2
77051,209.05|531.2
77052,368.6|595.7
77053,453.25|242.6
77054,440.75|460.5
77055,463.7|490.6
77056,426.5|586.3
77057,403.8|368.05
77058,412.05|591.6
77059,210.35|335.0
77060,469.95|249.1
77061,390.25|331.2
77062,225.55|470.4
77063,229.75|391.2
77064,244.0|543.0
77065,490.35|511.5
77066,550.8|220.9
77067,275.75|544.1
77068,266.9|554.2
77069,508.65|361.75
77070,372.75|207.15
77071,249.65|443.0
77072,395.7|392.4
77073,276.15|383.2
77074,260.75|332.85
77075,246.75|316.9
77076,338.3|526.05
77077,405.95|556.05
77078,253.05|544.5
77079,359.4|488.65
77080,537.5|588.05
77081,469.8|464.55
77082,557.7|405.95
77083,223.9|255.05
77084,420.75|588.65
77085,343.1|220.1
77086,362.15|485.1
77087,541.05|329.85
77088,275.35|445.3
77089,433.85|551.9
77090,419.5|536.95
77091,372.35|243.7
77092,245.7|384.65
77093,394.9|232.2
77094,350.55|282.55
77095,328.35|519.2
77096,217.1|516.75
77097,236.3|468.1
77098,467.8|237.65
77099,478.15|527.0
77100,407.35|322.9
77101,386.75|319.25
77102,470.3|472.75
77103,222.1|411.35
77104,354.2|333.95
77105,456.2|586.05
77106,282.8|356.3
77107,465.45|449.2
77108,258.35|437.45
77109,289.2|393.0
77110,447.65|549.9
77111,360.55|469.35
77112,282.45|462.95
77113,331.9|274.0
77114,256.15|276.65
77115,250.6|230.3
77116,232.75|275.2
77117,444.75|340.6
77118,525.65|506.25
77119,584.65|206.85
77120,554.5|584.1
77121,225.1|566.45
77122,388.9|520.1
77123,361.95|209.85
77124,274.6|396.7
77125,530.75|321.3
77126,542.45|342.1
77127,451.9|567.55
77128,438.85|401.35
77129,321.2|417.75
77130,478.55|356.5
77131,217.0|577.85
77132,346.2|284.75
77133,376.65|363.25
77134,283.1|323.75
77135,462.8|441.9
77136,403.75|316.8
77137,525.6|430.2
77138,354.2|320.8
77139,411.2|571.8
77140,353.75|345.75
77141,429.2|272.0
77142,577.95|501.0
77143,404.5|311.45
77144,225.15|503.7
77145,221.65|411.65
77146,253.5|263.2
77147,366.05|364.75
77148,527.2|369.85
77149,296.15|402.2
77150,291.85|308.55
77151,575.3|454.65
77152,460.2|523.0
77153,500.6|471.65
77154,410.25|365.5
77155,288.7|317.1
77156,252.95|343.75
77157,482.7|214.0
77158,444.95|521.7
77159,537.0|504.4
77160,249.35|382.5
77161,273.4|254.65
77162,403.95|353.8
77163,445.05|477.65
77164,428.45|377.3
77165,345.25|326.35
77166,463.8|533.9
77167,373.55|533.95
77168,270.25|287.7
77169,458.35|518.0
77170,444.55|530.4
77171,262.9|430.6
77172,258.5|589.7
77173,471.65|375.2
77174,363.35|377.4
77175,284.9|332.75
77176,551.85|520.95
77177,470.9|269.9
77178,388.75|383.75
77179,339.9|211.85
77180,260.3|487.25
77181,225.45|311.75
77182,234.4|373.95
77183,534.05|564.3
77184,217.1|552.6
77185,216.35|518.55
77186,342.05|575.7
77187,345.1|349.65
77188,355.45|412.85
77189,522.55|452.0
77190,397.35|550.35
77191,439.35|500.85
77192,225.65|246.85
77193,549.1|312.75
77194,297.15|395.55
77195,440.7|355.35
77196,216.55|565.15
77197,590.9|383.35
77198,572.25|243.25
77199,394.75|499.55
77200,216.4|506.4
77201,211.8|389.1
77202,259.5|499.6
77203,366.15|381.0
77204,268.45|290.6
77205,590.45|296.1
77206,264.1|271.05
77207,317.25|496.6
77208,571.55|582.7
77209,580.45|452.65
77210,238.65|304.65
77211,542.95|241.2
77212,355.1|242.25
77213,591.65|358.55
77214,241.1|261.4
77215,464.35|302.05
77216,223.65|267.95
77217,209.7|285.1
77218,445.8|496.85
77219,427.05|301.45
77220,351.95|539.6
77221,305.1|450.1
77222,403.2|540.8
77223,377.15|242.0
77224,518.5|535.55
77225,587.5|468.5
77226,482.15|525.45
77227,517.65|490.25
77228,266.55|341.3
77229,559.05|314.4
77230,544.75|395.65
77231,343.4|552.15
77232,376.35|290.5
77233,360.95|503.7
77234,459.65|216.8
77235,437.3|569.75
77236,370.35|369.5
77237,577.9|314.45
77238,419.65|316.4
77239,306.7|513.25
77240,229.05|313.75
77241,554.85|333.3
77242,344.4|250.45
77243,401.35|488.95
77244,253.35|343.45
77245,448.9|360.15
77246,432.7|264.05
77247,582.6|557.5
77248,580.2|440.25
77249,414.65|456.95
77250,584.7|356.5
77251,371.5|392.55
77252,492.35|366.1
77253,313.4|393.25
77254,475.45|323.5
77255,568.05|495.3
77256,277.1|431.95
77257,456.45|399.55
77258,493.2|351.85
77259,390.65|468.7
77260,387.55|554.1
77261,579.8|350.55
77262,465.85|443.05
77263,414.6|353.9
77264,213.15|582.7
77265,595.8|564.05
77266,428.3|257.5
77267,472.85|356.4
77268,521.25|344.35
77269,310.6|420.15
77270,529.9|585.05
77271,411.65|333.45
77272,465.4|222.85
77273,227.0|245.25
77274,288.45|344.2
77275,215.5|284.8
77276,224.55|289.95
77277,535.25|275.4
77278,238.05|398.7
77279,377.2|336.75
77280,334.05|577.15
77281,471.7|521.55
77282,491.4|214.7
77283,333.6|507.0
77284,263.85|405.55
77285,397.65|314.1
77286,405.8|292.05
77287,348.65|376.85
77288,491.95|453.4
77289,218.6|584.3
77290,340.6|419.3
77291,220.75|487.7
77292,337.95|334.3
77293,425.05|444.6
77294,285.75|345.75
77295,452.85|402.5
77296,517.85|480.1
77297,250.5|347.85
77298,472.75|278.65
77299,405.5|354.1
77300,257.55|556.75
77301,206.5|333.2
77302,416.1|215.6
77303,559.2|571.75
77304,263.85|320.35
77305,331.3|387.7
77306,272.55|408.95
77307,341.95|272.45
77308,401.35|409.7
77309,403.45|217.1
77310,436.75|380.25
77311,394.3|286.9
77312,409.85|534.6
77313,479.5|285.55
77314,457.95|259.25
77315,591.45|432.4
77316,218.0|578.6
77317,283.75|555.4
77318,411.5|591.8
77319,291.45|452.1
77320,344.0|223.05
77321,275.8|448.9
77322,541.15|592.35
77323,355.1|256.7
77324,245.65|356.6
77325,282.7|356.6
77326,584.3|525.6
77327,343.4|267.45
77328,257.8|268.55
77329,342.2|558.65
77330,594.75|391.95
77331,472.85|328.3
77332,392.75|559.3
77333,319.05|370.05
77334,260.8|268.4
77335,538.2|514.75
77336,257.4|244.25
77337,467.6|349.05
77338,548.8|300.0
77339,230.55|411.05
77340,590.25|579.7
77341,288.65|359.2
77342,568.1|276.2
77343,364.0|512.6
77344,298.5|321.0
77345,553.4|230.0
77346,580.65|569.45
77347,418.9|578.4
77348,207.2|454.9
77349,274.0|235.1
77350,258.4|571.0
77351,475.9|366.4
77352,517.45|492.15
77353,531.65|323.75
77354,564.75|239.65
77355,261.5|224.7
77356,238.55|588.1
77357,566.7|577.2
77358,453.6|574.2
77359,410.25|368.7
77360,586.3|251.15
77361,283.5|335.35
77362,560.6|256.05
77363,583.6|348.65
77364,278.3|333.05
77365,484.1|446.6
77366,234.2|315.65
77367,562.55|317.65
77368,550.95|452.8
77369,349.35|257.75
77370,564.7|342.45
77371,467.85|216.9
77372,451.8|267.6
77373,582.6|225.85
77374,276.55|379.55
77375,253.85|443.8
77376,235.25|275.8
77377,249.35|578.6
77378,364.05|311.2
77379,571.0|363.45
77380,528.35|559.65
77381,453.25|567.45
77382,249.0|574.2
77383,263.75|282.5
77384,573.8|488.75
77385,356.2|223.3
77386,489.6|435.85
77387,524.25|425.85
77388,239.15|214.65
77389,251.6|430.1
77390,407.35|495.6
77391,401.7|571.25
77392,439.3|405.8
77393,447.55|432.65
77394,526.65|438.0
77395,582.05|366.15
77396,570.4|436.5
77397,343.1|221.55
77398,247.8|408.85
77399,592.4|345.1
77400,423.85|318.6
77401,344.95|330.45
77402,571.25|402.25
77403,360.7|504.3
77404,558.0|274.35
77405,389.1|239.15
77406,282.75|594.4
77407,569.35|544.6
77408,586.4|320.7
77409,415.75|445.7
77410,300.25|320.65
77411,342.75|334.1
77412,385.85|346.7
77413,408.35|315.1
77414,528.35|343.2
77415,302.65|365.65
77416,227.95|265.15
77417,562.1|477.75
77418,206.35|487.9
77419,331.75|411.0
77420,283.9|369.75
77421,482.45|395.25
77422,318.1|484.05
77423,578.45|279.7
77424,457.0|272.85
77425,426.55|517.4
77426,506.45|313.9
77427,252.7|447.2
77428,451.8|310.65
77429,373.55|340.55
77430,370.25|237.15
77431,380.65|286.2
77432,525.65|567.45
77433,382.65|570.5
77434,465.55|379.8
77435,380.4|347.5
77436,542.85|480.2
77437,418.5|380.55
77438,571.25|292.7
77439,515.3|444.1
77440,521.55|509.3
77441,459.85|231.75
77442,579.5|431.9
77443,571.45|458.4
77444,348.7|306.1
77445,486.35|354.6
77446,376.65|564.65
77447,442.6|452.25
77448,590.0|278.55
77449,264.5|515.85
77450,528.5|573.45
77451,217.3|536.45
77452,584.65|532.9
77453,331.55|414.8
77454,466.2|354.4
77455,207.0|466.7
77456,239.95|580.7
77457,243.1|290.0
77458,582.7|528.05
77459,433.05|363.45
77460,562.2|558.7
77461,418.7|403.05
77462,424.75|574.55
77463,584.1|483.6
77464,526.05|318.35
77465,521.2|461.25
77466,511.7|523.1
77467,255.65|555.5
77468,522.75|456.65
77469,261.9|551.35
77470,373.25|486.6
77471,398.15|558.5
77472,593.35|359.0
77473,580.75|505.25
77474,249.55|355.1
77475,554.65|403.8
77476,366.1|363.25
77477,283.8|541.8
77478,237.3|368.5
77479,439.35|549.75
77480,570.95|544.4
77481,570.85|389.85
77482,403.95|436.55
77483,516.45|512.05
77484,390.6|350.4
77485,322.05|352.3
77486,321.8|551.2
77487,351.2|425.75
77488,568.8|475.65
77489,253.75|563.3
77490,347.65|334.05
77491,372.9|275.4
77492,574.05|294.7
77493,446.95|348.1
77494,535.55|281.55
77495,334.35|348.1
77496,384.5|487.0
77497,222.75|488.65
77498,343.25|339.2
77499,548.8|440.45
77500,213.45|491.3
77501,415.35|579.2
77502,257.5|243.85
77503,215.0|345.8
77504,387.85|297.1
77505,429.05|436.8
77506,291.0|369.35
77507,357.25|343.45
77508,214.35|561.7
77509,519.85|446.7
77510,541.9|460.4
77511,454.85|293.75
77512,393.0|520.65
77513,261.0|290.0
77514,339.95|326.2
77515,422.3|372.45
77516,210.65|416.55
77517,263.9|374.15
77518,558.85|476.2
77519,222.6|401.95
77520,360.4|389.45
77521,459.45|538.95
77522,586.1|422.95
77523,343.1|257.8
77524,450.15|388.0
77525,247.7|374.35
77526,577.35|376.9
77527,420.8|239.25
77528,262.6|385.65
77529,534.55|583.85
77530,576.75|332.5
77531,421.0|388.6
77532,251.6|437.65
77533,551.15|540.7
77534,573.15|593.3
77535,363.85|397.5
77536,220.8|437.9
77537,369.5|427.05
77538,462.85|241.95
77539,363.2|384.35
77540,380.0|284.6
77541,581.65|350.7
77542,532.9|301.5
77543,429.25|528.15
77544,285.55|384.6
77545,229.65|485.25
77546,427.8|377.7
77547,566.4|510.6
77548,445.3|358.05
77549,211.0|582.85
77550,225.5|245.65
77551,425.05|459.6
77552,461.85|556.15
77553,381.75|591.3
77554,214.85|220.3
77555,380.6|253.3
77556,227.3|289.6
77557,218.9|548.25
77558,309.0|388.35
77559,564.2|335.85
77560,584.15|209.5
77561,532.0|361.85
77562,587.25|506.25
77563,470.8|263.65
77564,330.15|423.1
77565,363.45|558.2
77566,364.95|427.6
77567,278.25|502.6
77568,538.5|522.3
77569,352.6|330.4
77570,467.95|541.15
77571,574.0|320.8
77572,534.2|542.85
77573,220.45|589.5
77574,220.05|500.0
77575,321.65|407.4
77576,262.5|580.95
77577,252.5|278.4
77578,347.55|364.55
77579,392.1|500.7
77580,372.3|490.05
77581,425.0|587.55
77582,462.4|480.45
77583,401.0|587.15
77584,251.35|348.55
77585,592.5|585.2
77586,339.0|233.75
77587,381.75|233.55
77588,267.05|579.15
77589,531.2|425.0
77590,253.65|246.75
77591,325.1|329.9
77592,293.85|558.5
77593,551.0|551.35
77594,392.75|579.95
77595,472.0|489.4
77596,414.9|239.65
77597,427.4|553.2
77598,246.55|575.2
77599,294.4|567.5
77600,454.65|465.5
77601,440.2|365.2
77602,464.35|573.05
77603,473.5|248.75
77604,409.0|226.35
77605,387.05|512.5
77606,593.05|380.15
77607,529.3|419.4
77608,534.25|266.75
77609,458.05|280.0
77610,250.45|308.55
77611,282.45|320.55
77612,558.5|451.35
77613,369.75|259.95
77614,587.7|390.0
77615,254.55|520.0
77616,574.2|517.45
77617,361.5|491.2
77618,450.15|531.15
77619,206.45|533.2
77620,444.65|308.55
77621,249.7|218.95
77622,308.05|384.25
77623,535.45|294.5
77624,579.55|474.85
77625,259.25|326.25
77626,365.7|214.8
77627,214.85|589.1
77628,429.0|460.15
77629,289.9|328.5
77630,418.1|382.9
77631,287.45|392.25
77632,405.2|303.45
77633,473.0|541.1
77634,537.7|555.15
77635,354.15|208.65
77636,443.8|559.05
77637,592.4|577.85
77638,229.05|527.3
77639,484.75|268.5
77640,525.85|533.9
77641,399.75|267.2
77642,230.05|470.3
77643,321.6|423.65
77644,535.45|508.35
77645,236.85|487.35
77646,267.8|279.55
77647,476.55|517.7
77648,231.35|583.95
77649,585.55|513.25
77650,348.4|471.55
77651,335.55|346.4
77652,537.4|427.6
77653,557.85|492.45
77654,595.2|291.55
77655,522.8|437.7
77656,418.85|589.8
77657,584.55|462.2
77658,421.6|502.85
77659,457.15|470.4
77660,345.05|366.65
77661,277.8|327.3
77662,454.25|529.1
77663,521.9|462.5
77664,352.65|287.75
77665,270.15|336.75
77666,557.5|243.05
77667,342.5|291.85
77668,286.8|557.5
77669,244.7|280.7
77670,298.6|564.5
77671,209.35|332.3
77672,440.15|373.6
77673,446.05|464.5
77674,338.05|329.35
77675,247.65|546.3
77676,224.8|402.0
77677,285.45|327.0
77678,456.5|409.85
77679,272.1|421.25
77680,286.45|267.15
77681,540.65|256.2
77682,250.25|492.15
77683,289.9|315.55
77684,453.95|556.9
77685,231.45|372.5
77686,451.0|378.0
77687,458.0|266.25
77688,538.55|274.7
77689,453.2|226.2
77690,527.35|521.35
77691,444.5|308.65
77692,522.55|298.8
77693,454.05|445.7
77694,372.4|332.3
77695,469.5|424.65
77696,239.6|557.7
77697,232.05|437.05
77698,209.5|240.4
77699,349.8|417.45
77700,442.15|465.35
77701,277.8|575.85
77702,278.9|399.1
77703,343.75|227.7
77704,430.05|561.15
77705,397.9|465.1
77706,287.5|321.35
77707,411.15|573.3
77708,227.4|492.0
77709,570.65|527.6
77710,362.15|224.3
77711,317.6|320.4
77712,264.1|591.85
77713,216.15|490.05
77714,564.0|385.95
77715,469.05|347.45
77716,476.05|340.8
77717,238.55|213.3
77718,473.65|485.55
77719,560.75|454.3
77720,406.35|302.3
77721,234.25|269.6
77722,591.55|250.8
77723,282.8|554.85
77724,568.6|507.85
77725,319.7|349.25
77726,411.5|582.6
77727,381.7|373.55
77728,556.3|234.35
77729,346.0|322.55
77730,222.45|590.45
77731,246.85|235.25
77732,472.0|232.7
77733,391.8|305.55
77734,566.65|446.15
77735,348.65|269.7
77736,218.65|474.55
77737,413.05|582.1
77738,526.2|220.9
77739,592.6|237.6
77740,282.15|574.05
77741,468.15|211.35
77742,581.65|526.05
77743,576.95|361.4
77744,246.95|443.25
77745,383.4|236.4
77746,475.7|285.85
77747,248.45|314.45
77748,388.8|417.75
77749,589.4|357.25
77750,216.05|479.6
77751,436.85|260.6
77752,409.3|392.15
77753,400.2|378.85
77754,344.2|242.05
77755,423.85|438.1
77756,568.6|340.5
77757,474.25|353.45
77758,253.15|296.45
77759,582.75|474.05
77760,567.6|515.0
77761,238.1|274.0
77762,440.4|233.65
77763,529.8|470.6
77764,244.65|262.7
77765,593.5|410.5
77766,587.65|487.0
77767,219.1|387.8
77768,568.1|502.15
77769,467.75|389.6
77770,335.05|331.2
77771,408.1|373.3
77772,456.75|384.95
77773,589.1|375.3
77774,427.1|403.35
77775,388.9|344.8
77776,536.0|536.6
77777,340.8|264.6
77778,560.85|317.75
77779,247.7|344.45
77780,587.55|287.15
77781,391.65|556.3
77782,205.65|453.95
77783,231.4|556.9
77784,532.45|545.15
77785,590.9|591.95
77786,444.9|509.6
77787,505.85|476.25
77788,284.65|248.0
77789,398.0|363.75
77790,582.95|368.3
77791,358.95|262.65
77792,362.55|314.35
77793,508.95|485.0
77794,589.8|575.05
77795,233.75|377.1
77796,266.2|442.55
77797,216.5|221.15
77798,486.3|286.05
77799,272.75|341.9
77800,381.1|594.9
77801,536.8|414.75
77802,397.1|567.3
77803,572.6|260.05
77804,449.1|590.25
77805,411.95|262.8
77806,383.3|203.15
77807,539.75|515.8
77808,484.0|359.7
77809,581.9|299.05
77810,286.45|568.5
77811,576.3|464.05
77812,259.95|344.5
77813,320.55|358.45
77814,432.7|576.85
77815,465.7|371.05
77816,224.9|453.8
77817,207.65|320.65
77818,402.0|282.35
77819,299.25|352.45
77820,284.65|336.7
77821,490.05|294.9
77822,544.5|440.6
77823,384.85|596.0
77824,208.15|212.5
77825,453.7|272.0
77826,339.2|534.5
77827,350.4|523.7
77828,337.0|524.1
77829,235.75|426.75
77830,261.05|227.9
77831,517.9|520.25
77832,361.0|276.65
77833,320.85|404.25
77834,390.1|256.15
77835,452.6|380.2
77836,576.1|479.65
77837,592.45|414.65
77838,525.6|330.05
77839,216.75|493.75
77840,479.75|215.9
77841,226.3|480.05
77842,383.45|291.95
77843,377.25|391.4
77844,333.55|341.0
77845,521.1|447.6
77846,543.7|540.05
77847,256.05|380.95
77848,324.25|386.05
77849,577.25|453.15
77850,588.1|556.25
77851,540.0|244.15
77852,552.05|313.3
77853,516.2|431.2
77854,253.4|350.25
77855,399.1|545.7
77856,382.65|493.6
77857,357.1|555.6
77858,288.95|432.9
77859,357.45|513.35
77860,221.95|240.0
77861,388.1|274.7
77862,568.95|281.65
77863,281.65|327.0
77864,240.85|233.85
77865,254.3|512.25
77866,211.45|314.15
77867,430.75|234.7
77868,570.85|371.15
77869,271.45|597.75
77870,284.45|482.5
77871,359.45|381.7
77872,446.6|231.7
77873,562.05|396.45
77874,364.2|359.55
77875,584.85|334.2
77876,530.5|413.4
77877,449.25|253.2
77878,304.45|426.55
77879,455.85|386.1
77880,298.25|388.4
77881,562.0|522.45
77882,400.15|444.45
77883,428.45|373.1
77884,271.55|589.7
77885,425.55|319.55
77886,269.8|471.1
77887,287.3|534.35
77888,346.25|538.45
77889,219.2|265.2
77890,345.8|319.2
77891,570.25|467.65
77892,527.35|500.15
77893,289.05|399.3
77894,567.7|446.15
77895,256.3|228.45
77896,211.85|571.4
77897,404.95|348.1
77898,450.7|215.1
77899,586.85|515.35
77900,386.75|500.8
77901,447.2|233.55
77902,212.1|342.25
77903,255.2|361.85
77904,286.05|414.25
77905,445.9|427.1
77906,312.25|424.2
77907,455.8|249.2
77908,557.95|568.6
77909,578.65|520.3
77910,239.75|380.75
77911,266.55|580.45
77912,407.7|539.6
77913,436.65|550.2
77914,519.05|562.1
77915,560.15|464.45
77916,417.8|573.1
77917,453.3|484.45
77918,399.8|470.3
77919,379.7|584.7
77920,253.65|423.25
77921,332.15|414.5
77922,434.0|581.25
77923,239.8|226.4
77924,467.25|242.75
77925,576.85|300.05
77926,526.6|516.65
77927,425.0|301.8
77928,289.45|490.75
77929,464.15|271.35
77930,425.35|459.75
77931,272.7|494.15
77932,252.4|273.5
77933,455.95|284.55
77934,347.5|562.35
77935,247.8|420.65
77936,362.0|223.6
77937,427.05|450.4
77938,517.4|299.55
77939,431.95|429.6
77940,344.5|210.75
77941,212.2|524.15
77942,293.2|328.6
77943,334.5|545.55
77944,573.0|451.55
77945,315.45|418.95
77946,252.15|448.5
77947,453.05|440.85
77948,394.25|286.2
77949,536.95|504.8
77950,262.25|331.1
77951,426.8|423.35
77952,385.25|448.35
77953,362.8|582.8
77954,286.6|574.75
77955,445.35|580.4
77956,428.4|250.3
77957,528.15|337.85
77958,258.05|328.25
77959,437.8|245.25
77960,581.85|257.7
77961,437.05|576.95
77962,265.35|271.2
77963,276.95|532.95
77964,579.1|385.6
77965,220.95|440.95
77966,491.65|446.6
77967,530.6|455.55
77968,319.0|572.6
77969,478.9|311.1
77970,325.65|549.85
77971,278.15|538.8
77972,587.7|401.7
77973,287.05|297.65
77974,518.45|479.5
77975,219.3|341.0
77976,257.95|282.0
77977,251.3|369.55
77978,216.6|573.85
77979,231.95|254.05
77980,448.0|552.5
77981,567.75|470.35
77982,436.9|463.4
77983,244.45|229.05
77984,293.35|327.85
77985,563.85|287.75
77986,586.8|228.85
77987,386.65|282.65
77988,223.4|220.75
77989,249.25|369.65
77990,253.35|209.15
77991,376.2|573.75
77992,580.6|509.15
77993,557.3|283.35
77994,537.75|542.6
77995,567.6|485.3
77996,230.25|367.75
77997,262.75|546.2
77998,281.35|480.5
77999,445.0|413.65
78000,403.55|317.45
78001,450.35|564.45
78002,391.95|264.5
78003,275.6|248.5
78004,594.25|497.05
78005,515.85|521.6
78006,261.65|239.8
78007,363.15|378.6
78008,340.95|214.15
78009,399.45|441.9
78010,460.6|444.35
78011,460.45|557.5
78012,381.35|355.55
78013,440.6|313.65
78014,439.2|583.75
78015,567.3|537.55
78016,475.45|372.35
78017,220.55|332.8
78018,347.45|553.3
78019,206.6|240.35
78020,442.5|515.9
78021,222.1|316.05
78022,244.7|405.4
78023,476.0|525.65
78024,393.25|537.1
78025,405.9|277.65
78026,262.6|230.95
78027,271.6|226.05
78028,513.05|492.25
78029,212.6|327.0
78030,244.65|313.15
78031,439.7|249.65
78032,287.8|401.85
78033,452.75|593.1
78034,225.5|492.1
78035,588.25|556.45
78036,540.45|565.9
78037,473.35|501.85
78038,224.15|323.7
78039,541.45|275.6
78040,368.7|527.1
78041,284.45|520.9
78042,234.95|549.45
78043,228.15|575.95
78044,214.95|221.2
78045,544.8|522.8
78046,392.15|402.25
78047,256.0|379.85
78048,249.7|555.15
78049,594.0|354.95
78050,267.45|326.0
78051,219.05|456.55
78052,264.1|288.45
78053,205.45|502.35
78054,371.25|483.05
78055,445.15|298.35
78056,384.35|498.95
78057,296.95|327.4
78058,589.95|582.6
78059,354.3|526.65
78060,412.95|404.95
78061,591.05|256.9
78062,586.05|479.05
78063,405.45|221.15
78064,366.75|259.9
78065,562.35|399.8
78066,300.65|338.75
78067,552.55|438.5
78068,222.45|466.05
78069,459.25|437.0
78070,583.3|265.6
78071,224.85|436.35
78072,427.4|552.65
78073,535.4|543.0
78074,384.25|206.15
78075,276.95|234.15
78076,572.9|441.25
78077,511.75|386.8
78078,330.85|418.8
78079,230.55|217.85
78080,382.45|413.9
78081,271.0|290.0
78082,390.9|506.95
78083,266.1|495.75
78084,377.3|221.75
78085,418.4|462.05
78086,429.5|586.9
78087,529.35|429.55
78088,572.6|397.45
78089,566.25|428.05
78090,488.65|233.3
78091,342.6|253.85
78092,324.5|216.4
78093,392.8|469.9
78094,218.9|280.1
78095,373.55|269.9
78096,405.9|574.1
78097,374.05|252.5
78098,591.35|486.9
78099,353.6|296.5
78100,485.05|463.1
78101,259.35|271.7
78102,594.4|498.45
78103,384.75|577.4
78104,275.65|464.7
78105,244.6|375.1
78106,457.9|255.2
78107,350.7|310.2
78108,406.2|242.5
78109,368.4|216.7
78110,587.65|413.9
78111,348.1|586.95
78112,339.3|224.1
78113,519.75|405.1
78114,427.85|470.1
78115,319.75|356.9
78116,210.65|579.65
78117,468.2|243.25
78118,439.2|591.3
78119,209.45|396.05
78120,587.15|263.0
78121,310.0|376.0
78122,387.5|548.6
78123,257.6|288.05
78124,492.95|210.95
78125,465.1|342.0
78126,224.05|586.25
78127,372.5|519.1
78128,470.55|380.3
78129,278.9|328.15
78130,244.3|581.15
78131,428.4|533.95
78132,526.75|528.95
78133,311.15|376.45
78134,315.65|415.95
78135,226.7|556.2
78136,588.25|487.0
78137,452.15|403.0
78138,287.05|380.65
78139,537.9|235.95
78140,411.0|361.15
78141,544.45|329.95
78142,469.6|247.15
78143,520.15|250.55
78144,590.85|379.6
78145,591.2|241.45
78146,239.65|379.3
78147,305.55|582.1
78148,221.8|546.45
78149,459.25|590.35
78150,259.35|341.3
78151,362.05|441.75
78152,413.35|279.35
78153,502.75|511.0
78154,438.65|232.1
78155,556.5|423.15
78156,366.4|458.1
78157,332.05|323.4
78158,213.0|582.8
78159,358.3|595.25
78160,221.25|316.25
78161,568.95|494.4
78162,460.3|271.5
78163,346.7|355.8
78164,539.7|509.3
78165,373.55|292.35
78166,396.75|220.55
78167,560.85|304.95
78168,208.6|241.4
78169,380.05|566.6
78170,574.7|588.9
78171,463.3|271.9
78172,575.8|307.5
78173,282.8|292.45
78174,404.05|565.5
78175,452.4|479.7
78176,350.75|280.3
78177,591.75|476.15
78178,587.5|337.65
78179,583.45|593.1
78180,584.7|497.75
78181,574.05|370.9
78182,243.0|288.8
78183,346.3|284.15
78184,455.8|590.25
78185,419.85|398.85
78186,375.45|482.55
78187,445.5|504.45
78188,552.0|359.85
78189,532.7|258.15
78190,234.8|304.7
78191,217.7|393.2
78192,488.2|465.1
78193,381.4|571.75
78194,517.15|446.85
78195,240.2|242.3
78196,364.25|360.1
78197,497.95|239.3
78198,522.2|545.5
78199,402.3|541.0
78200,446.75|588.7
78201,408.85|313.5
78202,321.35|572.05
78203,402.6|466.3
78204,277.8|554.7
78205,567.5|408.75
78206,408.45|595.35
78207,426.15|264.05
78208,418.4|456.4
78209,270.1|389.15
78210,316.2|350.3
78211,256.8|551.6
78212,569.05|242.25
78213,447.8|273.45
78214,575.15|227.6
78215,349.1|425.35
78216,229.15|245.35
78217,580.35|469.5
78218,413.1|244.2
78219,554.8|526.8
78220,545.85|529.1
78221,326.9|396.65
78222,573.25|304.25
78223,272.05|444.5
78224,271.9|248.25
78225,526.35|326.2
78226,555.15|560.0
78227,422.4|302.65
78228,444.3|217.95
78229,254.15|427.0
78230,481.05|485.2
78231,351.8|557.2
78232,345.25|228.9
78233,298.0|342.25
78234,568.7|501.45
78235,228.9|591.0
78236,248.85|435.4
78237,277.95|409.8
78238,414.7|528.95
78239,394.6|243.55
78240,304.6|507.2
78241,244.7|499.45
78242,390.15|272.5
78243,549.45|524.7
78244,380.55|214.45
78245,397.05|223.7
78246,275.7|402.9
78247,434.95|487.55
78248,248.85|554.85
78249,368.55|225.85
78250,227.0|400.7
78251,243.65|426.45
78252,410.0|519.4
78253,465.55|221.85
78254,358.05|284.05
78255,247.15|462.75
78256,287.3|452.25
78257,232.95|533.8
78258,263.95|564.45
78259,533.45|590.1
78260,591.2|406.85
78261,219.7|583.75
78262,562.95|338.3
78263,399.9|491.4
78264,482.7|222.0
78265,210.8|311.7
78266,402.4|357.5
78267,560.25|236.6
78268,348.75|374.7
78269,242.95|340.3
78270,523.2|483.55
78271,546.7|461.6
78272,440.2|454.55
78273,567.7|295.15
78274,258.7|220.0
78275,541.7|503.65
78276,267.45|331.65
78277,390.75|383.45
78278,429.8|334.35
78279,489.3|516.25
78280,333.55|547.75
78281,352.25|501.4
78282,477.05|281.6
78283,546.65|359.3
78284,265.85|423.45
78285,231.75|286.5
78286,410.8|361.4
78287,283.45|286.8
78288,339.6|400.45
78289,306.1|350.55
78290,294.95|325.0
78291,554.2|318.05
78292,373.6|322.7
78293,543.1|341.25
78294,341.15|332.15
78295,256.75|268.25
78296,280.4|239.7
78297,273.4|273.45
78298,497.0|527.1
78299,243.7|504.15
78300,222.95|372.9
78301,425.3|314.8
78302,468.4|538.5
78303,399.7|331.75
78304,540.6|229.9
78305,229.85|521.3
78306,592.2|266.5
78307,373.15|579.5
78308,559.85|309.95
78309,577.4|482.6
78310,454.4|546.7
78311,357.05|578.75
78312,574.55|546.6
78313,334.9|343.0
78314,569.8|500.1
78315,210.2|228.85
78316,238.85|577.3
78317,344.5|217.25
78318,292.8|500.6
78319,353.55|449.85
78320,399.35|508.2
78321,283.65|526.6
78322,549.4|410.0
78323,348.95|590.15
78324,461.5|388.0
78325,360.05|489.1
78326,410.6|557.55
78327,364.1|536.0
78328,411.1|314.7
78329,556.7|581.95
78330,550.8|322.45
78331,344.85|477.25
78332,362.85|500.4
78333,398.9|370.2
78334,455.1|464.8
78335,244.45|210.75
78336,276.45|258.0
78337,211.5|588.25
78338,415.15|553.15
78339,489.2|232.0
78340,358.45|242.45
78341,287.75|330.05
78342,519.05|312.3
78343,263.7|290.6
78344,235.65|437.35
78345,342.6|363.7
78346,268.7|589.85
78347,363.95|511.4
78348,209.3|252.65
78349,427.0|248.6
78350,364.9|570.5
78351,436.2|556.4
78352,473.55|499.05
78353,365.3|437.65
78354,374.5|421.9
78355,255.6|458.85
78356,343.2|587.05
78357,383.5|506.6
78358,275.1|342.25
78359,274.95|262.2
78360,226.7|323.25
78361,441.75|249.85
78362,549.15|505.9
78363,584.95|290.35
78364,356.5|336.0
78365,291.2|565.65
78366,361.75|528.9
78367,430.15|271.35
78368,553.35|539.7
78369,586.3|293.8
78370,206.8|530.8
78371,521.2|368.0
78372,461.2|337.15
78373,584.95|251.4
78374,542.9|525.0
78375,567.75|212.85
78376,246.4|219.8
78377,233.9|431.2
78378,339.3|386.85
78379,494.2|262.75
78380,415.0|225.25
78381,516.2|539.95
78382,557.25|244.25
78383,349.85|564.7
78384,262.25|566.65
78385,565.3|555.95
78386,547.0|583.15
78387,416.7|591.05
78388,459.15|396.15
78389,296.8|377.75
78390,239.55|547.1
78391,228.45|481.75
78392,349.15|373.0
78393,524.2|285.15
78394,412.75|328.0
78395,593.3|492.15
78396,420.0|549.5
78397,465.5|223.9
78398,349.45|379.05
78399,485.9|317.0
78400,391.9|505.8
78401,579.75|324.5
78402,563.95|530.95
78403,583.35|503.55
78404,497.3|339.8
78405,567.65|222.3
78406,413.8|586.2
78407,406.7|320.0
78408,231.15|358.9
78409,393.95|352.85
78410,460.95|331.95
78411,417.45|502.2
78412,380.0|573.55
78413,233.75|293.3
78414,261.65|313.15
78415,343.6|402.2
78416,364.65|266.9
78417,342.85|372.5
78418,562.65|568.05
78419,217.3|582.75
78420,273.45|409.35
78421,432.3|483.25
78422,413.0|280.35
78423,246.05|579.25
78424,447.9|557.8
78425,289.4|437.0
78426,359.7|558.65
78427,385.1|376.45
78428,370.75|549.1
78429,261.5|264.1
78430,386.8|286.65
78431,450.55|524.95
78432,217.6|521.2
78433,229.35|450.75
78434,583.65|444.05
78435,505.75|402.1
78436,474.2|307.05
78437,524.15|460.1
78438,456.5|483.6
78439,593.4|223.4
78440,383.85|273.6
78441,585.45|235.85
78442,263.5|565.3
78443,524.05|565.05
78444,408.5|228.85
78445,280.2|267.25
78446,452.45|509.25
78447,384.45|298.55
78448,267.05|265.6
78449,454.4|222.45
78450,397.6|570.7
78451,545.45|334.1
78452,244.35|224.4
78453,364.1|438.85
78454,358.15|282.75
78455,537.25|443.5
78456,590.95|364.35
78457,408.7|386.1
78458,449.4|540.4
78459,584.35|407.35
78460,239.85|468.45
78461,588.6|208.75
78462,290.7|453.85
78463,494.45|311.55
78464,448.75|398.2
78465,578.1|488.95
78466,471.8|285.85
78467,552.4|299.3
78468,359.7|541.35
78469,448.0|359.8
78470,397.75|571.0
78471,515.1|526.45
78472,436.8|320.8
78473,349.45|464.0
78474,535.15|412.2
78475,463.9|441.9
78476,473.7|263.1
78477,386.75|257.9
78478,224.2|546.45
78479,480.4|294.25
78480,221.85|233.75
78481,424.15|227.5
78482,252.15|298.7
78483,542.6|445.95
78484,382.9|267.05
78485,419.4|473.25
78486,496.75|497.55
78487,219.25|285.25
78488,475.15|354.7
78489,280.85|510.1
78490,411.8|421.1
78491,208.9|585.85
78492,494.15|351.2
78493,214.4|452.9
78494,337.25|390.3
78495,479.5|266.5
78496,393.5|496.45
78497,215.6|585.25
78498,385.15|590.5
78499,343.65|570.6
78500,427.5|234.1
78501,530.25|376.25
78502,231.4|427.8
78503,391.15|265.2
78504,409.15|260.95
78505,410.75|340.1
78506,243.15|472.85
78507,446.25|440.35
78508,572.85|279.15
78509,264.75|409.8
78510,263.45|278.2
78511,272.9|339.5
78512,293.55|421.7
78513,253.7|427.05
78514,383.0|267.9
78515,386.0|549.8
78516,252.75|343.1
78517,364.35|380.4
78518,361.5|213.55
78519,389.95|221.6
78520,513.8|454.9
78521,281.4|432.2
78522,582.5|250.45
78523,360.5|463.45
78524,541.4|545.35
78525,288.4|371.95
78526,533.7|558.65
78527,288.4|450.5
78528,316.3|416.6
78529,356.65|405.65
78530,294.9|362.35
78531,368.95|545.1
78532,394.8|595.05
78533,285.0|320.4
78534,210.1|378.6
78535,461.5|434.1
78536,582.0|475.95
78537,274.85|539.4
78538,220.1|252.45
78539,576.4|510.35
78540,300.3|514.4
78541,457.85|350.45
78542,247.95|470.2
78543,226.4|354.1
78544,418.8|374.6
78545,413.9|496.7
78546,573.0|455.25
78547,235.25|227.2
78548,245.85|345.4
78549,441.55|320.3
78550,497.45|360.55
78551,526.6|448.55
78552,464.0|225.5
78553,345.75|277.25
78554,323.5|361.7
78555,294.95|332.5
78556,402.95|429.35
78557,387.35|540.6
78558,471.95|515.55
78559,375.65|208.65
78560,501.8|491.6
78561,207.4|481.55
78562,397.2|545.85
78563,284.8|593.55
78564,425.85|572.55
78565,441.95|550.35
78566,591.15|422.5
78567,444.4|516.7
78568,210.7|582.15
78569,505.2|362.1
78570,228.3|261.8
78571,264.5|323.55
78572,390.85|480.25
78573,336.95|239.75
78574,230.8|378.75
78575,406.05|435.45
78576,491.45|454.55
78577,363.8|566.9
78578,379.85|361.25
78579,230.15|377.75
78580,253.35|507.25
78581,259.55|556.4
78582,286.55|391.3
78583,335.55|397.15
78584,289.45|352.25
78585,475.75|491.65
78586,409.25|355.4
78587,264.45|566.35
78588,205.4|571.35
78589,530.5|545.95
78590,229.65|288.1
78591,572.6|320.15
78592,443.0|369.7
78593,552.45|531.4
78594,485.6|500.95
78595,585.6|326.75
78596,546.3|236.05
78597,371.1|230.65
78598,589.2|357.6
78599,579.85|309.7
78600,369.45|289.6
78601,214.2|295.85
78602,307.05|447.6
78603,213.5|239.6
78604,373.15|354.85
78605,391.75|403.25
78606,379.15|473.75
78607,230.9|576.5
78608,568.35|255.7
78609,411.7|512.65
78610,244.25|364.8
78611,373.7|350.85
78612,554.15|593.3
78613,414.75|543.4
78614,277.75|401.5
78615,230.15|488.8
78616,532.1|440.0
78617,404.7|543.15
78618,469.6|472.5
78619,425.7|240.05
78620,233.95|458.8
78621,438.7|238.0
78622,211.8|377.85
78623,541.7|549.95
78624,579.25|495.7
78625,323.95|395.95
78626,583.5|503.35
78627,590.25|566.15
78628,578.7|291.05
78629,370.4|487.3
78630,400.5|408.3
78631,274.15|416.15
78632,290.75|424.75
78633,399.95|519.35
78634,408.0|443.75
78635,567.1|531.25
78636,385.05|221.95
78637,468.85|551.55
78638,468.25|443.0
78639,466.05|462.75
78640,360.5|333.15
78641,343.7|251.9
78642,256.0|294.2
78643,530.05|505.3
78644,265.1|357.15
78645,517.1|222.55
78646,395.5|438.9
78647,419.45|373.7
78648,349.35|381.65
78649,347.2|221.7
78650,405.8|255.4
78651,230.5|488.4
78652,281.7|256.55
78653,435.3|325.8
78654,334.95|324.45
78655,393.7|502.35
78656,257.25|260.1
78657,466.95|328.25
78658,448.9|269.15
78659,441.1|377.15
78660,364.6|248.7
78661,351.75|440.9
78662,578.3|234.65
78663,520.4|437.95
78664,410.7|565.15
78665,477.65|463.8
78666,268.75|283.75
78667,423.6|535.15
78668,567.0|260.9
78669,459.5|570.8
78670,411.55|227.5
78671,245.85|278.25
78672,407.2|403.1
78673,382.8|592.5
78674,454.5|584.8
78675,208.55|469.95
78676,218.65|419.3
78677,567.35|226.3
78678,451.75|437.25
78679,447.0|535.05
78680,457.6|333.2
78681,273.05|228.9
78682,412.0|391.2
78683,471.85|344.15
78684,239.75|225.7
78685,234.35|295.25
78686,435.1|499.05
78687,560.45|423.3
78688,585.85|467.4
78689,258.1|222.35
78690,397.8|288.1
78691,465.05|447.25
78692,356.75|372.2
78693,242.65|216.1
78694,247.95|340.0
78695,421.2|362.4
78696,537.25|443.4
78697,475.9|461.85
78698,287.15|455.6
78699,248.35|595.1
78700,528.15|567.2
78701,470.2|344.05
78702,293.6|415.55
78703,221.3|477.05
78704,233.4|538.35
78705,437.45|576.15
78706,480.0|565.5
78707,260.75|421.55
78708,574.1|463.8
78709,287.15|563.3
78710,350.9|330.85
78711,336.45|417.55
78712,293.0|315.5
78713,544.85|533.65
78714,547.15|536.8
78715,522.85|502.95
78716,556.3|585.8
78717,455.8|446.5
78718,553.15|582.6
78719,416.55|409.75
78720,278.75|567.55
78721,233.4|402.1
78722,537.95|442.75
78723,470.4|285.65
78724,236.5|374.2
78725,350.05|256.65
78726,212.8|574.55
78727,461.5|213.75
78728,423.85|345.2
78729,446.45|344.2
78730,424.3|218.1
78731,478.9|439.2
78732,470.25|232.6
78733,225.2|396.75
78734,469.3|527.15
78735,244.35|361.15
78736,269.6|464.95
78737,276.4|494.05
78738,580.25|409.65
78739,454.25|285.7
78740,401.95|390.75
78741,532.65|573.4
78742,204.5|473.75
78743,217.95|258.8
78744,240.65|441.1
78745,396.65|583.8
78746,206.55|515.05
78747,471.3|221.25
78748,525.1|561.1
78749,584.2|472.05
78750,434.85|590.25
78751,402.45|274.75
78752,215.85|284.65
78753,390.7|508.15
78754,379.15|225.0
78755,389.65|534.45
78756,561.65|221.6
78757,260.75|515.2
78758,584.05|362.6
78759,389.15|472.05
78760,275.9|262.3
78761,209.5|466.5
78762,564.7|526.65
78763,587.05|509.05
78764,204.65|529.65
78765,576.85|270.65
78766,258.35|390.4
78767,356.3|238.8
78768,217.9|467.8
78769,276.8|582.2
78770,231.1|342.8
78771,360.75|221.95
78772,403.3|372.65
78773,387.7|352.65
78774,559.55|222.85
78775,418.3|358.75
78776,369.8|361.15
78777,441.45|503.6
78778,355.1|438.95
78779,214.8|267.75
78780,278.3|560.2
78781,445.0|224.05
78782,589.5|276.75
78783,434.4|462.05
78784,594.45|363.1
78785,389.9|237.2
78786,561.15|365.15
78787,415.75|519.65
78788,301.95|371.3
78789,368.7|591.6
78790,572.3|311.6
78791,590.4|214.1
78792,220.9|289.25
78793,419.75|380.0
78794,247.2|394.4
78795,546.65|456.85
78796,242.65|484.95
78797,382.05|560.2
78798,339.1|398.15
78799,498.8|241.35
78800,574.8|550.3
78801,470.4|264.45
78802,269.75|545.55
78803,323.55|344.85
78804,437.6|520.75
78805,444.35|300.1
78806,271.8|428.2
78807,401.95|538.95
78808,227.2|575.9
78809,379.75|309.35
78810,562.25|517.75
78811,506.85|346.7
78812,539.7|259.05
78813,345.4|371.25
78814,358.65|215.05
78815,576.35|514.35
78816,538.5|455.7
78817,388.85|579.3
78818,567.05|489.15
78819,461.95|446.3
78820,281.95|424.2
78821,263.4|243.65
78822,293.2|377.6
78823,472.5|432.05
78824,252.8|396.4
78825,473.45|322.4
78826,442.2|217.35
78827,458.0|573.4
78828,525.4|490.45
78829,302.55|395.9
78830,470.45|383.0
78831,236.3|241.45
78832,210.65|404.2
78833,579.05|261.55
78834,474.15|404.2
78835,416.3|584.65
78836,574.8|572.6
78837,318.05|374.65
78838,367.95|360.8
78839,254.05|442.9
78840,247.05|371.8
78841,364.05|345.4
78842,564.85|565.3
78843,420.8|305.05
78844,425.8|446.9
78845,262.1|271.9
78846,381.75|552.85
78847,466.65|507.35
78848,378.25|325.15
78849,461.65|237.4
78850,592.15|272.65
78851,233.6|264.0
78852,349.05|369.2
78853,404.8|237.95
78854,313.9|406.3
78855,208.0|531.45
78856,340.25|211.15
78857,493.15|438.05
78858,551.55|576.4
78859,390.75|345.4
78860,518.35|281.15
78861,284.15|432.65
78862,460.1|576.5
78863,422.65|279.85
78864,557.05|239.7
78865,309.6|501.4
78866,470.6|283.6
78867,229.75|416.1
78868,217.35|494.6
78869,472.5|465.0
78870,375.15|230.05
78871,586.15|515.4
78872,353.3|445.65
78873,372.35|386.55
78874,521.65|325.2
78875,575.2|452.7
78876,350.3|470.2
78877,270.9|270.1
78878,473.35|261.6
78879,224.4|375.6
78880,372.85|280.15
78881,360.8|340.4
78882,428.4|386.0
78883,478.05|306.6
78884,344.1|376.35
78885,360.2|456.65
78886,442.6|503.55
78887,412.95|589.05
78888,532.1|470.45
78889,552.75|486.55
78890,463.25|360.75
78891,439.1|487.1
78892,442.05|330.0
78893,308.8|325.5
78894,306.15|424.1
78895,467.55|554.5
78896,272.75|415.95
78897,587.75|406.95
78898,574.15|437.0
78899,588.45|330.05
78900,342.8|331.35
78901,588.35|414.05
78902,434.6|379.4
78903,472.6|409.45
78904,292.7|373.35
78905,587.75|354.6
78906,429.25|319.65
78907,566.35|514.05
78908,410.1|477.85
78909,235.9|214.85
78910,462.45|377.8
78911,427.35|544.1
78912,578.25|278.0
78913,518.55|471.45
78914,440.25|305.05
78915,479.5|237.5
78916,563.15|406.6
78917,255.0|415.2
78918,205.85|538.8
78919,520.35|460.05
78920,400.2|480.9
78921,271.75|553.65
78922,214.25|478.05
78923,235.25|540.5
78924,242.6|567.8
78925,256.55|556.9
78926,408.9|509.4
78927,224.65|475.7
78928,423.3|390.25
78929,565.65|523.55
78930,211.25|535.1
78931,323.05|391.95
78932,224.8|217.55
78933,547.85|308.25
78934,405.2|492.15
78935,590.45|582.3
78936,537.45|281.05
78937,226.9|572.85
78938,251.25|446.35
78939,406.75|436.45
78940,254.3|444.95
78941,584.4|485.9
78942,275.9|452.5
78943,272.55|493.25
78944,402.1|218.1
78945,565.1|579.85
78946,265.4|262.6
78947,549.85|552.4
78948,459.9|286.35
78949,543.6|329.25
78950,219.55|408.2
78951,286.35|421.5
78952,385.2|506.2
78953,347.6|288.45
78954,593.55|421.55
78955,454.35|243.15
78956,551.7|583.35
78957,241.7|260.6
78958,408.55|371.6
78959,411.7|413.4
78960,520.05|512.6
78961,220.2|338.4
78962,399.85|311.05
78963,490.4|493.4
78964,323.85|548.0
78965,408.5|326.0
78966,463.8|592.0
78967,534.05|513.8
78968,350.55|221.55
78969,297.6|425.55
78970,456.1|456.4
78971,251.85|209.55
78972,330.95|556.95
78973,221.1|361.3
78974,529.55|542.7
78975,519.15|431.9
78976,469.5|229.1
78977,562.05|310.05
78978,440.6|348.3
78979,243.65|375.45
78980,568.7|237.2
78981,408.75|479.5
78982,354.4|589.6
78983,417.6|233.65
78984,238.05|349.25
78985,470.6|361.65
78986,213.05|478.7
78987,458.6|317.6
78988,218.65|457.0
78989,221.2|476.55
78990,254.15|573.45
78991,406.15|513.1
78992,344.0|375.5
78993,427.35|264.55
78994,214.7|497.05
78995,380.85|570.45
78996,570.25|278.7
78997,208.45|583.45
78998,220.05|492.15
78999,278.3|376.6
79000,254.45|577.65
79001,347.2|334.0
79002,428.3|469.1
79003,385.55|332.65
79004,482.75|441.7
79005,552.55|276.7
79006,354.1|315.0
79007,263.7|282.4
79008,254.35|234.55
79009,586.9|292.7
79010,486.4|341.0
79011,590.65|473.25
79012,234.85|281.45
79013,241.8|292.65
79014,335.5|516.95
79015,228.5|482.8
79016,467.95|544.1
79017,373.4|338.15
79018,405.55|437.0
79019,570.25|275.0
79020,268.0|448.25
79021,425.9|537.0
79022,313.7|322.45
79023,576.85|564.6
79024,414.25|452.3
79025,451.15|486.85
79026,587.95|395.55
79027,363.7|208.85
79028,577.05|543.7
79029,269.4|342.75
79030,259.7|566.95
79031,221.75|505.8
79032,522.8|508.8
79033,461.45|356.7
79034,290.05|264.55
79035,350.4|522.4
79036,227.6|298.25
79037,389.55|365.45
79038,399.3|557.4
79039,579.6|539.6
79040,288.0|461.6
79041,414.75|548.65
79042,391.8|555.7
79043,343.75|517.05
79044,259.1|456.2
79045,540.4|583.75
79046,406.75|587.05
79047,350.85|328.8
79048,467.65|223.35
79049,338.75|356.05
79050,260.75|304.75
79051,209.9|449.1
79052,567.2|507.75
79053,414.0|208.15
79054,408.5|581.85
79055,545.4|291.0
79056,569.95|590.65
79057,398.0|325.3
79058,527.3|574.55
79059,330.0|316.15
79060,379.9|323.6
79061,488.4|238.8
79062,481.95|493.5
79063,211.15|458.45
79064,484.7|331.1
79065,350.35|231.95
79066,257.7|576.6
79067,403.8|542.15
79068,412.15|544.65
79069,427.45|461.95
79070,447.4|458.75
79071,215.05|489.6
79072,559.05|586.5
79073,261.1|533.15
79074,256.8|389.65
79075,550.55|425.45
79076,354.95|554.0
79077,221.75|499.95
79078,581.15|398.35
79079,209.85|249.65
79080,334.1|253.75
79081,239.25|485.05
79082,374.55|348.0
79083,235.55|215.35
79084,482.75|314.75
79085,521.1|405.1
79086,252.55|552.9
79087,588.15|578.5
79088,407.85|383.3
79089,351.4|245.1
79090,444.5|310.7
79091,252.3|257.65
79092,553.65|356.1
79093,576.4|587.7
79094,473.8|507.8
79095,329.25|516.05
79096,466.7|535.6
79097,398.65|458.15
79098,220.2|493.25
79099,522.0|464.35
79100,219.85|410.7
79101,583.1|301.15
79102,583.7|217.45
79103,551.75|289.65
79104,569.8|388.25
79105,437.85|478.75
79106,432.3|294.7
79107,284.05|433.95
79108,399.65|471.5
79109,271.75|403.95
79110,291.15|380.05
79111,542.45|280.2
79112,444.7|540.25
79113,532.7|439.7
79114,228.05|526.65
79115,266.5|498.2
79116,365.75|437.9
79117,414.15|239.0
79118,394.3|212.55
79119,485.9|218.75
79120,488.8|487.85
79121,565.65|435.6
79122,451.8|385.55
79123,579.95|468.5
79124,445.95|509.3
79125,488.1|251.15
79126,430.1|430.85
79127,323.75|355.0
79128,283.45|424.05
79129,441.85|246.95
79130,464.9|343.75
79131,519.4|430.5
79132,580.0|457.8
79133,235.5|513.0
79134,208.6|223.95
79135,220.15|578.6
79136,455.75|573.9
79137,482.0|338.25
79138,222.5|322.4
79139,291.0|585.55
79140,268.2|215.15
79141,428.4|584.05
79142,418.9|278.2
79143,591.5|377.85
79144,237.1|501.2
79145,527.7|340.8
79146,406.5|535.45
79147,531.45|457.25
79148,444.85|214.7
79149,268.45|304.95
79150,469.35|251.85
79151,220.2|529.15
79152,365.8|341.15
79153,271.75|289.9
79154,235.45|360.95
79155,257.15|365.05
79156,580.15|504.45
79157,576.6|406.8
79158,295.45|392.0
79159,276.4|574.65
79160,351.45|293.45
79161,271.1|232.6
79162,515.75|406.15
79163,206.75|493.8
79164,464.75|318.4
79165,213.0|227.8
79166,283.2|454.4
79167,266.0|260.0
79168,548.45|229.8
79169,556.9|224.65
79170,409.1|430.15
79171,351.1|245.4
79172,556.55|445.45
79173,466.5|532.8
79174,357.5|502.95
79175,411.8|248.05
79176,389.8|588.25
79177,589.35|440.35
79178,271.05|415.9
79179,516.9|500.8
79180,572.75|466.9
79181,324.5|220.75
79182,446.75|322.8
79183,391.4|210.2
79184,566.75|539.35
79185,416.5|372.7
79186,368.85|494.3
79187,484.3|237.9
79188,215.45|576.8
79189,576.6|426.6
79190,406.55|325.9
79191,532.85|562.75
79192,205.0|463.7
79193,226.8|590.9
79194,296.55|284.65
79195,456.05|549.4
79196,359.7|558.8
79197,380.3|496.4
79198,226.65|405.45
79199,355.7|449.8
79200,586.55|373.7
79201,254.8|283.0
79202,544.0|328.6
79203,566.4|577.2
79204,558.2|255.9
79205,441.15|373.6
79206,411.1|503.8
79207,208.65|503.35
79208,564.15|234.45
79209,259.95|368.9
79210,325.55|337.65
79211,477.75|281.15
79212,477.2|533.5
79213,338.35|531.35
79214,280.9|487.3
79215,530.15|340.85
79216,538.3|371.05
79217,551.25|587.25
79218,426.5|342.3
79219,439.8|530.75
79220,296.8|422.2
79221,366.05|494.95
79222,389.7|391.8
79223,285.45|453.75
79224,556.75|316.55
79225,267.5|536.0
79226,254.7|577.35
79227,295.55|561.6
79228,526.15|456.0
79229,591.4|416.75
79230,577.7|241.95
79231,276.85|484.3
79232,270.4|569.3
79233,592.75|568.8
79234,326.6|409.5
79235,441.1|472.65
79236,304.9|380.85
79237,443.1|265.45
79238,274.0|261.15
79239,470.65|348.15
79240,276.15|374.05
79241,548.95|285.1
79242,379.85|450.75
79243,589.15|304.8
79244,395.25|358.8
79245,442.65|547.1
79246,351.2|218.95
79247,572.55|427.8
79248,342.1|239.95
79249,398.6|502.95
79250,470.2|260.65
79251,232.0|409.75
79252,441.15|446.45
79253,570.3|595.3
79254,391.3|572.45
79255,327.9|292.1
79256,348.9|481.55
79257,561.0|565.55
79258,475.4|360.0
79259,398.85|339.4
79260,386.6|587.1
79261,249.15|334.8
79262,469.7|223.8
79263,266.9|427.1
79264,279.55|399.5
79265,399.2|517.2
79266,427.95|593.6
79267,217.65|468.45
79268,370.3|374.15
79269,225.2|359.85
79270,448.6|481.05
79271,342.75|217.3
79272,250.5|434.7
79273,402.3|472.5
79274,266.7|263.65
79275,339.85|472.25
79276,340.5|523.1
79277,461.45|288.0
79278,457.05|537.05
79279,551.05|588.3
79280,220.8|556.1
79281,418.95|511.4
79282,342.6|425.5
79283,276.6|240.85
79284,463.3|225.15
79285,426.05|327.35
79286,245.85|288.3
79287,225.35|424.7
79288,378.5|215.35
79289,281.05|543.45
79290,474.6|377.6
79291,592.9|284.95
79292,349.35|564.35
79293,450.3|397.15
79294,565.6|231.5
79295,433.9|254.2
79296,474.9|433.3
79297,252.8|264.55
79298,338.65|344.85
79299,554.1|370.3
79300,349.75|372.9
79301,590.05|485.05
79302,309.5|416.15
79303,217.2|394.55
79304,339.8|237.55
79305,209.3|455.05
79306,290.6|512.95
79307,501.15|418.1
79308,246.85|430.9
79309,215.2|299.6
79310,219.5|307.5
79311,421.55|294.45
79312,594.05|270.55
79313,323.95|542.5
79314,354.55|446.9
79315,215.75|336.6
79316,472.9|215.9
79317,205.5|320.7
79318,575.45|239.4
79319,583.4|409.7
79320,276.4|306.05
79321,557.25|585.7
79322,535.3|343.7
79323,288.05|586.2
79324,459.45|467.05
79325,587.6|393.05
79326,404.1|224.5
79327,443.8|439.65
79328,401.55|396.25
79329,339.05|367.35
79330,481.9|335.8
79331,321.9|530.75
79332,467.6|523.4
79333,583.95|243.4
79334,569.8|440.65
79335,357.55|507.05
79336,391.35|505.8
79337,468.4|529.15
79338,587.55|486.9
79339,227.45|220.6
79340,574.75|360.25
79341,528.7|452.3
79342,588.35|212.45
79343,484.05|394.8
79344,208.35|292.4
79345,449.8|533.2
79346,210.9|508.25
79347,365.75|550.5
79348,520.45|546.4
79349,321.7|399.7
79350,245.4|228.4
79351,578.55|555.55
79352,269.3|391.4
79353,376.65|272.55
79354,214.3|209.75
79355,500.7|442.4
79356,252.35|510.2
79357,379.45|361.8
79358,212.6|481.25
79359,420.25|483.7
79360,211.5|320.65
79361,522.4|299.1
79362,242.25|310.05
79363,403.65|561.1
79364,466.8|521.85
79365,458.1|438.1
79366,247.5|553.85
79367,338.95|557.7
79368,360.25|540.05
79369,593.75|384.75
79370,371.65|235.8
79371,372.85|245.7
79372,546.25|469.1
79373,367.15|389.1
79374,295.7|337.2
79375,250.95|385.45
79376,232.85|282.8
79377,529.8|345.9
79378,400.6|570.95
79379,246.55|419.05
79380,214.3|305.2
79381,437.6|259.45
79382,281.95|463.35
79383,541.7|267.0
79384,432.15|478.7
79385,225.5|246.7
79386,255.75|407.5
79387,380.35|362.6
79388,353.05|581.8
79389,262.95|455.4
79390,254.9|353.0
79391,365.8|440.45
79392,524.9|503.05
79393,420.7|484.5
79394,279.85|294.2
79395,292.8|356.0
79396,264.85|429.65
79397,401.85|233.0
79398,452.45|377.55
79399,209.4|221.95
79400,534.2|292.35
79401,254.35|548.1
79402,293.9|465.1
79403,215.95|445.1
79404,424.3|211.85
79405,383.75|220.4
79406,390.7|327.85
79407,472.35|379.5
79408,540.9|518.35
79409,345.15|412.1
79410,304.9|337.35
79411,468.05|318.75
79412,563.2|275.2
79413,370.15|429.05
79414,244.45|242.2
79415,553.2|585.4
79416,539.1|550.2
79417,499.35|303.0
79418,379.85|383.3
79419,343.45|349.5
79420,525.95|463.7
79421,567.0|405.8
79422,375.8|497.95
79423,280.0|460.45
79424,421.3|482.8
79425,338.35|234.55
79426,395.05|454.4
79427,440.55|398.6
79428,413.8|578.95
79429,266.85|401.2
79430,590.95|467.65
79431,220.65|227.2
79432,364.25|355.85
79433,214.3|528.15
79434,208.7|229.65
79435,344.3|335.25
79436,208.05|529.5
79437,287.25|333.0
79438,214.35|315.05
79439,375.25|596.45
79440,420.85|387.3
79441,591.65|486.35
79442,317.35|363.7
79443,345.35|572.05
79444,323.75|403.9
79445,471.75|310.05
79446,269.7|348.2
79447,571.65|280.65
79448,392.15|379.75
79449,275.9|572.35
79450,328.4|269.05
79451,370.4|323.75
79452,554.8|587.15
79453,227.45|568.95
79454,434.7|424.6
79455,426.85|338.75
79456,538.05|573.0
79457,270.55|400.2
79458,547.25|357.1
79459,441.65|330.1
79460,593.9|277.2
79461,271.65|579.2
79462,507.85|491.45
79463,582.1|280.5
79464,438.95|294.0
79465,271.55|282.55
79466,340.35|222.85
79467,376.75|245.15
79468,358.7|484.55
79469,436.0|520.15
79470,551.0|272.95
79471,509.35|488.3
79472,274.3|283.35
79473,425.9|455.3
79474,533.0|395.55
79475,315.75|514.65
79476,397.75|394.25
79477,271.5|407.9
79478,430.05|586.4
79479,340.05|529.5
79480,208.05|502.55
79481,463.1|526.2
79482,272.3|466.4
79483,350.0|391.0
79484,215.25|217.05
79485,288.45|382.8
79486,213.7|336.1
79487,503.9|324.7
79488,347.15|535.2
79489,385.0|251.1
79490,412.35|542.2
79491,254.65|457.05
79492,344.75|554.5
79493,579.2|282.8
79494,565.05|431.7
79495,334.7|258.75
79496,471.35|326.1
79497,536.05|465.6
79498,361.25|578.6
79499,235.75|515.15
79500,303.8|325.65
79501,216.95|276.1
79502,400.45|251.35
79503,222.3|473.7
79504,562.2|525.35
79505,267.2|441.35
79506,382.4|423.4
79507,521.25|486.3
79508,344.6|551.0
79509,445.25|342.6
79510,467.15|384.15
79511,469.15|362.75
79512,496.8|506.75
79513,456.1|420.1
79514,370.4|357.35
79515,295.1|463.1
79516,243.1|586.85
79517,252.4|537.3
79518,337.9|430.5
79519,279.05|596.3
79520,270.45|416.0
79521,203.85|476.75
79522,326.65|396.15
79523,466.9|290.8
79524,341.6|265.35
79525,461.75|458.8
79526,257.45|302.7
79527,592.7|410.5
79528,493.15|221.75
79529,392.55|593.1
79530,397.65|520.3
79531,502.55|335.7
79532,559.3|260.85
79533,403.15|566.15
79534,259.0|406.75
79535,255.4|592.25
79536,386.15|270.4
79537,446.65|428.9
79538,376.45|341.95
79539,223.5|305.1
79540,213.85|503.05
79541,463.4|234.65
79542,383.85|379.55
79543,379.05|342.6
79544,433.0|453.95
79545,256.75|265.95
79546,263.3|223.8
79547,268.35|478.75
79548,377.2|364.1
79549,244.85|524.2
79550,424.65|411.45
79551,265.5|277.2
79552,474.3|326.05
79553,431.6|373.7
79554,591.7|282.6
79555,579.25|257.3
79556,534.95|325.9
79557,562.3|208.65
79558,368.2|570.8
79559,440.0|505.9
79560,570.7|455.65
79561,259.4|560.0
79562,382.2|308.9
79563,425.35|549.6
79564,312.9|392.0
79565,546.95|270.1
79566,271.45|269.6
79567,403.5|209.4
79568,286.85|498.05
79569,412.65|573.6
79570,528.25|462.85
79571,426.95|325.05
79572,384.1|362.25
79573,349.6|232.6
79574,327.0|325.7
79575,279.8|527.45
79576,261.55|277.1
79577,291.55|432.25
79578,586.6|496.9
79579,392.85|279.65
79580,275.65|331.1
79581,576.35|497.65
79582,240.95|428.5
79583,259.85|300.4
79584,585.45|378.35
79585,536.15|556.9
79586,510.1|522.95
79587,208.3|511.2
79588,400.5|571.8
79589,583.5|304.45
79590,531.55|461.3
79591,489.65|226.45
79592,246.3|291.8
79593,298.0|323.75
79594,460.85|389.8
79595,447.95|412.15
79596,411.35|276.75
79597,581.4|338.2
79598,439.45|533.2
79599,243.5|235.65
79600,462.55|295.15
79601,275.25|363.2
79602,571.5|495.75
79603,351.7|550.3
79604,472.6|271.4
79605,269.15|403.7
79606,465.9|463.6
79607,583.0|397.65
79608,476.3|323.3
79609,212.35|490.6
79610,544.6|592.4
79611,559.95|227.15
79612,592.65|588.3
79613,399.0|239.65
79614,583.15|421.4
79615,241.8|545.5
79616,463.1|477.1
79617,577.45|542.55
79618,237.2|420.55
79619,483.15|236.55
79620,388.2|487.25
79621,227.75|329.9
79622,421.1|351.95
79623,365.6|545.15
79624,349.25|444.0
79625,208.65|533.85
79626,437.95|371.25
79627,586.35|471.45
79628,347.25|442.1
79629,394.55|567.95
79630,526.3|347.05
79631,448.65|485.65
79632,448.5|575.4
79633,559.75|519.5
79634,581.7|373.45
79635,390.4|594.6
79636,577.65|558.9
79637,359.5|243.65
79638,268.65|543.2
79639,514.15|358.8
79640,392.85|376.15
79641,272.7|299.3
79642,237.8|400.0
79643,485.05|499.9
79644,358.5|551.8
79645,274.25|422.55
79646,225.75|514.25
79647,444.9|578.9
79648,317.9|367.85
79649,393.65|245.25
79650,589.5|359.2
79651,396.55|256.3
79652,583.55|390.15
79653,246.35|419.3
79654,400.65|520.35
79655,487.7|212.15
79656,230.8|413.8
79657,285.35|321.85
79658,444.3|316.45
79659,372.9|213.55
79660,221.45|465.3
79661,348.8|287.7
79662,259.25|291.55
79663,341.4|382.8
79664,574.95|414.5
79665,576.7|463.4
79666,536.0|527.95
79667,363.25|384.2
79668,326.75|418.65
79669,547.45|385.3
79670,214.9|302.05
79671,465.7|442.9
79672,297.55|478.6
79673,461.4|449.9
79674,217.8|576.7
79675,267.45|455.35
79676,452.4|570.25
79677,406.45|452.75
79678,435.6|330.65
79679,312.1|251.75
79680,588.55|297.25
79681,431.2|219.25
79682,359.3|251.4
79683,484.35|465.5
79684,575.2|588.45
79685,570.5|275.65
79686,459.2|287.3
79687,461.7|578.75
79688,347.45|342.4
79689,520.5|508.4
79690,557.25|588.65
79691,228.6|378.3
79692,563.15|480.8
79693,403.25|434.85
79694,419.5|215.7
79695,470.75|311.3
79696,315.05|430.05
79697,487.1|436.95
79698,589.25|492.8
79699,258.85|398.9
79700,356.7|355.9
79701,475.6|449.75
79702,259.0|417.75
79703,482.95|484.6
79704,523.95|502.75
79705,558.7|380.55
79706,359.85|313.85
79707,395.7|228.3
79708,388.75|398.0
79709,341.6|305.35
79710,491.35|483.25
79711,469.45|459.15
79712,214.65|297.8
79713,585.9|571.15
79714,546.75|504.8
79715,239.85|360.65
79716,430.5|484.6
79717,473.6|424.75
79718,373.05|443.75
79719,489.6|549.4
79720,213.85|548.6
79721,211.55|577.4
79722,358.55|347.15
79723,274.55|594.5
79724,580.7|562.2
79725,256.5|498.45
79726,253.95|555.55
79727,356.75|271.9
79728,375.7|577.95
79729,336.45|323.5
79730,494.1|263.0
79731,335.35|540.9
79732,553.5|275.2
79733,301.6|444.6
79734,225.55|510.25
79735,570.75|588.7
79736,566.05|399.2
79737,339.55|352.35
79738,539.8|417.05
79739,576.0|582.2
79740,209.85|243.4
79741,408.1|297.2
79742,461.7|455.45
79743,590.95|352.5
79744,457.2|589.9
79745,365.1|356.15
79746,510.7|485.1
79747,451.45|304.8
79748,227.1|406.2
79749,227.45|433.3
79750,569.1|411.0
79751,297.15|547.75
79752,431.45|373.65
79753,276.5|492.95
79754,550.0|339.5
79755,271.6|551.1
79756,436.4|536.6
79757,528.7|446.6
79758,395.75|565.4
79759,304.8|438.85
79760,469.55|261.8
79761,219.9|313.95
79762,257.95|401.6
79763,411.5|583.4
79764,466.3|407.75
79765,461.75|469.5
79766,387.95|300.55
79767,390.35|409.95
79768,465.75|378.7
79769,590.0|381.6
79770,326.9|320.95
79771,332.55|491.0
79772,593.4|273.4
79773,221.5|578.8
79774,227.5|488.1
79775,323.8|401.7
79776,472.75|294.7
79777,457.1|218.8
79778,475.55|355.7
79779,530.45|410.05
79780,352.55|557.55
79781,268.2|356.65
79782,370.65|475.25
79783,583.65|509.25
79784,219.0|553.7
79785,561.15|463.35
79786,453.95|419.2
79787,396.25|384.0
79788,542.65|533.9
79789,340.8|539.7
79790,287.8|261.7
79791,519.6|363.6
79792,402.3|488.55
79793,565.55|245.95
79794,381.2|289.9
79795,525.25|523.8
79796,345.65|299.0
79797,426.95|246.2
79798,231.95|372.6
79799,393.4|414.95
79800,444.7|559.1
79801,456.9|469.9
79802,265.35|525.8
79803,244.75|378.4
79804,291.85|418.3
79805,538.65|245.0
79806,558.7|238.75
79807,465.35|270.75
79808,239.7|522.6
79809,406.2|321.55
79810,589.7|346.6
79811,405.75|463.0
79812,394.9|329.65
79813,238.3|592.9
79814,218.95|566.35
79815,451.7|559.05
79816,340.4|220.55
79817,231.8|271.3
79818,407.3|274.15
79819,253.0|350.55
79820,569.0|513.15
79821,366.25|257.35
79822,215.7|244.7
79823,408.9|573.95
79824,270.4|549.8
79825,574.25|219.75
79826,241.4|394.3
79827,211.0|571.95
79828,412.25|510.7
79829,463.95|404.25
79830,260.3|340.5
79831,357.05|322.6
79832,268.7|346.65
79833,467.1|479.7
79834,366.15|575.75
79835,333.05|283.25
79836,377.8|522.9
79837,293.15|316.0
79838,455.05|382.3
79839,566.2|499.2
79840,207.15|493.85
79841,476.05|271.7
79842,573.65|445.0
79843,466.1|239.6
79844,410.95|376.15
79845,283.25|339.4
79846,399.0|541.45
79847,579.75|247.05
79848,544.35|485.05
79849,577.05|590.1
79850,208.25|242.8
79851,271.3|485.0
79852,462.1|461.1
79853,581.9|387.0
79854,228.35|356.25
79855,583.85|356.35
79856,451.4|371.25
79857,280.55|364.05
79858,519.35|512.9
79859,353.35|375.7
79860,433.7|342.7
79861,593.95|294.6
79862,431.6|306.4
79863,350.1|442.45
79864,259.9|582.6
79865,297.45|443.6
79866,566.15|441.5
79867,220.35|253.35
79868,468.6|289.05
79869,565.9|444.85
79870,256.7|215.45
79871,356.55|441.45
79872,316.35|290.65
79873,257.8|581.25
79874,575.0|332.7
79875,208.75|543.25
79876,576.15|556.75
79877,211.25|478.6
79878,239.65|258.9
79879,527.6|418.4
79880,277.65|372.55
79881,219.5|245.35
79882,423.3|580.6
79883,368.05|578.1
79884,298.35|370.3
79885,539.05|282.9
79886,419.6|209.95
79887,353.15|287.55
79888,499.15|393.25
79889,314.3|299.25
79890,387.6|211.5
79891,356.15|335.25
79892,322.75|326.0
79893,536.9|589.55
79894,342.8|225.2
79895,416.4|233.0
79896,536.0|557.65
79897,358.0|337.2
79898,497.0|452.25
79899,406.85|223.3
79900,216.2|475.5
79901,257.6|316.35
79902,375.0|421.7
79903,256.7|292.1
79904,225.6|266.1
79905,543.0|588.6
79906,373.35|361.2
79907,587.4|393.9
79908,414.45|478.8
79909,388.05|378.2
79910,437.45|392.45
79911,273.3|343.1
79912,555.55|592.2
79913,412.65|413.55
79914,357.7|322.05
79915,548.85|540.95
79916,342.7|421.2
79917,392.95|326.25
79918,256.65|237.6
79919,342.8|403.9
79920,471.55|226.3
79921,451.4|539.15
79922,248.4|481.15
79923,437.4|324.55
79924,586.4|574.75
79925,495.9|484.35
79926,449.05|453.1
79927,283.0|508.35
79928,289.85|363.35
79929,392.05|550.55
79930,509.8|237.4
79931,480.0|293.2
79932,264.55|355.8
79933,225.0|444.75
79934,392.3|554.65
79935,364.65|273.85
79936,403.55|405.35
79937,241.0|419.6
79938,468.15|542.65
79939,275.15|570.5
79940,349.95|388.65
79941,340.75|350.35
79942,472.2|371.3
79943,438.5|398.05
79944,211.45|566.95
79945,416.5|367.15
79946,556.4|531.05
79947,207.7|344.1
79948,377.65|257.7
79949,243.25|486.8
79950,496.5|306.95
79951,238.05|302.5
79952,455.95|587.5
79953,328.8|396.5
79954,242.95|421.9
79955,349.6|226.0
79956,531.3|453.9
79957,256.45|287.05
79958,416.45|481.0
79959,559.25|231.0
79960,585.8|568.0
79961,445.05|393.9
79962,273.8|280.1
79963,483.05|374.75
79964,226.85|569.45
79965,432.8|355.65
79966,585.35|428.35
79967,592.4|375.25
79968,363.65|368.45
79969,481.7|485.25
79970,321.9|417.35
79971,556.95|250.25
79972,355.25|406.15
79973,524.7|320.95
79974,470.2|237.45
79975,464.45|425.35
79976,303.8|390.65
79977,290.5|325.25
79978,257.75|264.3
79979,381.3|469.45
79980,353.1|573.05
79981,247.15|446.3
79982,591.4|257.2
79983,249.95|346.95
79984,211.5|581.1
79985,370.05|438.05
79986,298.55|338.15
79987,308.15|579.45
79988,482.0|478.4
79989,406.2|572.8
79990,489.45|368.5
79991,385.1|230.0
79992,402.2|310.5
79993,208.25|398.95
79994,536.95|319.15
79995,593.1|212.05
79996,579.2|340.7
79997,581.25|216.25
79998,544.95|530.05
79999,411.35|213.9
80000,463.1|250.05
80001,587.7|379.75
80002,537.3|342.05
80003,559.95|237.05
80004,320.95|370.45
80005,299.55|371.55
80006,234.8|416.75
80007,370.45|238.25
80008,330.7|493.55
80009,504.75|491.75
80010,528.2|580.8
80011,265.95|224.25
80012,466.1|223.65
80013,342.8|467.5
80014,451.3|303.7
80015,450.4|470.5
80016,301.7|397.0
80017,415.65|303.45
80018,428.05|575.2
80019,531.9|226.85
80020,418.6|449.95
80021,447.55|390.45
80022,207.05|502.2
80023,537.5|534.2
80024,370.0|213.35
80025,254.9|264.6
80026,578.7|388.85
80027,297.35|350.8
80028,543.45|449.0
80029,275.35|586.35
80030,577.25|403.95
80031,223.05|478.05
80032,217.25|463.5
80033,450.5|421.9
80034,348.05|504.0
80035,358.1|438.25
80036,591.25|292.7
80037,458.85|219.2
80038,466.15|260.05
80039,394.75|332.8
80040,375.15|222.1
80041,221.2|346.25
80042,436.35|323.3
80043,279.15|257.45
80044,420.95|589.4
80045,286.1|273.75
80046,483.0|435.25
80047,571.5|313.35
80048,220.25|294.25
80049,234.2|435.15
80050,448.1|544.3
80051,235.65|399.75
80052,382.5|546.8
80053,269.45|260.0
80054,516.3|464.95
80055,529.55|497.1
80056,229.45|291.45
80057,391.7|278.4
80058,412.1|496.05
80059,240.45|228.85
80060,507.3|471.05
80061,261.35|289.05
80062,424.4|306.75
80063,553.25|529.95
80064,212.1|530.3
80065,269.85|250.95
80066,274.3|400.95
80067,283.7|309.2
80068,395.8|243.65
80069,471.0|254.2
80070,215.55|376.4
80071,424.1|442.3
80072,339.2|221.1
80073,400.05|526.75
80074,272.7|540.5
80075,418.95|252.5
80076,533.65|511.05
80077,354.15|334.5
80078,218.4|511.05
80079,206.7|320.85
80080,585.9|436.85
80081,455.5|581.9
80082,338.6|240.75
80083,556.8|529.85
80084,425.7|215.45
80085,213.2|576.35
80086,430.95|585.7
80087,292.9|433.4
80088,456.3|467.1
80089,255.95|475.9
80090,353.25|228.65
80091,581.2|455.8
80092,238.25|224.8
80093,251.65|359.1
80094,448.3|239.65
80095,541.8|320.4
80096,590.95|363.25
80097,240.55|303.95
80098,515.55|492.4
80099,468.5|392.05
80100,467.0|451.9
80101,425.75|481.85
80102,583.85|401.55
80103,218.9|566.55
80104,538.15|504.9
80105,357.9|283.85
80106,340.25|545.8
80107,254.65|344.45
80108,554.5|312.75
80109,572.1|346.4
80110,281.65|545.25
80111,208.9|386.35
80112,588.8|429.7
80113,527.65|518.15
80114,574.1|405.2
80115,464.1|548.75
80116,512.3|501.7
80117,338.45|345.85
80118,436.25|388.25
80119,581.65|395.5
80120,437.4|582.2
80121,399.8|448.95
80122,391.0|593.85
80123,360.95|372.8
80124,229.3|579.05
80125,233.25|495.95
80126,585.25|567.45
80127,423.55|272.3
80128,267.3|422.75
80129,437.2|274.3
80130,479.6|345.1
80131,237.2|257.35
80132,575.3|453.7
80133,323.25|335.65
80134,343.7|486.4
80135,262.5|254.4
80136,230.65|585.1
80137,393.75|455.85
80138,515.8|496.2
80139,206.8|533.7
80140,260.2|590.3
80141,546.3|290.3
80142,380.85|385.6
80143,398.55|417.75
80144,561.6|454.5
80145,387.45|579.9
80146,588.0|560.8
80147,567.1|429.8
80148,279.8|318.05
80149,335.7|584.65
80150,210.95|592.45
80151,385.3|273.05
80152,548.8|318.05
80153,265.0|562.55
80154,548.6|520.9
80155,245.0|222.55
80156,389.2|246.25
80157,560.9|289.9
80158,214.0|496.45
80159,397.3|454.05
80160,213.95|482.45
80161,358.3|595.95
80162,448.75|422.2
80163,269.55|360.4
80164,349.0|400.6
80165,256.8|368.6
80166,589.15|300.35
80167,237.75|565.55
80168,270.1|321.75
80169,363.15|230.0
80170,291.45|574.6
80171,291.85|301.1
80172,377.2|237.7
80173,535.55|483.55
80174,337.05|328.55
80175,368.5|421.0
80176,392.7|301.5
80177,224.8|470.85
80178,517.6|462.25
80179,466.1|507.25
80180,481.9|460.45
80181,409.3|467.6
80182,350.65|422.3
80183,567.7|519.1
80184,387.4|451.35
80185,273.3|496.5
80186,364.75|444.8
80187,458.25|360.25
80188,560.8|423.5
80189,516.9|498.7
80190,397.05|562.0
80191,381.65|280.7
80192,238.85|577.2
80193,465.1|453.0
80194,480.35|251.45
80195,510.25|478.5
80196,389.6|260.85
80197,387.9|480.05
80198,356.05|455.55
80199,517.5|364.45
80200,548.35|244.15
80201,450.2|363.45
80202,369.1|435.1
80203,250.0|372.7
80204,537.15|498.3
80205,464.55|450.6
80206,462.65|474.1
80207,563.55|269.25
80208,425.7|295.15
80209,477.2|350.6
80210,473.65|370.65
80211,346.3|428.5
80212,296.6|541.8
80213,470.05|279.9
80214,449.55|290.65
80215,492.25|516.25
80216,475.8|491.8
80217,262.0|252.95
80218,341.0|282.0
80219,551.1|570.1
80220,372.35|256.0
80221,586.4|564.6
80222,406.65|491.8
80223,468.15|444.5
80224,258.75|336.3
80225,344.45|445.15
80226,343.8|376.45
80227,336.4|568.4
80228,580.7|452.75
80229,502.65|415.7
80230,502.6|494.5
80231,585.2|509.25
80232,341.0|556.95
80233,537.8|548.8
80234,552.95|529.45
80235,579.0|537.55
80236,221.3|585.7
80237,293.45|567.15
80238,427.2|425.4
80239,251.2|573.85
80240,254.0|256.5
80241,586.15|573.45
80242,345.7|404.85
80243,323.55|500.3
80244,419.3|575.55
80245,417.75|565.25
80246,231.2|594.7
80247,242.9|479.05
80248,550.4|466.05
80249,540.9|574.65
80250,387.3|273.15
80251,249.4|214.35
80252,432.65|214.75
80253,484.35|486.3
80254,414.0|212.6
80255,399.75|228.65
80256,413.15|321.7
80257,420.35|309.55
80258,274.2|388.05
80259,227.4|587.2
80260,399.0|218.25
80261,475.3|455.25
80262,578.3|365.1
80263,574.05|503.35
80264,260.65|296.45
80265,394.3|517.55
80266,468.65|251.45
80267,463.55|294.15
80268,460.8|281.3
80269,481.8|351.55
80270,374.95|586.45
80271,533.65|320.0
80272,574.8|450.1
80273,231.4|413.1
80274,216.45|315.4
80275,540.1|297.8
80276,402.45|563.15
80277,205.15|456.9
80278,269.7|256.55
80279,449.4|322.65
80280,266.25|238.95
80281,373.0|268.3
80282,343.6|214.8
80283,322.5|414.8
80284,349.5|311.95
80285,285.25|425.35
80286,531.35|371.4
80287,252.2|280.85
80288,350.85|563.95
80289,471.9|304.55
80290,212.45|300.15
80291,342.2|451.8
80292,277.5|582.3
80293,266.35|552.3
80294,558.8|462.9
80295,249.4|292.85
80296,436.6|270.45
80297,294.05|483.3
80298,570.4|451.35
80299,341.35|370.45
80300,469.5|457.1
80301,403.15|338.5
80302,418.25|488.95
80303,271.7|485.0
80304,245.7|460.6
80305,271.55|412.2
80306,462.25|300.4
80307,544.05|533.4
80308,594.2|421.7
80309,453.9|569.6
80310,278.55|359.2
80311,424.2|583.2
80312,211.05|265.25
80313,495.8|230.15
80314,376.55|313.45
80315,217.05|481.0
80316,572.25|286.3
80317,560.9|410.8
80318,253.4|340.95
80319,208.6|490.2
80320,303.45|379.4
80321,440.55|399.15
80322,581.6|565.0
80323,585.0|577.8
80324,245.45|249.85
80325,257.95|368.0
80326,230.8|307.5
80327,320.6|496.9
80328,536.35|539.35
80329,581.25|475.45
80330,268.2|492.45
80331,444.8|529.2
80332,406.7|356.85
80333,409.25|388.65
80334,241.75|208.8
80335,414.3|311.2
80336,367.5|516.55
80337,456.0|358.3
80338,594.95|388.25
80339,215.7|462.0
80340,243.05|508.15
80341,579.55|264.7
80342,552.9|464.6
80343,572.95|225.2
80344,411.9|407.3
80345,263.35|302.45
80346,376.35|270.95
80347,360.45|286.55
80348,405.7|206.4
80349,463.85|275.35
80350,239.75|453.9
80351,586.65|583.65
80352,378.0|213.15
80353,475.45|507.45
80354,466.25|285.1
80355,430.3|450.8
80356,346.35|399.85
80357,582.3|366.9
80358,585.75|537.55
80359,595.45|278.8
80360,375.95|386.15
80361,244.15|309.85
80362,429.8|552.3
80363,208.35|517.55
80364,478.75|531.25
80365,219.2|467.7
80366,430.2|533.35
80367,471.9|300.35
80368,223.5|270.45
80369,260.3|267.4
80370,579.55|571.95
80371,391.2|541.0
80372,290.9|463.25
80373,228.1|525.15
80374,461.0|588.25
80375,487.8|482.65
80376,293.3|471.75
80377,566.95|214.9
80378,590.55|579.0
80379,461.8|374.3
80380,528.7|569.05
80381,434.1|527.5
80382,392.2|241.95
80383,281.45|343.0
80384,443.25|466.25
80385,533.55|544.0
80386,344.55|520.85
80387,229.2|476.8
80388,532.65|504.55
80389,283.55|569.3
80390,227.4|502.65
80391,561.45|562.6
80392,536.5|460.8
80393,415.1|464.35
80394,415.95|564.6
80395,215.1|212.85
80396,444.0|480.5
80397,432.3|558.9
80398,348.5|510.7
80399,468.55|381.4
80400,297.95|335.55
80401,453.95|474.6
80402,503.9|488.9
80403,465.75|471.85
80404,339.8|327.95
80405,572.7|584.55
80406,590.25|371.7
80407,555.75|545.15
80408,379.35|595.75
80409,205.95|538.35
80410,254.1|562.15
80411,424.65|446.2
80412,569.65|447.1
80413,220.85|309.55
80414,418.4|220.15
80415,586.6|314.1
80416,354.45|336.25
80417,362.2|316.3
80418,396.0|271.2
80419,471.9|558.0
80420,321.9|371.85
80421,440.65|455.65
80422,289.55|444.1
80423,535.55|425.35
80424,483.2|508.0
80425,548.6|525.15
80426,594.55|413.6
80427,555.4|526.8
80428,511.9|368.2
80429,402.3|269.25
80430,204.95|506.65
80431,355.35|384.05
80432,321.1|396.1
80433,238.05|548.2
80434,374.1|400.25
80435,524.3|546.15
80436,505.65|448.95
80437,538.65|545.35
80438,375.55|239.85
80439,564.5|299.1
80440,398.8|394.85
80441,511.8|229.15
80442,328.8|527.35
80443,479.15|227.05
80444,459.9|587.0
80445,406.45|357.7
80446,357.3|246.2
80447,404.7|327.1
80448,577.25|283.2
80449,321.9|401.35
80450,548.5|421.65
80451,522.65|368.4
80452,577.2|383.2
80453,348.4|328.1
80454,406.65|490.2
80455,222.85|442.2
80456,261.7|498.9
80457,344.4|346.35
80458,434.3|222.9
80459,531.05|423.3
80460,550.8|276.55
80461,220.7|484.8
80462,296.85|580.95
80463,581.65|553.7
80464,448.7|483.7
80465,342.2|252.15
80466,388.2|234.25
80467,404.5|334.5
80468,231.35|381.7
80469,265.95|223.6
80470,273.85|362.8
80471,326.4|522.85
80472,570.9|218.4
80473,372.0|239.0
80474,216.1|477.75
80475,430.35|337.0
80476,272.7|587.85
80477,382.9|354.35
80478,352.4|542.85
80479,526.7|349.8
80480,369.0|397.35
80481,413.85|505.05
80482,515.15|521.55
80483,399.55|420.4
80484,208.3|485.7
80485,242.65|224.45
80486,259.5|403.55
80487,414.9|311.75
80488,210.0|491.15
80489,584.35|475.1
80490,463.85|221.55
80491,263.55|323.1
80492,353.5|247.9
80493,559.65|565.3
80494,309.35|359.0
80495,391.4|354.55
80496,263.25|414.2
80497,517.55|452.35
80498,382.8|488.55
80499,289.85|460.35
80500,260.9|313.3
80501,279.9|550.4
80502,587.4|327.05
80503,583.4|422.35
80504,336.55|504.55
80505,576.95|376.8
80506,542.7|241.3
80507,468.4|375.15
80508,218.75|303.45
80509,259.4|548.5
80510,428.8|392.35
80511,397.85|592.4
80512,581.6|367.25
80513,276.9|583.45
80514,562.8|238.95
80515,533.25|346.6
80516,226.7|389.25
80517,575.2|255.35
80518,399.8|505.9
80519,391.45|511.75
80520,409.9|546.3
80521,477.0|330.05
80522,218.15|420.35
80523,562.3|431.45
80524,432.2|223.6
80525,574.55|304.55
80526,226.35|444.75
80527,457.45|388.4
80528,236.1|587.15
80529,445.35|387.7
80530,545.8|281.75
80531,220.75|409.7
80532,530.7|437.2
80533,402.75|391.5
80534,531.05|293.45
80535,381.75|270.0
80536,256.6|225.05
80537,291.85|358.05
80538,395.75|368.3
80539,487.65|322.85
80540,561.5|592.0
80541,460.4|456.15
80542,239.7|242.9
80543,219.8|574.3
80544,246.05|549.55
80545,203.95|514.25
80546,400.8|389.4
80547,556.55|237.65
80548,401.4|395.65
80549,383.05|488.15
80550,534.05|497.1
80551,488.2|485.0
80552,378.85|386.5
80553,483.0|517.65
80554,563.7|375.55
80555,409.85|393.35
80556,461.65|247.55
80557,453.4|437.0
80558,230.15|264.4
80559,452.55|299.1
80560,422.15|276.45
80561,469.5|260.95
80562,574.75|447.3
80563,386.4|327.05
80564,259.35|329.05
80565,444.35|397.8
80566,348.7|467.2
80567,570.25|572.15
80568,583.15|357.25
80569,383.9|412.65
80570,493.7|309.05
80571,348.3|499.2
80572,243.75|587.85
80573,544.35|542.15
80574,582.45|437.35
80575,419.5|307.8
80576,221.05|250.85
80577,558.05|323.6
80578,476.55|489.55
80579,237.05|308.4
80580,227.45|435.75
80581,569.8|302.85
80582,383.5|415.55
80583,363.7|324.2
80584,212.8|587.85
80585,328.7|323.05
80586,539.2|313.9
80587,582.3|479.0
80588,231.7|420.75
80589,437.85|355.35
80590,428.05|218.2
80591,245.15|379.4
80592,395.3|515.6
80593,448.0|518.15
80594,224.9|589.5
80595,274.8|230.0
80596,566.1|520.45
80597,464.9|328.65
80598,587.65|275.4
80599,440.8|513.75
80600,576.5|585.0
80601,235.8|554.85
80602,500.95|372.85
80603,466.3|313.2
80604,263.9|366.25
80605,443.55|576.2
80606,394.1|298.4
80607,210.85|376.65
80608,410.5|566.8
80609,571.85|314.9
80610,486.5|342.2
80611,453.75|354.85
80612,434.4|361.1
80613,462.9|364.25
80614,565.7|522.8
80615,369.3|218.8
80616,313.25|416.9
80617,264.25|272.45
80618,210.4|589.95
80619,407.0|278.2
80620,233.0|261.4
80621,457.1|567.9
80622,570.2|223.7
80623,240.2|259.35
80624,267.2|326.3
80625,373.4|393.25
80626,355.15|366.5
80627,333.0|556.45
80628,383.1|572.5
80629,453.7|589.4
80630,439.8|312.8
80631,333.75|534.3
80632,562.2|553.3
80633,574.35|593.25
80634,513.1|466.1
80635,387.75|471.45
80636,223.0|573.0
80637,558.1|244.1
80638,569.55|588.55
80639,471.2|350.9
80640,252.1|240.95
80641,349.5|545.95
80642,290.1|592.5
80643,236.45|415.9
80644,449.6|317.6
80645,395.9|568.5
80646,280.3|442.5
80647,517.25|530.4
80648,212.65|573.6
80649,332.1|352.65
80650,278.3|357.1
80651,346.0|416.1
80652,245.75|401.65
80653,389.45|501.8
80654,334.15|420.05
80655,425.9|590.3
80656,530.65|577.15
80657,532.6|428.05
80658,469.3|295.0
80659,263.25|592.45
80660,370.1|449.7
80661,358.5|440.4
80662,243.7|354.65
80663,431.9|467.4
80664,407.85|379.55
80665,572.9|565.7
80666,496.2|361.75
80667,435.7|337.2
80668,252.5|224.1
80669,224.05|241.85
80670,411.8|539.35
80671,351.4|320.75
80672,261.9|383.7
80673,558.1|590.25
80674,526.75|490.85
80675,358.9|337.15
80676,432.0|454.15
80677,235.2|543.75
80678,488.6|459.25
80679,227.0|563.9
80680,429.55|379.05
80681,346.3|295.95
80682,257.1|338.55
80683,240.6|304.25
80684,349.05|339.15
80685,292.7|320.95
80686,324.6|524.6
80687,579.05|508.3
80688,356.95|340.1
80689,239.8|398.45
80690,538.75|545.05
80691,463.35|369.3
80692,579.8|542.45
80693,295.3|325.05
80694,590.8|366.8
80695,206.1|464.1
80696,445.15|530.0
80697,576.25|568.0
80698,427.3|589.3
80699,474.7|232.45
80700,588.55|224.65
80701,465.4|371.55
80702,581.5|518.7
80703,213.4|214.9
80704,350.55|313.7
80705,298.6|536.9
80706,213.55|233.9
80707,426.5|489.4
80708,427.65|374.4
80709,586.0|270.1
80710,386.25|461.6
80711,446.7|592.15
80712,273.8|444.15
80713,260.85|339.45
80714,527.85|425.2
80715,350.7|295.8
80716,213.75|456.05
80717,583.2|277.6
80718,208.45|584.7
80719,582.7|508.6
80720,208.15|482.15
80721,495.1|449.95
80722,379.75|275.8
80723,434.05|307.3
80724,215.2|392.15
80725,260.45|264.85
80726,245.95|220.9
80727,370.5|368.85
80728,395.0|356.6
80729,354.9|561.15
80730,581.85|474.3
80731,360.4|217.05
80732,556.35|533.65
80733,434.0|542.2
80734,223.05|414.65
80735,441.9|548.9
80736,506.0|229.55
80737,438.15|400.0
80738,398.6|359.0
80739,571.75|461.35
80740,377.45|350.5
80741,409.25|504.2
80742,392.95|284.35
80743,516.95|275.0
80744,575.95|468.7
80745,345.4|260.35
80746,388.8|365.3
80747,344.2|537.15
80748,209.0|583.85
80749,407.45|393.2
80750,225.1|328.75
80751,431.5|392.9
80752,290.35|546.2
80753,316.2|400.7
80754,418.8|423.55
80755,226.6|379.5
80756,269.9|360.95
80757,493.25|487.1
80758,386.75|507.7
80759,456.75|426.75
80760,407.3|212.9
80761,367.3|345.6
80762,486.65|221.65
80763,224.15|484.45
80764,257.4|281.55
80765,274.75|409.75
80766,433.3|230.0
80767,245.85|517.8
80768,233.7|471.75
80769,221.85|246.9
80770,272.9|365.35
80771,345.05|327.65
80772,592.2|505.9
80773,285.85|458.7
80774,279.5|570.2
80775,208.7|591.05
80776,263.55|381.95
80777,578.85|485.35
80778,517.35|539.2
80779,377.7|550.7
80780,251.9|421.6
80781,529.7|344.85
80782,585.2|532.7
80783,436.5|482.2
80784,225.45|412.4
80785,381.4|557.15
80786,385.75|356.1
80787,537.7|278.2
80788,255.55|564.2
80789,543.8|440.2
80790,428.55|592.15
80791,231.1|459.45
80792,263.0|501.05
80793,419.45|212.55
80794,276.85|368.85
80795,369.25|245.65
80796,258.55|214.75
80797,262.9|588.5
80798,258.8|410.8
80799,252.35|554.55
80800,355.6|486.45
80801,525.9|510.65
80802,240.45|377.6
80803,235.85|391.7
80804,502.0|319.75
80805,522.2|424.4
80806,278.1|256.2
80807,541.2|320.65
80808,366.8|482.6
80809,297.8|364.3
80810,290.5|453.15
80811,578.0|307.75
80812,489.85|470.2
80813,442.05|576.0
80814,446.0|449.5
80815,346.3|553.25
80816,218.0|481.05
80817,437.25|488.5
80818,397.65|571.3
80819,564.85|242.1
80820,231.25|214.35
80821,242.7|381.6
80822,268.7|285.5
80823,231.05|316.65
80824,584.5|233.5
80825,278.25|397.2
80826,531.1|334.55
80827,480.55|470.2
80828,530.55|439.25
80829,284.1|534.4
80830,255.5|383.75
80831,403.85|229.5
80832,427.15|560.55
80833,593.65|481.25
80834,577.7|239.1
80835,263.85|420.45
80836,530.15|582.95
80837,585.85|515.4
80838,364.65|529.7
80839,435.1|564.05
80840,393.1|340.1
80841,288.75|347.05
80842,342.45|426.9
80843,582.15|208.1
80844,336.95|316.0
80845,582.6|515.6
80846,376.45|269.7
80847,480.1|332.35
80848,536.8|491.75
80849,586.3|312.95
80850,574.35|307.9
80851,564.95|578.5
80852,580.0|569.3
80853,408.75|275.65
80854,324.85|521.75
80855,264.2|262.0
80856,265.95|398.2
80857,561.75|565.1
80858,468.4|427.65
80859,553.8|523.1
80860,549.6|582.45
80861,333.7|302.9
80862,452.4|236.1
80863,479.15|342.35
80864,380.05|270.75
80865,300.9|375.85
80866,401.2|465.3
80867,441.8|366.65
80868,576.65|232.55
80869,458.45|385.15
80870,234.8|489.8
80871,428.3|314.35
80872,424.5|580.55
80873,442.4|225.0
80874,289.65|471.35
80875,539.45|502.55
80876,423.3|369.35
80877,477.75|364.5
80878,365.15|341.1
80879,286.75|300.05
80880,559.5|222.55
80881,590.9|416.4
80882,237.45|380.3
80883,459.55|278.7
80884,272.65|564.05
80885,350.3|494.25
80886,414.7|522.2
80887,263.4|397.8
80888,318.25|544.2
80889,241.8|320.3
80890,452.25|233.65
80891,367.95|587.55
80892,488.15|412.35
80893,445.8|480.7
80894,594.6|532.25
80895,424.05|585.5
80896,530.3|331.85
80897,567.75|396.95
80898,217.0|265.4
80899,239.4|440.1
80900,405.65|308.55
80901,224.7|373.65
80902,254.55|494.1
80903,417.45|233.8
80904,568.15|231.85
80905,224.0|532.45
80906,532.2|436.8
80907,568.05|305.85
80908,348.55|339.8
80909,352.4|546.0
80910,265.2|575.55
80911,347.45|315.75
80912,560.35|391.2
80913,257.35|273.7
80914,453.9|221.8
80915,262.35|445.4
80916,222.15|403.9
80917,278.4|483.95
80918,449.3|449.2
80919,575.15|338.15
80920,306.4|412.5
80921,488.05|521.5
80922,398.9|375.2
80923,578.95|437.7
80924,383.2|504.05
80925,319.05|306.15
80926,272.5|230.0
80927,475.95|534.65
80928,422.45|502.75
80929,424.1|477.25
80930,422.8|412.85
80931,576.65|277.3
80932,460.05|383.5
80933,558.15|526.95
80934,462.45|548.95
80935,267.05|446.35
80936,421.55|361.0
80937,390.6|577.6
80938,222.1|511.5
80939,454.45|556.75
80940,287.2|365.85
80941,254.95|439.5
80942,418.8|543.25
80943,569.65|220.95
80944,232.5|596.95
80945,350.15|214.15
80946,590.2|508.4
80947,222.6|297.75
80948,323.5|434.9
80949,550.0|292.3
80950,226.3|253.3
80951,277.3|249.45
80952,341.85|342.1
80953,426.6|548.8
80954,561.1|463.6
80955,219.9|504.05
80956,255.0|409.1
80957,477.35|503.95
80958,363.25|267.65
80959,231.75|459.0
80960,459.8|256.0
80961,564.35|325.65
80962,514.5|507.9
80963,334.95|496.4
80964,379.75|580.7
80965,416.25|466.5
80966,421.3|483.55
80967,577.75|508.2
80968,419.45|334.8
80969,463.75|235.45
80970,487.6|467.55
80971,500.75|450.35
80972,248.4|507.15
80973,293.6|342.65
80974,411.85|334.15
80975,211.45|443.5
80976,566.8|485.3
80977,420.35|447.15
80978,228.15|210.35
80979,551.6|229.9
80980,233.2|260.25
80981,523.95|548.65
80982,556.4|530.8
80983,585.35|575.8
80984,385.4|393.15
80985,417.8|378.0
80986,459.25|455.0
80987,221.15|387.0
80988,542.15|466.7
80989,495.25|233.15
80990,262.75|401.65
80991,273.1|411.6
80992,412.75|338.85
80993,233.05|216.15
80994,361.9|592.35
80995,361.55|259.05
80996,262.6|533.2
80997,241.7|408.75
80998,284.95|380.3
80999,274.2|390.0
81000,278.25|447.6
81001,581.55|409.7
81002,207.05|525.75
81003,549.55|473.5
81004,371.45|590.45
81005,277.15|473.75
81006,226.9|569.9
81007,316.8|399.35
81008,401.35|328.85
81009,208.0|245.65
81010,523.7|513.4
81011,232.9|467.5
81012,208.5|511.05
81013,372.5|375.35
81014,344.75|533.15
81015,350.65|454.45
81016,308.85|450.85
81017,406.8|495.9
81018,441.1|250.05
81019,356.9|581.3
81020,330.4|573.95
81021,487.25|339.25
81022,545.95|548.0
81023,272.65|592.3
81024,413.45|328.5
81025,218.0|555.05
81026,291.55|438.95
81027,577.95|220.9
81028,466.4|294.6
81029,449.1|442.2
81030,265.3|415.7
81031,419.45|527.9
81032,324.6|324.15
81033,368.7|334.2
81034,366.75|527.4
81035,293.8|337.05
81036,251.55|419.8
81037,577.6|553.5
81038,373.15|459.35
81039,565.8|280.0
81040,550.7|227.7
81041,335.85|369.95
81042,444.6|378.55
81043,590.95|349.8
81044,342.75|242.75
81045,272.1|554.55
81046,233.4|498.0
81047,312.4|382.75
81048,411.2|282.15
81049,510.15|310.65
81050,558.95|231.1
81051,256.4|228.4
81052,259.85|546.25
81053,468.4|297.7
81054,361.6|337.8
81055,292.2|343.0
81056,300.35|390.8
81057,226.1|269.35
81058,363.45|247.6
81059,472.3|275.2
81060,588.75|466.4
81061,355.2|521.4
81062,579.65|444.1
81063,416.65|418.1
81064,285.9|210.15
81065,415.5|478.95
81066,415.15|285.3
81067,577.5|327.8
81068,301.95|428.35
81069,490.35|279.65
81070,262.75|576.45
81071,375.85|362.3
81072,534.0|420.95
81073,271.7|231.2
81074,428.15|389.45
81075,340.0|587.45
81076,214.7|502.3
81077,373.75|214.75
81078,536.8|330.0
81079,416.7|315.8
81080,485.5|481.25
81081,566.55|514.5
81082,393.4|217.7
81083,360.9|447.5
81084,420.35|593.2
81085,279.25|494.4
81086,577.5|385.5
81087,213.6|573.9
81088,586.9|480.7
81089,552.5|587.65
81090,546.05|454.65
81091,212.75|244.35
81092,238.05|352.4
81093,416.45|451.3
81094,339.5|229.6
81095,207.9|577.25
81096,508.2|425.95
81097,362.4|356.95
81098,413.85|270.7
81099,449.3|401.4
81100,440.55|560.0
81101,447.3|235.6
81102,509.15|518.1
81103,346.15|236.45
81104,283.8|216.05
81105,421.45|581.4
81106,570.4|443.45
81107,294.8|314.05
81108,421.65|458.7
81109,228.55|560.75
81110,384.85|509.1
81111,532.85|417.1
81112,286.55|422.75
81113,458.7|258.2
81114,570.35|425.75
81115,278.8|432.9
81116,532.35|337.0
81117,279.75|300.6
81118,445.25|436.95
81119,412.55|489.6
81120,227.85|463.75
81121,292.9|440.2
81122,345.8|306.65
81123,296.95|224.15
81124,214.15|449.3
81125,221.15|398.95
81126,260.7|573.0
81127,242.3|375.05
81128,546.2|521.7
81129,290.7|337.65
81130,230.05|403.75
81131,389.65|559.4
81132,442.6|502.65
81133,579.1|569.25
81134,474.25|350.95
81135,405.35|230.7
81136,298.55|417.2
81137,351.55|553.75
81138,359.3|450.0
81139,472.8|319.5
81140,421.85|566.1
81141,330.3|332.55
81142,429.0|469.45
81143,405.6|592.3
81144,393.2|400.95
81145,240.8|463.2
81146,403.5|567.25
81147,588.5|583.95
81148,340.2|318.4
81149,336.85|508.25
81150,267.25|564.55
81151,528.5|568.8
81152,388.5|277.05
81153,295.95|343.1
81154,251.4|550.05
81155,240.75|362.2
81156,476.9|274.85
81157,350.1|544.35
81158,542.2|484.9
81159,430.3|432.85
81160,236.55|214.45
81161,233.4|591.55
81162,349.0|431.7
81163,353.7|382.85
81164,439.4|330.15
81165,337.4|212.35
81166,542.7|537.3
81167,348.5|218.25
81168,570.9|506.95
81169,445.75|567.9
81170,560.0|517.5
81171,341.5|574.0
81172,524.2|462.3
81173,267.45|244.4
81174,357.95|425.7
81175,380.75|389.25
81176,521.7|446.9
81177,531.55|336.35
81178,407.65|343.65
81179,425.75|537.2
81180,209.9|470.75
81181,400.1|207.3
81182,532.75|445.15
81183,580.85|216.6
81184,436.75|461.35
81185,584.15|329.4
81186,518.7|443.05
81187,288.1|526.25
81188,546.2|256.55
81189,243.0|466.7
81190,402.35|587.9
81191,340.3|403.95
81192,397.5|232.95
81193,303.4|345.7
81194,594.15|390.3
81195,307.85|387.1
81196,268.75|426.0
81197,275.45|338.8
81198,409.95|387.2
81199,241.6|491.5
81200,517.95|464.05
81201,415.55|591.55
81202,222.95|562.8
81203,416.85|216.35
81204,261.2|391.45
81205,569.1|239.2
81206,573.45|273.75
81207,249.05|486.55
81208,447.25|460.0
81209,461.3|389.5
81210,478.7|470.35
81211,492.35|330.3
81212,354.95|304.0
81213,436.0|498.2
81214,539.5|306.7
81215,483.9|223.65
81216,352.1|437.05
81217,510.35|491.05
81218,238.35|323.2
81219,556.4|578.95
81220,243.4|422.2
81221,441.45|321.55
81222,514.3|409.0
81223,277.15|576.15
81224,223.75|254.95
81225,393.4|374.3
81226,456.25|252.95
81227,469.35|341.9
81228,493.3|444.7
81229,207.65|321.15
81230,470.65|481.35
81231,352.55|289.9
81232,372.3|211.3
81233,210.95|520.25
81234,463.3|468.85
81235,375.05|344.7
81236,494.1|465.65
81237,575.3|596.25
81238,379.35|473.5
81239,424.3|414.6
81240,442.85|239.1
81241,590.5|378.35
81242,365.4|521.95
81243,544.4|311.95
81244,219.2|579.85
81245,269.45|589.65
81246,281.55|425.85
81247,487.45|290.8
81248,330.6|406.5
81249,273.1|438.3
81250,410.6|590.75
81251,552.8|588.85
81252,521.8|504.15
81253,453.65|532.25
81254,398.75|492.9
81255,367.65|225.65
81256,425.75|557.45
81257,425.4|329.6
81258,581.6|593.85
81259,586.95|494.95
81260,500.4|455.7
81261,302.7|378.75
81262,241.85|368.4
81263,209.45|238.5
81264,330.2|586.65
81265,219.3|532.85
81266,377.55|501.35
81267,343.75|269.3
81268,569.3|521.25
81269,450.05|588.2
81270,224.6|263.1
81271,549.7|242.9
81272,387.95|343.4
81273,576.65|438.2
81274,527.1|429.9
81275,469.0|468.25
81276,470.85|568.7
81277,407.9|463.05
81278,524.4|559.35
81279,348.9|323.75
81280,430.3|340.4
81281,477.15|347.3
81282,471.15|468.3
81283,399.8|526.3
81284,575.15|287.5
81285,358.9|596.1
81286,280.05|460.9
81287,373.4|249.6
81288,448.45|433.3
81289,581.1|552.35
81290,208.3|464.9
81291,260.3|301.55
81292,532.7|344.25
81293,576.7|400.85
81294,416.55|272.75
81295,569.75|323.2
81296,268.05|243.25
81297,347.4|560.15
81298,406.65|258.65
81299,407.85|575.8
81300,355.55|342.05
81301,353.05|496.25
81302,276.05|547.65
81303,485.95|352.85
81304,419.7|281.35
81305,463.5|473.85
81306,212.05|499.9
81307,463.15|404.95
81308,363.25|282.9
81309,582.75|263.65
81310,498.2|336.25
81311,592.65|567.1
81312,423.5|319.35
81313,426.7|356.6
81314,445.8|235.55
81315,595.9|381.3
81316,277.65|291.85
81317,460.7|583.15
81318,258.8|320.0
81319,451.65|275.05
81320,238.85|442.35
81321,543.0|454.95
81322,291.45|323.1
81323,593.35|356.0
81324,409.1|382.75
81325,223.45|365.75
81326,442.8|213.55
81327,358.7|528.9
81328,387.2|369.05
81329,234.7|275.9
81330,387.45|371.6
81331,240.0|221.35
81332,366.45|229.45
81333,522.7|244.0
81334,228.2|556.45
81335,299.15|385.5
81336,588.9|514.05
81337,405.4|499.55
81338,354.05|284.35
81339,526.8|424.75
81340,246.65|366.2
81341,462.7|494.3
81342,207.65|379.5
81343,491.95|484.3
81344,547.65|590.2
81345,460.05|417.9
81346,409.35|279.5
81347,353.95|418.6
81348,386.6|506.7
81349,592.0|361.7
81350,470.25|493.55
81351,280.55|459.7
81352,264.8|257.75
81353,464.95|331.8
81354,391.1|388.05
81355,282.8|307.75
81356,494.2|496.75
81357,361.15|338.15
81358,526.3|490.05
81359,219.95|310.45
81360,289.15|499.55
81361,353.55|452.5
81362,585.85|208.85
81363,340.25|536.05
81364,459.8|293.5
81365,222.15|435.85
81366,548.75|455.45
81367,347.35|352.0
81368,401.75|492.6
81369,289.3|515.75
81370,570.95|343.1
81371,371.1|502.35
81372,233.85|456.3
81373,408.95|439.7
81374,396.65|591.15
81375,441.4|402.15
81376,589.55|267.3
81377,449.3|449.15
81378,527.3|438.35
81379,263.5|284.2
81380,471.85|220.0
81381,246.15|444.1
81382,444.2|223.6
81383,539.9|575.15
81384,232.95|521.6
81385,448.65|484.1
81386,267.3|288.9
81387,377.2|390.2
81388,288.0|339.0
81389,584.6|344.95
81390,586.55|576.3
81391,369.9|548.4
81392,538.25|235.3
81393,449.5|566.6
81394,590.4|572.0
81395,587.4|386.3
81396,408.45|278.35
81397,257.15|329.95
81398,333.0|537.35
81399,551.45|313.2
81400,288.15|425.45
81401,366.4|225.65
81402,575.7|211.25
81403,298.5|413.35
81404,433.05|330.05
81405,229.8|313.4
81406,460.85|549.15
81407,523.75|457.7
81408,408.75|481.6
81409,226.6|510.45
81410,246.15|389.0
81411,475.4|346.95
81412,429.8|313.1
81413,417.1|413.75
81414,593.4|414.25
81415,250.85|222.15
81416,554.1|488.6
81417,364.15|588.85
81418,322.4|347.9
81419,227.75|456.9
81420,449.4|542.95
81421,322.25|523.65
81422,560.85|492.8
81423,469.05|406.6
81424,358.8|211.45
81425,220.8|470.35
81426,441.85|412.8
81427,339.75|344.45
81428,216.45|373.6
81429,569.05|221.15
81430,414.0|405.6
81431,407.8|504.4
81432,366.2|372.75
81433,369.95|516.2
81434,288.25|339.5
81435,304.05|228.4
81436,578.25|500.45
81437,261.6|480.9
81438,592.65|570.9
81439,402.85|289.2
81440,559.7|585.9
81441,579.05|522.4
81442,217.65|406.7
81443,453.55|254.1
81444,588.0|574.3
81445,342.3|327.2
81446,474.35|279.15
81447,406.25|340.05
81448,273.4|370.35
81449,561.95|238.75
81450,362.15|214.95
81451,361.35|521.45
81452,257.15|414.25
81453,384.8|325.15
81454,576.55|293.2
81455,442.3|435.55
81456,449.55|457.2
81457,564.55|583.65
81458,290.85|341.3
81459,454.65|574.3
81460,575.75|447.35
81461,263.0|371.4
81462,532.4|277.25
81463,352.25|407.7
81464,380.65|482.7
81465,264.7|434.4
81466,236.05|590.0
81467,467.7|441.6
81468,223.05|560.95
81469,572.15|437.15
81470,522.65|230.9
81471,359.0|408.4
81472,434.6|306.3
81473,431.1|491.15
81474,251.95|359.3
81475,343.6|220.8
81476,425.05|498.3
81477,470.8|468.1
81478,432.15|561.45
81479,255.25|556.25
81480,422.35|270.4
81481,209.25|587.0
81482,281.05|323.75
81483,568.55|513.65
81484,386.25|309.85
81485,479.45|538.75
81486,398.1|320.5
81487,548.6|528.75
81488,211.35|476.7
81489,579.25|586.75
81490,414.75|561.35
81491,476.05|557.3
81492,257.8|304.15
81493,216.55|415.8
81494,437.6|303.6
81495,237.2|266.1
81496,582.65|353.6
81497,579.85|356.1
81498,249.9|528.1
81499,247.6|477.9
81500,269.35|262.5
81501,383.05|368.4
81502,218.75|235.8
81503,244.85|223.55
81504,384.15|296.75
81505,578.9|580.05
81506,304.2|462.45
81507,350.35|331.0
81508,496.15|352.75
81509,559.0|279.2
81510,256.4|220.1
81511,230.3|478.15
81512,556.25|589.0
81513,231.9|445.65
81514,374.9|497.75
81515,430.1|584.25
81516,417.65|367.7
81517,588.5|403.5
81518,220.5|587.3
81519,412.35|223.85
81520,362.45|443.95
81521,471.5|385.8
81522,446.7|512.8
81523,563.0|225.35
81524,375.9|217.4
81525,413.35|536.5
81526,411.9|406.2
81527,399.2|317.75
81528,300.7|343.35
81529,478.3|490.9
81530,580.55|209.5
81531,582.1|219.65
81532,565.15|270.5
81533,545.35|528.8
81534,553.95|364.35
81535,270.8|395.75
81536,531.3|465.85
81537,261.35|337.65
81538,408.95|383.65
81539,458.55|245.6
81540,526.2|459.0
81541,543.7|466.7
81542,273.25|245.0
81543,562.45|265.3
81544,458.5|412.4
81545,552.2|539.6
81546,208.9|590.25
81547,553.5|580.55
81548,221.65|461.6
81549,413.75|499.9
81550,269.05|472.7
81551,388.9|594.65
81552,319.95|348.5
81553,280.0|561.15
81554,296.2|308.65
81555,402.75|329.15
81556,412.15|479.45
81557,437.1|318.3
81558,409.6|572.9
81559,578.45|390.55
81560,206.65|573.7
81561,417.95|593.15
81562,457.75|450.8
81563,512.1|499.1
81564,423.7|318.85
81565,264.1|313.6
81566,445.9|224.45
81567,223.05|487.65
81568,531.45|506.7
81569,394.1|353.95
81570,262.7|582.4
81571,386.3|594.05
81572,553.8|231.7
81573,392.65|581.65
81574,218.4|406.3
81575,492.25|490.8
81576,209.9|506.5
81577,481.75|501.5
81578,223.9|360.8
81579,317.55|384.2
81580,544.45|525.1
81581,229.4|465.75
81582,386.85|425.15
81583,404.4|355.45
81584,557.4|566.0
81585,237.85|431.05
81586,210.55|353.15
81587,245.2|554.55
81588,519.35|416.0
81589,281.3|506.85
81590,255.3|379.15
81591,488.7|357.3
81592,360.95|458.05
81593,435.85|355.5
81594,565.35|564.45
81595,567.35|464.45
81596,448.95|486.0
81597,526.6|430.6
81598,339.15|323.35
81599,463.85|329.8
81600,570.05|211.2
81601,561.8|421.7
81602,573.35|343.0
81603,378.8|348.5
81604,249.6|314.75
81605,243.7|363.8
81606,399.45|361.75
81607,456.25|468.35
81608,555.55|536.5
81609,265.15|431.95
81610,362.95|448.6
81611,241.45|329.6
81612,459.8|562.95
81613,457.85|566.9
81614,583.55|401.8
81615,337.1|349.65
81616,269.95|449.8
81617,238.75|234.95
81618,572.05|241.75
81619,533.25|572.75
81620,401.1|212.8
81621,582.05|232.1
81622,375.65|324.25
81623,319.75|362.95
81624,436.05|583.5
81625,243.7|435.55
81626,304.4|500.45
81627,279.85|533.4
81628,531.05|433.05
81629,323.55|391.25
81630,218.0|285.5
81631,270.15|381.3
81632,223.2|314.15
81633,413.75|446.55
81634,555.8|304.6
81635,260.85|553.2
81636,214.65|252.9
81637,210.85|587.8
81638,405.25|507.25
81639,545.6|282.6
81640,273.75|253.35
81641,246.55|214.75
81642,369.0|373.4
81643,252.45|228.35
81644,394.65|578.1
81645,420.65|248.95
81646,466.15|232.4
81647,312.8|419.1
81648,362.05|329.15
81649,585.45|486.9
81650,281.1|421.15
81651,267.15|220.95
81652,264.6|431.65
81653,463.35|502.0
81654,521.35|567.85
81655,259.1|376.5
81656,455.25|441.45
81657,274.05|577.25
81658,276.35|369.8
81659,228.95|568.9
81660,526.8|451.25
81661,527.7|577.4
81662,377.45|249.25
81663,209.95|452.7
81664,233.45|536.35
81665,430.95|258.8
81666,572.4|222.45
81667,446.85|478.55
81668,511.1|536.95
81669,271.0|585.25
81670,553.9|435.6
81671,430.15|445.25
81672,446.85|502.35
81673,459.85|296.65
81674,386.85|272.15
81675,430.15|211.4
81676,515.85|457.25
81677,594.65|573.35
81678,573.7|261.95
81679,413.65|563.45
81680,367.25|286.3
81681,440.5|458.2
81682,272.3|440.45
81683,247.4|480.0
81684,263.15|210.95
81685,476.4|467.4
81686,249.65|397.25
81687,548.3|284.4
81688,436.75|235.9
81689,567.7|333.75
81690,486.6|487.6
81691,428.4|208.1
81692,548.9|297.75
81693,339.0|551.45
81694,404.95|570.5
81695,471.0|503.95
81696,227.1|476.3
81697,471.9|480.15
81698,439.5|570.5
81699,393.3|352.4
81700,226.5|571.8
81701,365.6|382.85
81702,468.9|358.8
81703,295.5|573.4
81704,336.8|552.1
81705,590.65|221.85
81706,409.4|564.0
81707,342.0|501.75
81708,361.3|581.6
81709,568.4|464.25
81710,220.1|273.55
81711,570.45|514.6
81712,249.35|270.25
81713,208.8|387.65
81714,457.55|431.45
81715,264.2|589.5
81716,255.1|368.25
81717,266.6|549.3
81718,462.05|517.2
81719,407.3|217.8
81720,298.1|565.6
81721,229.6|227.1
81722,548.2|329.2
81723,386.7|276.55
81724,579.2|252.95
81725,441.1|564.65
81726,355.85|543.8
81727,526.45|537.8
81728,286.4|338.55
81729,594.8|489.5
81730,348.55|222.5
81731,402.65|255.8
81732,392.3|532.1
81733,493.95|417.1
81734,220.05|588.9
81735,457.1|223.4
81736,263.1|267.5
81737,268.65|409.55
81738,463.85|485.8
81739,228.5|408.85
81740,410.55|571.75
81741,215.1|404.6
81742,331.45|391.65
81743,578.4|432.05
81744,402.35|486.9
81745,216.85|499.45
81746,459.55|421.2
81747,587.85|551.75
81748,360.75|284.6
81749,336.2|246.75
81750,264.5|489.45
81751,347.3|427.95
81752,432.95|367.85
81753,445.7|341.95
81754,238.4|482.55
81755,583.65|494.5
81756,437.45|581.9
81757,475.25|526.6
81758,354.15|426.35
81759,315.95|313.75
81760,400.85|216.75
81761,354.7|343.35
81762,496.25|269.65
81763,463.85|460.55
81764,544.45|454.1
81765,276.75|273.95
81766,571.55|471.45
81767,316.95|366.05
81768,275.4|245.4
81769,226.3|255.35
81770,406.5|454.45
81771,241.55|594.1
81772,417.95|520.3
81773,426.7|414.75
81774,357.95|327.65
81775,250.35|557.95
81776,370.5|571.75
81777,208.55|585.9
81778,553.6|291.3
81779,384.0|279.35
81780,410.2|557.85
81781,226.05|536.95
81782,278.15|455.3
81783,408.15|452.45
81784,238.9|575.45
81785,428.0|252.35
81786,245.0|360.9
81787,570.0|286.5
81788,407.5|528.95
81789,348.95|535.45
81790,562.5|220.85
81791,233.9|569.9
81792,256.55|363.05
81793,350.65|380.6
81794,318.6|377.25
81795,572.5|506.35
81796,484.3|436.75
81797,286.0|320.15
81798,235.7|352.4
81799,336.2|562.15
81800,449.35|265.35
81801,481.7|306.5
81802,306.7|380.3
81803,441.0|233.6
81804,480.75|439.35
81805,256.95|566.0
81806,301.0|305.95
81807,549.45|433.65
81808,358.3|381.25
81809,278.25|411.8
81810,309.0|300.35
81811,582.6|438.75
81812,525.75|298.15
81813,373.95|357.2
81814,290.2|371.3
81815,360.5|282.6
81816,285.65|496.1
81817,465.95|567.5
81818,471.4|465.6
81819,387.9|252.5
81820,377.1|493.95
81821,571.05|475.5
81822,418.15|484.4
81823,350.95|277.25
81824,425.7|293.45
81825,402.95|567.75
81826,549.6|225.45
81827,350.4|499.0
81828,412.2|475.05
81829,348.05|292.5
81830,349.95|229.15
81831,586.6|559.6
81832,369.85|248.05
81833,243.85|552.8
81834,221.35|309.6
81835,584.6|496.05
81836,282.5|569.8
81837,250.35|214.8
81838,439.3|384.35
81839,543.4|547.95
81840,556.25|297.2
81841,213.1|243.9
81842,312.1|426.35
81843,588.8|574.8
81844,342.3|563.2
81845,416.75|292.75
81846,568.7|312.45
81847,208.1|318.25
81848,472.1|408.4
81849,321.8|326.6
81850,399.25|334.6
81851,403.65|424.05
81852,385.4|488.8
81853,470.75|454.9
81854,374.25|491.4
81855,550.1|273.7
81856,238.8|565.3
81857,282.95|503.3
81858,411.15|484.1
81859,216.25|325.1
81860,216.2|407.3
81861,378.6|585.6
81862,258.85|448.55
81863,371.65|355.4
81864,370.0|587.25
81865,570.1|353.5
81866,482.65|290.65
81867,443.35|400.05
81868,391.7|582.35
81869,572.0|326.6
81870,285.6|429.35
81871,520.0|529.05
81872,243.7|240.9
81873,345.9|331.45
81874,391.0|407.7
81875,586.3|494.8
81876,242.7|586.7
81877,511.85|340.2
81878,455.15|313.15
81879,440.05|266.95
81880,585.85|339.3
81881,376.4|455.5
81882,435.75|464.7
81883,229.3|457.7
81884,220.2|476.75
81885,385.55|212.75
81886,251.7|225.15
81887,575.45|291.7
81888,456.7|356.45
81889,407.9|322.15
81890,580.85|323.5
81891,273.3|441.95
81892,465.35|321.2
81893,448.3|517.0
81894,511.5|459.3
81895,280.0|584.05
81896,458.05|408.3
81897,470.9|509.65
81898,406.75|573.95
81899,359.95|229.05
81900,587.2|297.95
81901,578.65|587.5
81902,468.0|236.65
81903,357.2|242.8
81904,445.9|517.25
81905,413.2|240.3
81906,384.45|324.25
81907,440.7|378.65
81908,397.35|492.0
81909,250.6|562.65
81910,348.0|258.95
81911,521.75|573.05
81912,445.1|428.85
81913,296.75|407.2
81914,481.75|345.35
81915,446.3|240.0
81916,343.2|211.15
81917,344.55|584.2
81918,278.9|541.1
81919,469.6|519.55
81920,544.15|301.65
81921,418.3|454.05
81922,463.1|467.45
81923,240.7|570.55
81924,572.85|492.0
81925,213.0|578.95
81926,456.7|448.1
81927,426.75|497.65
81928,382.95|580.65
81929,368.15|363.3
81930,350.1|569.0
81931,284.85|439.7
81932,335.9|336.55
81933,402.75|554.5
81934,463.4|443.3
81935,218.35|286.8
81936,455.05|521.6
81937,233.9|587.05
81938,284.1|401.85
81939,366.2|442.0
81940,335.6|363.35
81941,230.6|230.6
81942,521.9|514.95
81943,577.0|305.1
81944,281.45|358.1
81945,335.2|489.5
81946,465.25|347.15
81947,225.9|292.8
81948,583.4|321.35
81949,589.95|228.4
81950,384.85|296.0
81951,220.6|410.05
81952,374.85|343.8
81953,573.65|505.35
81954,446.05|558.6
81955,342.95|567.75
81956,357.55|350.5
81957,357.05|525.25
81958,446.45|425.3
81959,545.2|540.55
81960,473.0|414.15
81961,416.4|588.65
81962,453.7|383.95
81963,360.45|454.05
81964,289.75|369.3
81965,423.55|296.9
81966,218.8|583.65
81967,282.15|477.1
81968,588.75|577.05
81969,572.05|520.15
81970,231.0|555.85
81971,237.95|593.65
81972,459.45|361.25
81973,219.25|229.4
81974,465.4|440.0
81975,562.8|239.15
81976,462.95|211.35
81977,441.0|580.45
81978,223.9|380.5
81979,555.7|255.4
81980,538.0|293.95
81981,494.5|474.15
81982,556.45|585.4
81983,362.95|288.8
81984,243.95|509.65
81985,368.1|491.75
81986,460.55|468.5
81987,387.7|409.75
81988,384.35|525.05
81989,589.5|357.5
81990,245.75|426.1
81991,388.6|288.65
81992,409.7|542.2
81993,404.7|498.8
81994,405.55|541.05
81995,235.35|485.2
81996,579.15|207.25
81997,278.15|235.05
81998,412.4|329.95
81999,557.45|564.85
82000,381.85|485.1
82001,374.9|315.45
82002,350.5|450.35
82003,520.75|520.7
82004,231.45|232.3
82005,251.35|351.1
82006,402.25|288.6
82007,428.3|369.8
82008,289.25|580.1
82009,590.85|266.65
82010,578.55|495.75
82011,506.0|462.15
82012,544.3|509.9
82013,374.35|225.4
82014,475.9|355.95
82015,457.45|341.85
82016,390.8|366.15
82017,256.0|213.1
82018,300.45|322.0
82019,526.1|472.25
82020,240.55|252.9
82021,277.9|447.7
82022,587.1|228.2
82023,579.35|280.55
82024,587.1|549.4
82025,593.75|211.2
82026,282.95|415.05
82027,539.75|267.1
82028,366.95|347.4
82029,318.85|339.55
82030,560.25|583.3
82031,442.75|585.1
82032,261.65|247.55
82033,499.05|457.35
82034,592.2|350.95
82035,364.6|341.9
82036,495.9|216.6
82037,262.45|559.65
82038,269.35|412.3
82039,314.65|327.2
82040,356.05|292.05
82041,230.05|587.45
82042,572.75|365.6
82043,540.9|334.75
82044,286.1|587.8
82045,421.05|489.45
82046,232.6|538.8
82047,299.6|499.9
82048,205.3|490.1
82049,221.1|222.45
82050,446.25|535.75
82051,288.45|349.1
82052,465.7|308.7
82053,223.4|383.75
82054,552.35|441.1
82055,374.95|266.4
82056,278.85|456.35
82057,286.25|534.55
82058,223.3|285.85
82059,430.35|244.7
82060,259.65|355.1
82061,557.65|585.3
82062,498.4|503.5
82063,423.95|367.1
82064,466.15|475.95
82065,433.85|467.8
82066,205.7|522.1
82067,266.95|558.45
82068,281.1|318.35
82069,584.1|581.15
82070,402.55|214.5
82071,354.0|450.15
82072,469.3|304.8
82073,381.1|591.7
82074,450.6|376.7
82075,428.85|481.0
82076,481.2|445.55
82077,568.75|408.2
82078,570.3|234.0
82079,260.55|391.95
82080,561.65|510.85
82081,468.65|579.45
82082,321.5|241.6
82083,561.8|584.7
82084,532.7|440.85
82085,434.35|585.2
82086,552.8|308.0
82087,450.0|400.95
82088,475.6|238.75
82089,361.75|334.25
82090,543.3|585.75
82091,422.35|286.7
82092,573.3|584.85
82093,425.8|580.9
82094,579.4|580.35
82095,257.85|434.2
82096,587.5|363.65
82097,448.2|544.85
82098,444.1|352.0
82099,558.1|524.25
82100,388.7|489.75
82101,451.95|377.45
82102,349.95|529.9
82103,207.7|581.7
82104,273.65|274.8
82105,385.2|552.65
82106,304.0|326.95
82107,454.3|572.15
82108,472.4|298.35
82109,437.5|396.65
82110,208.85|477.65
82111,254.25|410.1
82112,242.75|586.3
82113,359.5|344.4
82114,221.4|398.0
82115,562.4|461.4
82116,354.8|381.65
82117,437.75|450.05
82118,457.85|436.35
82119,358.25|517.65
82120,576.75|439.2
82121,579.05|455.65
82122,338.0|362.3
82123,415.85|378.45
82124,458.0|550.9
82125,436.6|305.7
82126,562.0|242.15
82127,420.6|498.9
82128,583.25|544.75
82129,423.5|318.6
82130,219.65|234.3
82131,230.25|467.85
82132,385.3|278.65
82133,457.1|587.75
82134,316.65|356.25
82135,291.6|534.95
82136,251.25|507.75
82137,239.7|485.95
82138,349.15|554.1
82139,456.35|533.85
82140,236.85|580.45
82141,425.3|438.85
82142,402.6|338.5
82143,440.45|574.55
82144,393.6|277.9
82145,418.2|488.95
82146,448.6|231.0
82147,582.05|593.0
82148,432.2|569.45
82149,352.45|444.9
82150,353.15|588.25
82151,337.2|216.6
82152,415.75|546.05
82153,262.65|459.45
82154,303.9|533.9
82155,257.0|429.15
82156,473.95|282.1
82157,225.1|391.85
82158,391.1|293.75
82159,423.8|213.6
82160,490.25|277.7
82161,527.5|470.35
82162,336.25|575.3
82163,494.15|493.25
82164,268.2|280.7
82165,553.1|474.45
82166,212.25|513.7
82167,220.6|495.35
82168,569.8|583.55
82169,234.65|380.0
82170,394.8|463.4
82171,318.65|570.25
82172,289.15|585.25
82173,370.55|410.35
82174,572.35|390.7
82175,418.45|213.95
82176,584.75|326.65
82177,283.15|393.9
82178,396.05|300.7
82179,238.5|342.45
82180,395.8|345.0
82181,261.7|352.35
82182,262.25|437.85
82183,383.9|552.9
82184,274.2|245.1
82185,340.7|325.6
82186,545.05|292.05
82187,515.45|433.75
82188,589.35|364.7
82189,516.45|516.25
82190,288.1|519.0
82191,382.2|448.95
82192,219.05|220.55
82193,524.35|286.85
82194,496.35|340.85
82195,297.75|377.0
82196,450.9|374.9
82197,252.4|264.65
82198,579.1|395.55
82199,375.7|584.05
82200,286.6|425.55
82201,534.0|459.75
82202,211.2|484.6
82203,293.8|318.75
82204,382.85|539.25
82205,289.85|539.25
82206,376.85|325.6
82207,586.8|322.7
82208,570.85|578.7
82209,425.65|225.65
82210,397.9|265.25
82211,413.75|543.5
82212,245.15|451.5
82213,271.5|297.15
82214,367.1|528.7
82215,267.0|422.7
82216,286.25|499.95
82217,283.8|214.8
82218,303.2|376.05
82219,588.95|208.85
82220,430.9|258.0
82221,383.45|214.15
82222,559.55|471.7
82223,250.2|271.1
82224,283.35|378.7
82225,256.45|267.8
82226,539.05|490.9
82227,443.25|560.95
82228,383.05|213.4
82229,438.45|224.0
82230,406.35|361.45
82231,592.85|375.95
82232,211.4|538.3
82233,259.85|580.05
82234,264.05|544.1
82235,358.15|554.8
82236,518.85|506.8
82237,224.4|403.75
82238,214.1|586.15
82239,247.3|248.75
82240,301.05|526.15
82241,208.75|288.5
82242,256.7|345.7
82243,303.8|418.7
82244,473.95|505.35
82245,365.4|466.05
82246,286.9|529.4
82247,455.75|534.8
82248,426.5|483.7
82249,563.65|238.65
82250,568.65|334.8
82251,301.9|551.4
82252,468.2|220.05
82253,474.4|353.15
82254,588.2|331.7
82255,206.25|239.85
82256,389.55|289.9
82257,537.05|276.9
82258,574.65|428.0
82259,292.4|496.85
82260,506.2|453.7
82261,396.65|314.4
82262,349.3|571.5
82263,251.05|425.6
82264,281.25|283.9
82265,545.5|551.15
82266,382.55|486.35
82267,261.65|554.05
82268,518.8|450.4
82269,240.9|499.0
82270,339.7|241.7
82271,529.0|434.15
82272,384.6|213.4
82273,427.15|375.75
82274,269.25|477.65
82275,423.75|255.9
82276,399.15|393.45
82277,225.8|266.5
82278,304.4|264.95
82279,448.9|581.2
82280,461.75|563.25
82281,571.75|450.95
82282,565.9|373.3
82283,220.5|577.6
82284,413.05|477.05
82285,525.9|250.75
82286,435.2|224.6
82287,245.9|573.85
82288,270.3|378.0
82289,416.45|487.8
82290,421.7|477.45
82291,524.2|490.8
82292,251.6|554.25
82293,290.7|455.25
82294,589.65|270.8
82295,294.5|580.9
82296,267.45|574.9
82297,222.8|403.0
82298,290.9|587.45
82299,346.3|540.5
82300,458.95|386.75
82301,340.6|412.0
82302,408.5|273.85
82303,243.95|302.95
82304,339.85|326.6
82305,331.35|345.25
82306,412.4|293.35
82307,590.15|348.5
82308,306.5|387.25
82309,582.4|535.9
82310,364.35|214.9
82311,417.55|278.95
82312,553.55|583.55
82313,541.65|441.35
82314,535.4|335.8
82315,487.9|382.7
82316,332.4|211.25
82317,575.1|425.15
82318,457.7|389.4
82319,578.7|304.1
82320,527.35|406.7
82321,249.15|462.8
82322,236.5|533.65
82323,549.65|491.3
82324,516.9|525.6
82325,420.35|402.05
82326,344.4|267.1
82327,268.8|337.85
82328,362.5|217.5
82329,345.55|354.55
82330,290.65|553.6
82331,214.75|473.15
82332,531.05|555.05
82333,420.0|323.3
82334,355.55|229.1
82335,433.7|468.15
82336,436.2|375.65
82337,402.1|346.85
82338,571.85|425.95
82339,554.25|489.3
82340,268.35|282.7
82341,270.7|368.25
82342,430.3|372.9
82343,428.1|211.1
82344,470.9|550.5
82345,258.45|568.5
82346,559.5|576.2
82347,415.4|363.3
82348,253.4|271.45
82349,210.8|585.05
82350,225.05|586.9
82351,555.65|266.1
82352,592.8|374.2
82353,424.25|381.4
82354,432.75|401.8
82355,396.95|510.65
82356,482.1|219.45
82357,414.6|434.15
82358,234.05|420.2
82359,233.1|278.95
82360,584.4|372.9
82361,476.55|487.35
82362,588.35|441.0
82363,560.95|333.6
82364,522.85|514.45
82365,585.65|594.6
82366,359.85|312.45
82367,383.15|563.85
82368,213.3|475.6
82369,584.85|374.0
82370,246.4|477.2
82371,430.0|553.95
82372,248.35|307.4
82373,249.2|546.5
82374,291.7|334.95
82375,473.7|502.3
82376,243.2|363.95
82377,224.9|590.05
82378,235.15|580.8
82379,255.85|283.9
82380,531.35|580.05
82381,543.7|447.9
82382,582.55|481.6
82383,368.25|294.2
82384,523.2|527.2
82385,582.7|329.65
82386,435.0|519.3
82387,484.6|214.15
82388,435.7|328.85
82389,216.15|378.45
82390,526.05|445.8
82391,407.7|568.4
82392,338.05|509.95
82393,444.0|480.9
82394,591.05|406.95
82395,579.2|514.25
82396,481.85|251.8
82397,264.7|452.7
82398,578.25|416.9
82399,474.45|330.1
82400,526.8|464.25
82401,585.9|465.65
82402,215.4|283.05
82403,520.75|439.1
82404,449.25|496.45
82405,363.55|513.5
82406,372.75|567.35
82407,233.35|352.65
82408,270.4|414.55
82409,457.05|221.85
82410,364.8|461.75
82411,392.85|209.15
82412,237.85|489.3
82413,276.15|378.35
82414,462.8|363.1
82415,420.35|460.2
82416,585.35|308.9
82417,546.3|436.7
82418,391.95|520.95
82419,449.95|485.55
82420,328.1|239.55
82421,547.65|217.3
82422,276.7|458.7
82423,543.85|267.75
82424,362.45|595.15
82425,238.3|574.05
82426,273.6|409.25
82427,567.3|558.25
82428,466.6|311.55
82429,206.35|245.95
82430,296.45|549.5
82431,345.25|519.0
82432,529.2|422.9
82433,288.65|319.75
82434,553.55|524.8
82435,259.55|393.9
82436,474.65|321.75
82437,213.85|280.75
82438,351.75|449.95
82439,553.15|473.9
82440,471.4|293.4
82441,209.05|524.7
82442,414.35|219.15
82443,408.75|327.05
82444,226.7|469.0
82445,267.95|275.85
82446,386.45|258.65
82447,396.3|585.1
82448,419.25|319.65
82449,408.0|566.0
82450,292.6|358.95
82451,362.5|445.65
82452,340.45|544.4
82453,227.2|546.5
82454,429.75|295.75
82455,321.1|428.25
82456,392.5|492.35
82457,258.9|312.7
82458,413.15|256.1
82459,381.6|378.8
82460,472.9|351.1
82461,381.9|386.1
82462,454.5|420.5
82463,385.15|420.1
82464,347.0|234.6
82465,443.1|467.25
82466,332.05|350.8
82467,369.5|218.5
82468,242.5|538.45
82469,557.25|479.0
82470,270.7|557.2
82471,334.05|239.55
82472,588.2|481.75
82473,405.15|368.65
82474,328.35|238.6
82475,226.55|263.4
82476,417.35|334.3
82477,479.35|344.95
82478,404.65|212.1
82479,273.75|274.5
82480,587.4|255.65
82481,382.15|216.9
82482,443.8|559.7
82483,353.55|404.2
82484,237.95|358.85
82485,474.2|509.45
82486,466.15|465.15
82487,559.45|213.4
82488,589.2|577.35
82489,577.8|590.3
82490,529.35|576.1
82491,277.3|444.45
82492,428.85|213.2
82493,422.35|344.95
82494,222.4|229.6
82495,580.1|357.05
82496,345.8|402.3
82497,271.6|329.95
82498,228.5|322.35
82499,533.25|569.35
82500,207.0|482.0
82501,485.55|438.9
82502,257.8|320.4
82503,355.05|233.8
82504,404.3|358.75
82505,418.7|398.0
82506,480.65|271.25
82507,269.5|349.45
82508,582.8|247.9
82509,567.2|218.55
82510,509.75|253.25
82511,589.3|289.0
82512,473.1|225.15
82513,266.85|275.65
82514,344.4|334.6
82515,416.2|384.85
82516,295.5|443.3
82517,572.65|516.4
82518,291.95|332.95
82519,570.5|283.6
82520,569.05|329.35
82521,402.4|252.15
82522,271.75|372.2
82523,537.5|508.25
82524,385.65|259.1
82525,565.9|590.2
82526,558.25|246.65
82527,406.1|241.95
82528,293.15|387.45
82529,235.05|513.8
82530,281.85|540.35
82531,417.7|544.2
82532,212.65|522.15
82533,293.3|426.8
82534,484.85|357.35
82535,347.55|434.55
82536,577.9|507.0
82537,345.15|557.9
82538,472.9|293.6
82539,362.45|215.3
82540,322.7|380.2
82541,427.75|529.8
82542,346.4|430.05
82543,473.1|249.7
82544,430.25|340.2
82545,356.55|590.0
82546,523.0|531.45
82547,219.35|436.3
82548,442.95|238.7
82549,211.85|249.8
82550,587.65|310.15
82551,344.8|549.25
82552,466.45|522.25
82553,373.0|592.8
82554,576.4|210.85
82555,459.8|433.1
82556,475.2|338.35
82557,269.55|560.8
82558,413.15|221.05
82559,364.9|552.75
82560,361.3|557.15
82561,402.55|365.15
82562,264.95|272.65
82563,338.0|538.45
82564,565.3|312.8
82565,435.05|334.3
82566,374.85|291.3
82567,235.0|301.65
82568,533.4|331.55
82569,343.6|275.65
82570,462.05|434.85
82571,278.55|544.8
82572,367.2|275.2
82573,537.0|594.9
82574,403.35|283.85
82575,451.95|551.35
82576,444.95|481.6
82577,222.8|477.55
82578,434.25|380.55
82579,284.55|277.4
82580,582.9|349.75
82581,374.7|567.75
82582,398.95|569.6
82583,454.4|536.85
82584,264.0|209.8
82585,227.75|243.55
82586,303.4|365.25
82587,590.25|358.4
82588,551.8|360.1
82589,214.8|290.95
82590,527.0|542.5
82591,466.2|317.4
82592,389.95|506.5
82593,259.6|314.15
82594,457.2|357.05
82595,351.35|214.7
82596,442.6|475.05
82597,483.85|362.2
82598,586.45|425.7
82599,411.9|503.85
82600,338.8|352.45
82601,433.2|411.6
82602,575.1|505.1
82603,593.2|588.0
82604,377.25|322.95
82605,402.2|445.7
82606,450.65|469.0
82607,442.6|577.45
82608,365.6|530.1
82609,358.45|579.3
82610,559.3|583.35
82611,463.85|351.4
82612,403.15|470.05
82613,416.45|457.9
82614,258.9|520.35
82615,404.3|581.7
82616,565.85|226.0
82617,441.8|477.15
82618,590.3|562.15
82619,456.85|453.65
82620,377.05|268.85
82621,210.4|591.35
82622,551.75|242.5
82623,545.9|343.7
82624,388.95|339.0
82625,548.25|308.2
82626,407.7|480.85
82627,582.35|578.8
82628,565.4|236.1
82629,374.3|421.65
82630,458.05|308.6
82631,356.25|448.5
82632,214.55|587.4
82633,215.65|417.25
82634,401.85|207.5
82635,392.7|285.35
82636,527.4|534.6
82637,217.8|460.3
82638,390.55|296.1
82639,277.3|452.85
82640,379.35|487.0
82641,381.2|273.05
82642,214.85|487.15
82643,294.85|429.6
82644,586.15|555.5
82645,460.95|368.85
82646,285.15|370.0
82647,289.05|336.95
82648,220.75|469.6
82649,304.05|349.95
82650,259.05|571.5
82651,206.65|524.7
82652,398.25|223.9
82653,553.85|269.05
82654,493.15|210.85
82655,286.4|329.65
82656,541.95|522.3
82657,546.65|548.7
82658,274.6|325.75
82659,403.25|587.65
82660,269.65|368.95
82661,360.4|267.4
82662,477.3|353.6
82663,253.65|363.2
82664,229.65|332.55
82665,426.15|234.95
82666,210.55|489.7
82667,587.5|372.55
82668,360.6|590.0
82669,553.05|437.55
82670,438.5|442.45
82671,363.7|334.4
82672,534.45|563.75
82673,458.35|420.5
82674,274.05|493.35
82675,250.5|543.25
82676,536.35|456.85
82677,372.35|263.1
82678,461.95|317.5
82679,464.25|270.85
82680,356.85|449.55
82681,267.15|392.2
82682,327.45|310.8
82683,568.45|498.65
82684,482.1|288.75
82685,385.35|539.25
82686,488.2|444.05
82687,553.65|550.2
82688,407.45|337.5
82689,423.1|265.6
82690,561.35|235.1
82691,264.2|582.95
82692,273.95|249.55
82693,240.55|223.7
82694,447.7|569.85
82695,509.4|449.2
82696,489.6|519.75
82697,287.05|264.4
82698,420.8|357.0
82699,353.5|288.5
82700,207.35|504.9
82701,534.5|545.1
82702,436.7|443.4
82703,228.25|247.75
82704,356.15|377.8
82705,369.55|218.5
82706,274.0|236.85
82707,394.65|354.1
82708,529.25|280.25
82709,234.85|233.55
82710,280.4|249.05
82711,556.25|365.75
82712,345.0|548.75
82713,446.9|358.4
82714,447.3|554.3
82715,345.4|246.5
82716,595.3|470.3
82717,223.5|588.15
82718,381.25|569.35
82719,574.5|292.25
82720,211.25|523.05
82721,211.3|489.15
82722,561.95|308.1
82723,588.55|360.15
82724,564.95|229.1
82725,553.45|450.75
82726,342.8|511.0
82727,516.1|507.9
82728,410.5|277.3
82729,592.55|413.4
82730,356.55|424.0
82731,274.0|352.5
82732,518.0|486.75
82733,565.6|485.3
82734,346.75|331.25
82735,455.4|582.0
82736,418.0|240.9
82737,565.9|438.4
82738,347.1|494.2
82739,479.75|564.85
82740,421.1|348.25
82741,235.6|574.75
82742,480.7|323.0
82743,410.4|370.5
82744,264.3|232.2
82745,588.85|399.1
82746,248.65|354.8
82747,583.9|289.0
82748,297.75|391.05
82749,574.6|225.25
82750,446.4|307.95
82751,209.75|265.05
82752,436.45|319.75
82753,533.85|537.0
82754,264.35|447.15
82755,447.45|583.75
82756,392.45|331.9
82757,299.3|587.75
82758,219.85|282.75
82759,405.65|306.7
82760,493.05|478.95
82761,583.55|573.6
82762,335.65|573.25
82763,279.1|588.1
82764,472.9|242.25
82765,399.75|328.9
82766,331.55|436.1
82767,238.85|553.15
82768,279.3|340.2
82769,451.85|333.9
82770,437.05|431.0
82771,221.8|230.2
82772,373.25|483.95
82773,229.95|495.6
82774,247.45|235.2
82775,556.25|530.2
82776,400.1|543.25
82777,266.45|283.1
82778,236.95|566.95
82779,404.85|499.4
82780,449.4|304.2
82781,398.95|562.7
82782,515.2|535.6
82783,445.05|264.25
82784,533.0|297.1
82785,536.85|577.35
82786,479.6|482.25
82787,489.0|376.4
82788,223.1|414.6
82789,475.05|335.05
82790,443.05|406.6
82791,565.6|575.15
82792,223.75|578.4
82793,532.15|430.8
82794,491.9|476.95
82795,398.5|517.65
82796,259.85|358.55
82797,428.55|370.45
82798,408.25|276.55
82799,223.5|461.95
82800,228.75|491.6
82801,228.6|497.15
82802,402.65|551.15
82803,382.55|567.4
82804,237.7|508.85
82805,274.75|321.4
82806,461.45|269.8
82807,366.5|211.05
82808,477.65|349.8
82809,416.85|273.9
82810,346.85|226.4
82811,323.4|405.4
82812,352.55|251.25
82813,576.4|263.15
82814,403.55|412.0
82815,210.9|262.8
82816,486.0|517.7
82817,571.65|389.15
82818,450.6|468.85
82819,281.75|421.05
82820,543.75|585.4
82821,522.4|508.7
82822,395.6|383.85
82823,243.75|482.0
82824,468.0|224.7
82825,284.1|365.9
82826,541.2|259.2
82827,213.9|345.05
82828,247.4|206.9
82829,417.8|366.95
82830,344.65|539.15
82831,241.7|440.25
82832,526.95|506.45
82833,556.6|370.85
82834,418.9|276.95
82835,369.55|286.6
82836,347.85|387.95
82837,366.3|293.35
82838,268.55|266.15
82839,417.4|368.5
82840,232.05|460.45
82841,337.5|514.8
82842,452.7|592.45
82843,547.15|293.45
82844,355.3|386.1
82845,465.05|401.0
82846,340.65|491.6
82847,427.6|378.05
82848,209.9|291.6
82849,362.7|257.0
82850,216.45|402.25
82851,300.8|336.4
82852,426.8|583.95
82853,291.75|433.0
82854,489.3|301.65
82855,374.05|457.05
82856,437.35|454.6
82857,255.95|286.25
82858,435.35|397.75
82859,280.85|572.15
82860,261.9|279.7
82861,541.55|322.15
82862,371.25|290.65
82863,514.4|430.15
82864,558.15|422.5
82865,254.45|556.5
82866,317.55|409.55
82867,278.75|238.9
82868,416.65|593.9
82869,234.35|294.0
82870,226.4|460.15
82871,229.45|545.55
82872,345.45|322.6
82873,408.55|498.1
82874,572.05|287.55
82875,531.7|572.95
82876,438.05|540.35
82877,266.0|283.9
82878,335.95|440.4
82879,424.15|501.6
82880,451.85|431.85
82881,355.5|275.4
82882,480.25|308.75
82883,396.6|420.05
82884,369.55|217.4
82885,407.2|421.85
82886,367.25|394.15
82887,249.55|310.1
82888,410.7|336.7
82889,218.45|310.05
82890,300.5|515.75
82891,464.3|394.75
82892,538.05|550.45
82893,395.1|403.35
82894,251.95|577.9
82895,476.45|345.6
82896,378.75|492.05
82897,439.3|580.75
82898,555.5|245.95
82899,215.25|256.45
82900,209.65|504.45
82901,305.75|233.8
82902,553.8|440.7
82903,528.35|289.9
82904,436.5|583.05
82905,353.15|495.5
82906,550.35|233.7
82907,442.6|261.8
82908,229.7|226.75
82909,559.8|229.0
82910,283.2|336.05
82911,459.2|219.95
82912,339.75|348.1
82913,524.4|561.9
82914,239.65|582.0
82915,569.25|519.85
82916,351.75|330.25
82917,477.2|354.05
82918,460.45|526.75
82919,322.3|334.5
82920,401.55|575.2
82921,469.25|529.2
82922,539.7|431.65
82923,317.15|323.25
82924,521.3|483.7
82925,555.05|586.25
82926,220.05|427.4
82927,400.1|272.8
82928,576.85|291.3
82929,319.95|341.15
82930,420.65|218.2
82931,514.25|489.25
82932,477.05|314.2
82933,229.8|571.25
82934,460.65|396.6
82935,288.9|376.7
82936,471.9|214.4
82937,401.15|554.6
82938,572.0|222.85
82939,265.75|588.2
82940,460.4|467.3
82941,233.75|270.3
82942,221.05|578.6
82943,566.4|563.95
82944,444.45|540.15
82945,302.4|400.85
82946,383.95|295.7
82947,369.8|287.8
82948,538.5|302.25
82949,356.15|459.3
82950,275.75|231.3
82951,210.8|462.05
82952,358.15|538.0
82953,563.15|246.0
82954,568.85|299.1
82955,476.1|304.65
82956,230.9|439.3
82957,365.15|569.9
82958,288.5|330.85
82959,385.25|584.65
82960,442.45|438.95
82961,234.95|431.2
82962,417.55|585.2
82963,548.25|583.1
82964,484.7|377.7
82965,320.6|541.9
82966,477.85|341.45
82967,360.85|339.8
82968,455.05|226.95
82969,391.15|493.25
82970,414.35|487.95
82971,245.75|410.1
82972,354.65|359.6
82973,592.0|580.65
82974,467.15|255.3
82975,523.05|483.8
82976,400.8|227.85
82977,544.25|218.85
82978,347.1|365.35
82979,208.6|307.6
82980,439.65|582.0
82981,572.8|220.5
82982,480.75|572.55
82983,273.15|462.5
82984,236.5|245.5
82985,374.45|561.1
82986,537.2|451.85
82987,524.4|563.45
82988,590.25|398.8
82989,204.2|525.15
82990,247.15|406.9
82991,533.65|328.95
82992,583.3|547.75
82993,370.7|394.45
82994,387.7|267.8
82995,219.4|353.5
82996,415.85|374.2
82997,585.05|437.25
82998,207.5|590.45
82999,517.95|524.35
83000,574.9|345.2
83001,546.45|549.35
83002,589.05|523.6
83003,350.25|354.3
83004,240.7|224.2
83005,341.0|271.7
83006,552.15|590.5
83007,226.25|340.6
83008,364.05|502.65
83009,336.45|407.15
83010,575.75|336.55
83011,569.2|537.7
83012,498.95|485.0
83013,509.1|424.45
83014,231.45|537.95
83015,512.3|450.95
83016,365.2|595.2
83017,240.5|501.0
83018,584.7|397.9
83019,564.6|394.05
83020,400.7|537.2
83021,227.1|515.4
83022,589.55|564.95
83023,531.3|461.4
83024,246.85|341.55
83025,415.7|506.9
83026,466.2|460.0
83027,243.35|215.2
83028,444.05|465.95
83029,275.15|522.15
83030,462.55|346.2
83031,389.15|236.0
83032,462.4|289.95
83033,450.0|382.3
83034,248.75|578.9
83035,364.7|582.8
83036,289.65|491.3
83037,236.9|506.0
83038,352.2|357.95
83039,266.85|390.5
83040,344.9|542.75
83041,584.85|249.85
83042,445.7|488.85
83043,588.8|571.35
83044,446.8|583.7
83045,522.3|499.1
83046,241.7|499.75
83047,576.3|440.15
83048,428.65|309.8
83049,324.4|441.6
83050,444.7|562.0
83051,536.6|535.6
83052,376.45|352.65
83053,555.75|336.05
83054,503.4|351.8
83055,400.2|525.65
83056,332.05|352.05
83057,276.9|407.95
83058,461.35|300.75
83059,523.55|421.45
83060,398.4|303.15
83061,222.15|259.05
83062,243.55|433.35
83063,344.45|414.75
83064,443.7|489.25
83065,258.0|430.1
83066,443.65|404.65
83067,238.1|337.1
83068,544.65|270.35
83069,423.25|468.05
83070,276.95|325.05
83071,237.6|488.85
83072,454.2|571.8
83073,530.65|575.45
83074,238.55|566.15
83075,291.2|334.8
83076,369.8|486.4
83077,240.3|214.6
83078,564.95|260.35
83079,424.85|313.65
83080,242.85|584.2
83081,593.45|360.9
83082,468.7|333.55
83083,453.2|437.15
83084,427.7|382.15
83085,586.0|589.6
83086,351.85|297.05
83087,246.55|580.85
83088,409.75|541.55
83089,548.15|236.8
83090,413.2|552.25
83091,255.55|538.05
83092,237.1|272.2
83093,295.65|514.05
83094,445.1|241.95
83095,380.35|466.4
83096,344.7|318.05
83097,537.85|253.25
83098,592.9|550.25
83099,340.6|355.45
83100,540.7|371.3
83101,454.05|392.3
83102,297.15|450.65
83103,376.8|356.0
83104,559.8|352.05
83105,357.55|328.2
83106,473.85|527.4
83107,356.4|305.45
83108,393.8|506.0
83109,376.85|340.6
83110,580.9|412.2
83111,556.8|299.1
83112,549.25|461.75
83113,284.6|537.85
83114,254.9|293.65
83115,413.15|264.4
83116,262.0|589.75
83117,305.95|345.2
83118,465.75|242.75
83119,209.55|233.5
83120,409.2|558.6
83121,365.45|258.0
83122,420.95|581.15
83123,214.2|545.8
83124,457.4|588.8
83125,443.65|264.35
83126,428.95|312.95
83127,269.5|433.15
83128,223.25|406.8
83129,499.7|521.2
83130,453.4|446.5
83131,566.95|286.75
83132,215.2|514.5
83133,449.15|481.65
83134,295.5|325.75
83135,451.75|357.05
83136,271.4|314.45
83137,272.65|343.25
83138,573.5|593.45
83139,389.9|478.25
83140,407.2|363.3
83141,567.05|339.75
83142,446.6|225.65
83143,273.4|477.0
83144,582.35|420.9
83145,444.45|319.1
83146,449.55|394.15
83147,208.4|316.15
83148,434.3|588.75
83149,448.15|486.35
83150,417.3|548.4
83151,252.4|395.6
83152,375.85|479.6
83153,214.1|405.4
83154,384.0|407.15
83155,250.6|423.5
83156,408.1|449.9
83157,322.55|436.0
83158,361.7|362.9
83159,582.05|511.0
83160,228.4|565.55
83161,406.9|245.2
83162,232.1|546.45
83163,563.75|327.25
83164,337.4|562.05
83165,514.3|358.95
83166,239.1|433.35
83167,258.55|565.85
83168,277.7|492.6
83169,361.4|456.55
83170,591.8|374.0
83171,464.5|407.25
83172,475.8|318.45
83173,222.9|580.25
83174,584.0|417.75
83175,215.2|520.2
83176,594.8|486.95
83177,559.9|572.95
83178,219.75|535.25
83179,466.0|214.35
83180,336.55|576.2
83181,547.9|566.6
83182,272.85|420.9
83183,397.05|400.6
83184,243.35|217.55
83185,425.65|492.1
83186,478.7|373.4
83187,376.6|503.8
83188,246.25|383.1
83189,520.2|430.1
83190,556.6|584.1
83191,283.05|548.8
83192,231.55|566.6
83193,389.85|581.05
83194,469.3|491.55
83195,261.3|373.9
83196,406.7|383.8
83197,566.45|289.3
83198,273.55|474.0
83199,438.65|552.65
83200,418.35|406.65
83201,586.35|460.55
83202,406.7|434.55
83203,298.75|402.1
83204,391.1|361.75
83205,467.05|426.3
83206,538.0|337.5
83207,371.3|431.7
83208,561.35|371.55
83209,222.7|404.4
83210,247.85|268.3
83211,274.8|230.85
83212,205.95|327.7
83213,399.2|339.2
83214,230.45|582.15
83215,249.3|485.3
83216,269.35|212.25
83217,585.85|567.85
83218,411.65|467.4
83219,241.6|486.7
83220,565.0|233.2
83221,424.55|413.6
83222,580.15|494.45
83223,570.95|517.6
83224,290.15|552.85
83225,473.15|470.45
83226,344.0|342.35
83227,466.75|302.45
83228,295.7|333.7
83229,245.35|563.6
83230,530.65|420.9
83231,529.9|454.45
83232,278.55|452.3
83233,481.15|352.1
83234,535.1|310.2
83235,428.5|583.85
83236,212.9|277.4
83237,371.75|530.0
83238,554.7|364.85
83239,459.0|537.8
83240,302.65|419.55
83241,357.4|274.25
83242,462.4|335.9
83243,450.65|262.85
83244,573.75|536.25
83245,461.95|568.7
83246,556.15|292.7
83247,592.3|393.15
83248,566.6|456.45
83249,264.4|381.95
83250,301.0|591.35
83251,366.45|594.55
83252,490.3|486.2
83253,284.05|501.45
83254,286.6|456.95
83255,517.85|466.4
83256,337.6|590.95
83257,315.8|325.3
83258,272.15|562.0
83259,213.6|241.45
83260,465.85|392.45
83261,262.5|333.65
83262,575.7|330.75
83263,211.65|463.25
83264,442.2|330.5
83265,245.4|430.3
83266,479.2|261.4
83267,269.9|563.3
83268,352.55|358.5
83269,460.95|556.1
83270,364.2|475.6
83271,561.25|519.45
83272,511.95|239.5
83273,406.65|228.1
83274,449.8|355.75
83275,239.0|495.55
83276,281.8|424.65
83277,251.85|341.45
83278,352.65|456.9
83279,412.75|368.2
83280,438.5|291.2
83281,403.15|279.15
83282,369.05|488.9
83283,587.25|581.4
83284,546.2|536.25
83285,388.25|270.5
83286,578.55|495.6
83287,260.5|486.4
83288,443.35|531.65
83289,342.6|541.75
83290,583.35|564.6
83291,352.45|233.35
83292,203.15|470.3
83293,468.1|352.6
83294,411.75|579.05
83295,364.1|204.1
83296,468.35|228.6
83297,306.1|518.0
83298,345.0|278.4
83299,476.45|338.7
83300,430.05|312.25
83301,498.65|211.15
83302,513.3|377.05
83303,218.3|306.4
83304,465.7|234.5
83305,236.75|392.3
83306,451.2|535.15
83307,381.65|209.2
83308,361.3|267.45
83309,587.5|586.75
83310,532.3|460.75
83311,335.25|391.15
83312,372.3|451.45
83313,368.0|591.95
83314,333.7|564.2
83315,478.65|363.85
83316,448.25|377.15
83317,225.95|401.9
83318,295.0|330.25
83319,581.25|575.9
83320,549.25|581.5
83321,495.55|534.3
83322,287.15|548.75
83323,417.95|270.45
83324,358.55|328.95
83325,413.8|247.4
83326,336.65|420.7
83327,562.25|460.1
83328,378.35|210.65
83329,535.6|239.95
83330,270.6|497.6
83331,223.5|258.35
83332,591.6|373.9
83333,581.85|476.75
83334,381.4|247.7
83335,360.9|269.7
83336,381.1|445.0
83337,344.7|448.8
83338,443.45|566.15
83339,354.7|546.45
83340,292.6|528.0
83341,421.55|486.45
83342,561.15|542.65
83343,556.35|284.25
83344,590.7|209.8
83345,207.95|567.9
83346,253.45|259.4
83347,466.5|424.75
83348,309.6|414.95
83349,471.1|256.05
83350,580.75|313.1
83351,591.85|412.6
83352,399.95|351.8
83353,460.05|495.6
83354,411.9|393.45
83355,574.1|482.65
83356,413.1|566.05
83357,351.65|299.25
83358,472.9|217.1
83359,393.55|328.9
83360,394.55|467.65
83361,551.05|586.65
83362,216.5|401.35
83363,534.55|343.45
83364,390.2|475.0
83365,554.55|235.6
83366,519.05|430.25
83367,516.15|326.7
83368,347.65|456.75
83369,233.8|577.0
83370,211.2|576.2
83371,358.2|594.85
83372,294.15|370.95
83373,447.1|278.45
83374,360.25|211.3
83375,552.15|254.55
83376,581.75|501.85
83377,277.2|388.0
83378,283.45|516.15
83379,237.7|421.9
83380,421.3|359.8
83381,211.4|585.6
83382,417.7|379.65
83383,220.65|404.75
83384,381.8|275.35
83385,210.05|384.65
83386,215.85|413.55
83387,471.35|282.85
83388,447.5|279.1
83389,368.55|576.25
83390,267.95|228.45
83391,544.8|316.4
83392,424.2|554.5
83393,261.25|242.6
83394,346.5|442.25
83395,231.7|565.2
83396,266.55|479.1
83397,245.05|354.2
83398,574.1|582.7
83399,483.4|464.8
83400,349.9|272.15
83401,423.0|379.35
83402,213.45|255.95
83403,225.05|397.9
83404,272.45|273.5
83405,580.85|268.0
83406,411.15|335.9
83407,404.95|367.45
83408,580.1|384.1
83409,279.15|398.75
83410,224.55|274.95
83411,407.65|538.85
83412,268.35|368.75
83413,351.0|429.05
83414,557.1|539.75
83415,445.55|585.4
83416,274.95|570.0
83417,270.55|261.2
83418,596.05|463.4
83419,432.7|509.6
83420,422.0|451.0
83421,208.55|254.75
83422,408.5|340.45
83423,439.0|445.4
83424,511.9|479.75
83425,477.25|387.1
83426,531.35|540.55
83427,545.15|508.9
83428,261.15|357.15
83429,578.4|323.5
83430,292.1|586.5
83431,256.35|545.35
83432,371.0|280.6
83433,348.3|312.0
83434,211.95|522.55
83435,420.1|268.35
83436,567.1|230.3
83437,579.65|445.0
83438,239.0|414.2
83439,571.05|498.3
83440,292.45|422.2
83441,359.75|211.75
83442,447.6|557.1
83443,443.9|320.0
83444,562.45|415.0
83445,399.2|491.0
83446,473.5|322.45
83447,396.5|458.4
83448,287.6|546.6
83449,430.4|241.25
83450,386.55|407.3
83451,397.65|525.9
83452,348.85|518.9
83453,558.2|557.5
83454,579.4|459.85
83455,369.25|574.0
83456,582.4|348.75
83457,293.5|461.0
83458,569.6|295.85
83459,551.85|555.5
83460,457.55|414.55
83461,309.4|420.85
83462,264.4|280.65
83463,368.4|592.35
83464,331.55|360.15
83465,510.05|583.85
83466,406.2|396.5
83467,470.6|224.05
83468,469.55|531.05
83469,412.45|574.5
83470,274.2|418.3
83471,460.8|480.35
83472,447.1|556.1
83473,577.0|296.55
83474,534.7|432.7
83475,454.05|581.05
83476,318.6|358.25
83477,326.5|402.55
83478,587.7|343.4
83479,458.8|505.2
83480,455.45|386.2
83481,574.0|397.7
83482,357.6|445.6
83483,442.55|234.85
83484,533.25|545.1
83485,262.8|560.4
83486,579.85|572.7
83487,582.95|574.45
83488,548.9|380.4
83489,588.45|544.35
83490,535.0|273.55
83491,462.45|236.25
83492,390.15|345.25
83493,215.85|488.8
83494,423.9|383.2
83495,473.15|557.9
83496,547.9|284.15
83497,336.25|289.2
83498,290.7|381.45
83499,560.8|231.5
83500,347.8|351.9
83501,563.8|212.6
83502,467.6|340.15
83503,455.6|251.3
83504,408.3|349.8
83505,342.4|267.8
83506,574.6|381.55
83507,454.4|267.3
83508,210.7|317.2
83509,353.2|507.55
83510,352.15|445.45
83511,444.05|540.7
83512,539.65|460.95
83513,588.7|322.7
83514,443.2|373.65
83515,466.45|297.55
83516,379.9|577.55
83517,389.25|331.05
83518,526.7|349.7
83519,374.3|573.15
83520,413.95|315.85
83521,476.95|456.75
83522,406.85|486.2
83523,424.3|339.55
83524,257.85|558.05
83525,364.2|566.85
83526,585.6|286.35
83527,208.45|323.75
83528,545.0|523.2
83529,371.35|438.15
83530,249.25|240.95
83531,286.75|383.05
83532,459.3|455.05
83533,464.25|492.85
83534,250.1|378.6
83535,417.0|205.8
83536,460.6|533.95
83537,232.15|252.6
83538,528.05|468.9
83539,343.0|422.8
83540,399.15|421.0
83541,539.2|444.9
83542,361.0|208.5
83543,580.95|241.8
83544,585.1|502.35
83545,577.25|395.6
83546,342.45|593.7
83547,361.55|439.7
83548,456.0|229.5
83549,461.3|256.9
83550,533.65|485.7
83551,285.95|335.5
83552,547.3|489.1
83553,538.1|308.4
83554,243.6|425.0
83555,431.75|581.75
83556,285.85|400.1
83557,247.15|394.2
83558,533.95|271.0
83559,439.75|381.45
83560,579.9|227.4
83561,453.55|361.05
83562,393.55|571.2
83563,353.55|438.8
83564,460.0|288.8
83565,471.2|489.1
83566,336.65|509.55
83567,294.7|344.3
83568,362.65|354.9
83569,454.3|490.25
83570,419.3|239.7
83571,576.75|275.55
83572,277.55|265.35
83573,582.1|276.6
83574,375.95|566.85
83575,270.6|278.65
83576,242.2|490.55
83577,552.0|517.5
83578,466.9|218.95
83579,270.6|310.4
83580,447.85|579.0
83581,568.35|344.15
83582,263.4|517.95
83583,218.45|588.45
83584,433.55|227.9
83585,391.05|458.35
83586,485.35|217.6
83587,442.8|556.5
83588,262.85|218.2
83589,540.8|558.85
83590,249.9|231.1
83591,531.6|444.75
83592,448.45|454.55
83593,574.35|544.6
83594,580.6|525.15
83595,506.15|349.1
83596,441.95|443.7
83597,348.6|506.55
83598,319.9|363.5
83599,455.65|401.45
83600,458.4|221.15
83601,464.35|379.95
83602,389.3|469.25
83603,209.5|415.65
83604,481.95|435.4
83605,273.5|434.05
83606,220.7|303.55
83607,263.3|225.3
83608,214.0|515.2
83609,402.15|229.6
83610,257.55|303.75
83611,462.8|237.2
83612,258.45|209.4
83613,268.8|379.55
83614,296.2|362.25
83615,443.65|253.05
83616,567.7|303.55
83617,440.25|332.95
83618,273.85|285.75
83619,536.6|444.95
83620,222.5|472.35
83621,267.5|231.9
83622,344.5|369.05
83623,230.55|548.35
83624,494.15|495.05
83625,387.25|591.45
83626,291.95|462.0
83627,468.85|238.85
83628,266.8|369.15
83629,573.7|486.2
83630,284.75|330.8
83631,239.55|343.35
83632,438.55|450.45
83633,358.05|447.2
83634,361.15|554.1
83635,559.85|446.2
83636,544.65|473.35
83637,344.6|482.8
83638,425.35|589.05
83639,213.3|231.25
83640,327.05|466.85
83641,415.6|354.55
83642,282.25|531.05
83643,246.25|340.15
83644,512.1|432.2
83645,347.95|562.25
83646,211.85|386.1
83647,440.55|421.1
83648,483.05|516.75
83649,304.65|364.95
83650,401.15|302.05
83651,404.35|226.6
83652,506.45|469.0
83653,209.85|500.7
83654,298.6|319.4
83655,542.7|531.55
83656,458.45|512.1
83657,379.2|266.7
83658,558.2|583.1
83659,401.35|575.65
83660,524.4|376.1
83661,348.35|387.45
83662,490.6|479.9
83663,361.9|587.2
83664,517.2|537.25
83665,260.35|488.05
83666,422.1|523.05
83667,225.65|493.65
83668,474.2|461.9
83669,547.15|269.25
83670,402.85|391.45
83671,253.8|508.25
83672,569.85|361.7
83673,487.0|458.8
83674,209.6|551.55
83675,290.35|326.05
83676,457.65|335.6
83677,408.25|426.0
83678,223.85|382.8
83679,226.45|392.05
83680,506.35|503.85
83681,566.2|262.7
83682,262.15|334.9
83683,280.4|271.7
83684,399.05|520.95
83685,368.25|444.35
83686,469.9|450.05
83687,324.7|408.2
83688,272.4|571.05
83689,278.25|537.15
83690,456.8|262.35
83691,448.4|491.3
83692,265.25|549.4
83693,554.2|587.15
83694,222.3|219.65
83695,264.75|223.45
83696,396.25|298.5
83697,487.1|513.8
83698,243.5|376.55
83699,266.45|244.85
83700,498.4|490.9
83701,457.35|543.65
83702,267.25|368.25
83703,223.55|254.9
83704,442.6|452.05
83705,581.05|447.15
83706,336.75|403.3
83707,259.45|483.8
83708,244.35|422.95
83709,416.05|371.65
83710,480.65|318.5
83711,569.8|582.35
83712,401.75|215.8
83713,277.45|427.8
83714,243.9|546.1
83715,280.4|344.9
83716,431.8|549.9
83717,302.45|364.15
83718,567.85|322.3
83719,206.15|290.65
83720,393.45|483.8
83721,512.45|404.1
83722,473.75|344.1
83723,352.1|220.65
83724,246.1|590.65
83725,307.15|346.9
83726,451.1|532.05
83727,466.9|342.95
83728,252.6|456.75
83729,524.85|410.4
83730,352.9|217.1
83731,572.35|566.55
83732,565.5|455.05
83733,427.15|385.75
83734,315.55|512.75
83735,574.85|350.0
83736,403.85|374.1
83737,218.9|487.4
83738,551.6|524.2
83739,206.75|281.05
83740,281.6|348.85
83741,532.9|557.35
83742,359.55|433.05
83743,279.35|412.0
83744,274.6|339.2
83745,413.6|416.1
83746,222.7|467.6
83747,279.8|354.1
83748,432.1|487.9
83749,293.9|336.15
83750,253.0|406.4
83751,594.2|381.95
83752,503.9|450.25
83753,342.0|233.5
83754,509.55|525.15
83755,416.7|249.15
83756,351.3|375.65
83757,412.65|415.75
83758,562.35|270.55
83759,219.05|248.85
83760,517.15|496.95
83761,364.9|397.3
83762,210.4|426.35
83763,356.05|595.25
83764,243.0|360.9
83765,353.25|372.8
83766,401.65|361.15
83767,218.0|411.85
83768,437.45|369.25
83769,589.55|578.4
83770,421.25|510.95
83771,357.05|319.0
83772,234.45|545.85
83773,472.0|250.9
83774,254.25|561.7
83775,461.85|578.45
83776,206.1|319.3
83777,346.1|224.65
83778,425.45|368.0
83779,340.1|273.85
83780,555.9|379.3
83781,454.75|458.0
83782,593.75|494.6
83783,349.15|237.1
83784,267.8|569.3
83785,279.7|365.3
83786,336.55|329.85
83787,432.8|409.5
83788,451.5|572.45
83789,436.05|421.1
83790,232.5|589.75
83791,589.15|579.8
83792,425.55|449.15
83793,344.4|328.3
83794,213.65|330.75
83795,580.25|226.6
83796,447.9|390.3
83797,323.7|432.7
83798,571.1|594.4
83799,406.55|311.9
83800,267.65|575.45
83801,377.95|273.6
83802,590.25|247.5
83803,378.0|361.15
83804,530.3|270.75
83805,587.85|271.85
83806,586.9|579.4
83807,210.9|586.3
83808,399.45|481.75
83809,355.55|324.3
83810,413.35|470.15
83811,246.85|407.2
83812,525.1|463.85
83813,348.95|378.9
83814,537.15|241.75
83815,469.5|249.0
83816,254.9|309.9
83817,401.4|553.35
83818,472.9|520.45
83819,345.95|561.45
83820,469.25|388.3
83821,279.4|541.8
83822,244.8|449.5
83823,590.5|501.85
83824,540.15|451.1
83825,472.55|265.9
83826,296.75|431.0
83827,426.75|377.8
83828,546.8|586.65
83829,271.75|576.7
83830,535.85|456.9
83831,346.25|216.4
83832,490.2|364.9
83833,433.95|398.75
83834,410.7|498.2
83835,375.8|340.4
83836,559.2|585.65
83837,445.85|588.1
83838,261.15|594.3
83839,329.65|417.95
83840,478.6|278.6
83841,396.95|399.55
83842,391.15|290.3
83843,268.7|376.5
83844,464.2|501.1
83845,351.45|511.1
83846,565.35|533.35
83847,357.1|441.2
83848,390.35|258.3
83849,257.6|587.6
83850,257.15|268.85
83851,303.1|348.5
83852,487.75|270.95
83853,275.4|451.85
83854,210.1|586.55
83855,472.6|318.5
83856,254.95|430.25
83857,397.25|591.95
83858,292.5|450.1
83859,427.7|579.05
83860,322.1|344.8
83861,575.25|234.75
83862,445.7|382.1
83863,288.5|512.95
83864,441.2|471.7
83865,260.75|582.5
83866,214.7|224.45
83867,422.5|288.3
83868,232.15|514.7
83869,463.25|410.35
83870,590.5|215.4
83871,295.8|362.2
83872,442.1|248.2
83873,340.55|338.35
83874,336.45|379.65
83875,379.75|474.65
83876,411.05|262.15
83877,225.9|363.1
83878,442.2|325.15
83879,220.1|317.3
83880,208.85|514.25
83881,253.1|551.7
83882,368.2|492.75
83883,392.7|217.2
83884,450.7|594.35
83885,471.2|465.8
83886,574.5|287.5
83887,327.0|356.7
83888,476.0|323.35
83889,288.85|523.85
83890,456.3|570.55
83891,254.6|302.05
83892,585.55|509.95
83893,385.05|305.55
83894,417.4|436.4
83895,406.7|375.5
83896,373.3|228.9
83897,234.05|508.4
83898,269.9|281.4
83899,469.85|235.4
83900,255.15|509.45
83901,581.45|264.9
83902,564.65|497.75
83903,547.25|457.5
83904,347.8|534.25
83905,283.9|321.75
83906,211.55|288.65
83907,582.8|239.5
83908,579.6|496.75
83909,368.0|540.3
83910,458.6|480.9
83911,454.9|439.95
83912,337.5|511.7
83913,279.0|535.35
83914,232.15|474.25
83915,571.2|352.2
83916,391.85|268.1
83917,271.45|581.1
83918,218.5|482.95
83919,214.0|466.2
83920,304.5|334.25
83921,209.75|232.2
83922,223.4|470.85
83923,240.05|461.05
83924,556.95|527.65
83925,237.7|484.45
83926,273.8|553.9
83927,522.7|395.55
83928,348.55|247.85
83929,272.45|300.7
83930,466.9|328.05
83931,580.85|381.0
83932,240.45|465.65
83933,477.25|228.7
83934,451.1|231.35
83935,285.55|527.25
83936,243.85|376.25
83937,468.8|547.3
83938,219.65|228.7
83939,528.6|374.15
83940,214.85|209.75
83941,542.75|359.7
83942,304.5|515.05
83943,343.5|579.25
83944,375.9|385.7
83945,345.75|546.0
83946,510.2|469.15
83947,288.6|370.9
83948,366.75|281.85
83949,379.35|582.15
83950,580.3|280.9
83951,588.2|512.0
83952,255.15|499.3
83953,344.2|360.05
83954,377.5|274.4
83955,506.1|481.5
83956,352.45|447.05
83957,511.5|397.35
83958,407.5|259.95
83959,260.35|381.1
83960,310.25|248.9
83961,236.45|455.35
83962,588.05|249.1
83963,355.65|576.2
83964,271.75|216.25
83965,461.25|464.9
83966,361.0|215.6
83967,455.75|324.75
83968,321.5|340.6
83969,276.25|502.4
83970,310.25|404.6
83971,410.65|336.2
83972,469.05|510.6
83973,569.05|576.1
83974,527.1|291.7
83975,263.85|499.75
83976,225.6|585.05
83977,469.3|474.25
83978,359.4|369.65
83979,325.65|401.35
83980,356.3|209.1
83981,535.0|502.15
83982,215.2|404.05
83983,212.25|453.15
83984,231.15|382.7
83985,237.35|281.0
83986,579.55|489.7
83987,541.65|434.2
83988,342.2|381.1
83989,343.4|485.55
83990,464.55|289.55
83991,429.65|475.55
83992,260.7|355.7
83993,412.85|290.6
83994,363.65|276.1
83995,285.35|432.95
83996,269.2|234.1
83997,342.9|592.4
83998,362.3|570.95
83999,590.0|507.65
84000,586.4|407.75
84001,243.2|497.5
84002,537.9|340.25
84003,464.25|292.4
84004,229.2|489.2
84005,384.05|490.85
84006,419.55|219.45
84007,388.45|287.3
84008,342.75|540.05
84009,221.4|216.15
84010,582.0|265.2
84011,232.95|430.65
84012,518.3|485.05
84013,509.0|502.65
84014,377.55|275.2
84015,275.8|367.8
84016,344.75|217.3
84017,241.15|354.3
84018,281.05|267.05
84019,527.9|336.4
84020,382.4|589.4
84021,592.7|422.45
84022,457.3|310.45
84023,362.75|284.55
84024,212.95|493.95
84025,539.9|541.7
84026,258.05|443.35
84027,366.1|403.65
84028,579.85|371.55
84029,428.95|562.75
84030,250.45|282.55
84031,393.45|469.6
84032,426.8|558.65
84033,219.95|472.3
84034,458.0|365.4
84035,374.4|340.85
84036,362.75|400.7
84037,590.85|213.25
84038,461.8|551.05
84039,471.0|316.5
84040,228.0|478.05
84041,487.05|485.9
84042,261.75|370.25
84043,222.15|517.1
84044,247.3|432.4
84045,591.1|560.05
84046,469.25|515.6
84047,473.45|562.55
84048,348.65|238.6
84049,371.5|235.2
84050,417.75|359.9
84051,284.8|539.8
84052,458.45|470.3
84053,562.0|512.15
84054,266.15|326.55
84055,427.45|592.75
84056,357.25|443.25
84057,277.9|360.8
84058,584.9|399.05
84059,250.05|488.4
84060,559.4|256.0
84061,239.55|440.35
84062,412.25|565.35
84063,425.6|252.4
84064,235.3|457.2
84065,247.7|225.3
84066,281.8|475.3
84067,417.05|498.95
84068,345.3|418.15
84069,359.05|277.4
84070,275.85|590.4
84071,413.3|363.8
84072,463.3|327.35
84073,231.5|223.55
84074,487.05|305.3
84075,291.35|322.25
84076,236.0|414.5
84077,229.05|477.8
84078,463.55|240.25
84079,592.7|590.15
84080,250.45|578.95
84081,289.4|517.7
84082,227.5|257.4
84083,521.7|521.0
84084,519.4|335.6
84085,376.0|488.5
84086,566.4|298.4
84087,525.0|420.1
84088,461.4|486.5
84089,479.1|373.05
84090,420.55|569.9
84091,233.9|579.95
84092,364.6|577.7
84093,472.35|314.55
84094,277.8|405.5
84095,256.95|370.6
84096,350.8|541.65
84097,545.7|540.05
84098,593.95|429.15
84099,218.35|474.0
84100,362.2|570.7
84101,380.6|420.85
84102,583.15|283.25
84103,263.9|567.3
84104,589.55|579.15
84105,309.7|438.55
84106,215.75|575.3
84107,457.8|220.35
84108,587.5|587.8
84109,272.15|260.05
84110,458.15|431.05
84111,541.85|541.05
84112,426.6|293.0
84113,255.3|285.85
84114,375.05|210.4
84115,524.55|458.35
84116,541.05|372.6
84117,559.3|233.2
84118,545.6|545.75
84119,428.9|531.6
84120,412.05|393.6
84121,216.2|326.8
84122,477.85|468.05
84123,318.2|369.35
84124,353.5|578.05
84125,585.85|422.75
84126,319.6|405.8
84127,252.75|576.6
84128,386.4|321.45
84129,565.95|259.25
84130,353.65|276.6
84131,531.85|519.85
84132,406.1|584.9
84133,572.65|347.6
84134,587.15|344.8
84135,463.65|220.15
84136,408.0|338.1
84137,223.25|297.8
84138,589.3|255.55
84139,231.45|221.95
84140,454.75|532.6
84141,321.4|365.0
84142,237.65|511.95
84143,463.7|282.5
84144,593.95|272.2
84145,392.05|497.5
84146,399.8|574.35
84147,588.6|255.2
84148,214.7|504.75
84149,591.95|282.35
84150,286.25|309.25
84151,535.15|283.35
84152,416.15|298.45
84153,370.15|529.9
84154,394.7|314.05
84155,550.3|585.3
84156,434.05|470.3
84157,347.95|385.85
84158,239.75|225.35
84159,580.7|519.2
84160,471.35|377.65
84161,211.9|588.95
84162,477.9|274.0
84163,451.4|225.3
84164,272.85|441.15
84165,402.55|515.9
84166,404.65|368.1
84167,340.3|342.6
84168,591.95|563.35
84169,441.5|237.3
84170,390.35|505.65
84171,292.55|316.9
84172,445.5|487.65
84173,247.3|253.3
84174,453.6|381.15
84175,238.2|409.55
84176,439.6|246.6
84177,402.1|252.4
84178,339.85|262.6
84179,370.15|311.45
84180,282.15|415.25
84181,231.95|571.0
84182,452.45|418.9
84183,475.15|311.35
84184,277.95|575.6
84185,377.7|332.8
84186,461.45|568.15
84187,348.35|382.35
84188,234.5|340.7
84189,221.35|478.7
84190,259.5|386.85
84191,523.15|501.8
84192,247.0|371.35
84193,468.45|226.55
84194,265.15|251.0
84195,270.65|236.65
84196,272.85|343.7
84197,215.35|388.9
84198,576.3|589.7
84199,434.55|576.5
84200,264.0|338.45
84201,411.85|391.55
84202,521.9|274.35
84203,349.55|238.7
84204,479.4|430.15
84205,530.5|551.5
84206,364.35|450.0
84207,287.25|308.25
84208,414.6|371.7
84209,365.2|233.55
84210,455.55|536.4
84211,415.95|208.35
84212,588.25|419.35
84213,212.9|490.55
84214,223.25|233.55
84215,361.35|214.75
84216,361.6|207.2
84217,295.45|350.75
84218,574.85|298.7
84219,515.4|342.35
84220,215.45|258.7
84221,345.75|488.45
84222,439.3|220.65
84223,205.3|487.35
84224,376.2|212.2
84225,222.2|336.0
84226,239.6|478.8
84227,587.15|434.95
84228,459.75|295.95
84229,395.65|290.35
84230,224.45|308.3
84231,404.85|533.05
84232,386.45|583.7
84233,408.2|595.55
84234,204.55|507.3
84235,410.25|490.95
84236,451.25|392.1
84237,419.05|219.8
84238,420.75|323.65
84239,585.4|504.25
84240,462.35|470.75
84241,361.4|529.3
84242,489.3|486.45
84243,462.55|404.2
84244,296.7|408.25
84245,239.15|436.9
84246,506.25|530.7
84247,515.2|456.45
84248,480.0|334.45
84249,215.95|354.15
84250,266.95|211.75
84251,226.85|345.25
84252,580.75|394.95
84253,248.45|577.75
84254,470.4|328.95
84255,416.3|403.5
84256,443.95|338.65
84257,576.6|436.35
84258,215.25|229.8
84259,480.8|218.0
84260,451.65|588.25
84261,482.75|352.05
84262,249.45|400.65
84263,444.35|265.0
84264,430.7|455.9
84265,476.1|233.4
84266,409.65|314.25
84267,233.05|442.35
84268,350.9|441.5
84269,232.75|442.4
84270,288.0|449.25
84271,397.2|471.4
84272,585.45|260.15
84273,528.2|452.7
84274,211.85|296.1
84275,398.4|417.6
84276,270.0|464.0
84277,467.15|326.9
84278,244.6|348.1
84279,454.45|444.15
84280,482.85|395.95
84281,250.25|572.1
84282,558.2|393.35
84283,586.65|326.3
84284,395.55|226.25
84285,328.55|251.15
84286,350.85|551.85
84287,217.45|268.65
84288,203.85|483.8
84289,417.85|353.25
84290,545.0|488.65
84291,207.3|578.7
84292,383.35|318.45
84293,418.85|324.2
84294,283.55|406.5
84295,387.4|591.5
84296,355.65|588.95
84297,545.95|294.7
84298,389.9|259.75
84299,577.1|325.95
84300,454.6|512.5
84301,210.7|453.35
84302,464.6|454.7
84303,585.45|292.7
84304,261.0|218.8
84305,492.4|470.1
84306,528.1|354.1
84307,460.1|348.95
84308,355.2|528.15
84309,399.3|325.15
84310,585.85|514.7
84311,437.15|242.75
84312,233.8|408.4
84313,208.15|488.35
84314,384.55|373.55
84315,365.45|442.2
84316,522.25|361.3
84317,345.95|324.05
84318,318.45|410.55
84319,568.6|242.95
84320,574.95|298.75
84321,259.5|218.75
84322,395.25|583.5
84323,566.55|403.1
84324,483.25|526.85
84325,464.85|284.4
84326,468.45|278.8
84327,487.3|265.1
84328,569.4|405.85
84329,253.65|582.5
84330,519.5|530.0
84331,281.5|441.8
84332,535.25|340.3
84333,210.05|567.85
84334,289.7|463.8
84335,571.85|412.6
84336,581.9|451.15
84337,325.15|397.6
84338,378.0|472.5
84339,218.55|537.05
84340,354.25|553.55
84341,418.7|209.65
84342,542.15|492.5
84343,347.85|449.9
84344,463.6|495.35
84345,463.15|514.05
84346,499.2|448.8
84347,457.35|335.7
84348,464.5|515.6
84349,264.8|446.85
84350,310.8|417.55
84351,231.85|573.75
84352,228.65|371.85
84353,211.65|328.65
84354,391.9|510.8
84355,222.6|296.7
84356,442.3|319.05
84357,339.65|402.9
84358,559.7|452.6
84359,433.25|222.15
84360,513.4|529.65
84361,407.9|389.0
84362,382.25|551.5
84363,265.9|274.25
84364,505.75|559.0
84365,270.4|284.1
84366,574.45|587.45
84367,585.45|225.7
84368,239.85|385.6
84369,568.15|221.0
84370,545.3|589.75
84371,410.3|340.55
84372,244.4|413.6
84373,247.8|268.85
84374,279.25|268.4
84375,217.65|406.05
84376,461.5|332.25
84377,432.6|229.95
84378,281.15|245.55
84379,380.55|551.9
84380,591.4|264.25
84381,455.6|348.4
84382,457.25|559.9
84383,240.95|232.8
84384,460.7|467.05
84385,291.85|553.95
84386,208.7|500.5
84387,574.65|273.65
84388,214.95|226.65
84389,386.4|209.5
84390,550.1|386.75
84391,274.9|481.05
84392,243.25|452.05
84393,374.45|309.45
84394,521.45|338.5
84395,450.2|582.55
84396,398.55|583.5
84397,540.7|534.95
84398,548.75|439.45
84399,575.6|235.4
84400,338.5|569.85
84401,401.05|530.65
84402,590.5|560.6
84403,392.9|299.85
84404,371.55|431.85
84405,248.95|494.8
84406,583.05|218.9
84407,353.1|445.7
84408,317.7|349.6
84409,223.8|573.85
84410,360.8|515.45
84411,444.1|318.0
84412,219.3|220.95
84413,354.7|211.4
84414,348.2|558.25
84415,536.55|428.05
84416,232.1|219.3
84417,528.5|352.5
84418,580.5|359.6
84419,542.05|333.8
84420,262.5|482.5
84421,473.95|349.35
84422,407.75|590.8
84423,425.55|377.6
84424,588.55|419.35
84425,470.4|282.85
84426,207.05|259.95
84427,589.35|290.35
84428,469.25|548.1
84429,358.0|209.65
84430,277.7|319.15
84431,294.75|515.55
84432,553.35|528.7
84433,208.35|475.7
84434,372.9|569.65
84435,485.55|497.4
84436,338.1|352.6
84437,499.75|470.7
84438,533.7|305.6
84439,462.45|357.2
84440,535.15|530.2
84441,576.8|334.4
84442,397.2|371.2
84443,411.65|336.75
84444,572.9|577.85
84445,479.0|516.7
84446,284.45|337.9
84447,545.85|335.7
84448,581.35|260.4
84449,259.05|253.4
84450,549.85|587.35
84451,218.45|346.6
84452,277.5|331.05
84453,342.7|553.1
84454,456.65|421.65
84455,408.7|274.15
84456,394.2|473.8
84457,547.3|577.95
84458,295.5|528.55
84459,572.8|326.95
84460,245.6|233.2
84461,443.2|590.8
84462,571.75|379.15
84463,407.3|440.45
84464,210.2|330.15
84465,552.2|315.5
84466,582.95|294.45
84467,554.4|292.15
84468,487.6|480.3
84469,416.65|347.05
84470,383.5|404.1
84471,525.75|549.65
84472,283.05|390.25
84473,373.15|502.1
84474,393.05|358.0
84475,261.15|575.75
84476,468.55|334.1
84477,468.55|341.35
84478,358.1|449.7
84479,391.2|279.7
84480,387.15|279.95
84481,508.55|451.2
84482,428.25|229.05
84483,356.0|343.05
84484,587.45|555.55
84485,482.4|251.35
84486,266.6|404.35
84487,253.6|447.35
84488,417.45|272.4
84489,363.0|421.15
84490,212.3|227.1
84491,319.25|343.05
84492,430.85|420.45
84493,215.8|229.45
84494,305.45|426.3
84495,348.25|250.25
84496,316.65|411.55
84497,534.35|294.45
84498,471.5|262.25
84499,411.6|570.55
84500,484.95|369.7
84501,221.75|583.2
84502,258.45|312.0
84503,228.2|408.0
84504,562.0|281.6
84505,469.2|557.4
84506,234.9|583.4
84507,388.9|268.65
84508,348.25|568.4
84509,566.75|226.75
84510,440.85|248.65
84511,245.45|510.05
84512,340.95|278.1
84513,535.45|532.85
84514,567.4|386.75
84515,543.45|314.25
84516,211.55|245.3
84517,209.45|481.65
84518,402.95|459.45
84519,286.4|534.8
84520,363.45|539.75
84521,265.9|426.6
84522,582.9|468.95
84523,348.3|553.8
84524,220.25|406.05
84525,556.8|314.35
84526,416.35|501.35
84527,356.1|442.45
84528,491.35|242.65
84529,396.75|530.0
84530,306.05|389.65
84531,319.95|406.45
84532,355.5|578.2
84533,476.1|340.5
84534,463.8|234.55
84535,222.1|315.9
84536,205.6|442.05
84537,406.75|355.6
84538,351.3|267.45
84539,575.45|556.7
84540,347.35|322.65
84541,211.35|263.25
84542,355.15|451.15
84543,457.45|591.3
84544,560.65|533.0
84545,210.3|564.95
84546,440.15|401.2
84547,247.0|296.75
84548,322.1|409.05
84549,463.45|461.8
84550,435.4|436.9
84551,212.75|480.3
84552,490.35|509.85
84553,569.9|275.35
84554,273.45|308.05
84555,589.5|382.45
84556,589.1|505.2
84557,203.4|463.2
84558,293.2|383.95
84559,351.2|461.4
84560,423.15|335.4
84561,351.25|256.7
84562,374.5|233.05
84563,207.55|505.45
84564,573.8|427.85
84565,465.45|310.25
84566,378.2|393.65
84567,214.8|281.35
84568,572.4|300.85
84569,592.15|253.65
84570,373.35|313.8
84571,211.1|567.15
84572,563.0|592.1
84573,465.7|320.85
84574,432.15|273.1
84575,354.05|290.85
84576,509.0|433.1
84577,584.3|348.2
84578,233.2|473.9
84579,410.15|305.55
84580,373.05|568.2
84581,208.65|520.2
84582,385.3|478.15
84583,214.45|395.1
84584,419.45|387.75
84585,569.05|382.75
84586,351.15|449.45
84587,535.1|558.9
84588,569.3|509.65
84589,520.9|349.0
84590,205.8|475.1
84591,569.0|568.95
84592,590.25|452.65
84593,248.65|327.9
84594,213.45|243.7
84595,483.9|320.2
84596,517.4|479.55
84597,361.9|205.15
84598,219.95|425.9
84599,492.0|216.7
84600,477.55|349.8
84601,428.95|409.4
84602,224.3|314.05
84603,587.0|578.15
84604,473.0|442.35
84605,347.35|219.7
84606,210.6|288.05
84607,518.6|445.5
84608,346.8|267.65
84609,464.75|366.05
84610,593.15|481.2
84611,269.45|547.85
84612,420.4|464.7
84613,405.95|210.1
84614,204.15|471.55
84615,323.95|411.9
84616,395.05|262.65
84617,422.55|376.55
84618,271.15|584.35
84619,579.8|474.1
84620,480.9|304.9
84621,351.05|222.0
84622,269.3|232.6
84623,262.05|533.4
84624,567.25|492.55
84625,437.85|424.7
84626,331.35|332.35
84627,272.9|524.5
84628,378.0|443.95
84629,286.75|367.1
84630,247.85|484.95
84631,427.6|242.85
84632,473.55|484.7
84633,234.05|475.8
84634,352.75|347.85
84635,594.75|422.7
84636,392.45|225.8
84637,404.2|365.1
84638,446.95|584.2
84639,456.05|522.9
84640,299.2|414.15
84641,240.7|266.8
84642,306.3|381.15
84643,558.3|457.35
84644,547.55|579.0
84645,592.3|401.25
84646,319.7|567.0
84647,470.1|356.05
84648,421.55|565.65
84649,541.15|330.35
84650,405.05|527.1
84651,220.8|317.65
84652,436.0|300.55
84653,397.55|497.2
84654,355.9|322.2
84655,580.15|461.0
84656,278.75|574.3
84657,456.1|555.25
84658,468.3|562.35
84659,445.1|585.75
84660,225.05|346.05
84661,530.85|277.85
84662,401.15|505.0
84663,569.0|501.95
84664,221.15|287.2
84665,231.55|306.7
84666,254.65|549.9
84667,371.35|385.85
84668,476.7|241.2
84669,409.7|474.5
84670,216.35|250.15
84671,448.55|224.65
84672,459.7|556.75
84673,522.4|468.35
84674,352.5|389.1
84675,418.7|332.45
84676,584.1|309.1
84677,580.45|509.2
84678,534.3|463.6
84679,546.15|270.7
84680,281.95|440.15
84681,393.2|481.7
84682,239.4|568.95
84683,535.85|296.5
84684,216.85|427.7
84685,211.25|432.3
84686,411.5|455.0
84687,348.8|452.9
84688,353.6|589.6
84689,348.95|217.85
84690,447.0|590.15
84691,495.95|447.05
84692,542.9|335.1
84693,380.1|215.55
84694,273.95|430.7
84695,460.45|468.0
84696,418.75|219.55
84697,552.8|485.4
84698,237.2|578.95
84699,577.4|360.65
84700,498.3|282.7
84701,435.2|318.7
84702,525.9|392.45
84703,552.4|470.05
84704,484.45|345.95
84705,535.2|577.05
84706,398.5|524.35
84707,370.45|441.75
84708,275.05|293.85
84709,511.4|444.6
84710,483.25|370.65
84711,490.25|494.8
84712,440.6|508.4
84713,269.45|386.05
84714,534.75|572.1
84715,593.6|430.1
84716,489.15|256.5
84717,587.6|359.75
84718,469.1|204.85
84719,212.15|243.85
84720,551.65|322.2
84721,443.75|262.05
84722,513.4|276.2
84723,511.95|303.6
84724,578.35|505.95
84725,563.4|568.4
84726,385.75|292.3
84727,225.3|548.4
84728,225.05|450.05
84729,570.2|507.45
84730,565.2|460.65
84731,425.3|334.0
84732,241.5|422.5
84733,213.85|575.2
84734,386.15|279.6
84735,550.95|256.9
84736,366.65|395.1
84737,361.5|280.0
84738,351.2|579.2
84739,435.2|463.85
84740,449.0|448.85
84741,296.05|328.6
84742,335.9|558.1
84743,463.3|556.1
84744,436.05|535.3
84745,252.8|487.95
84746,271.9|416.6
84747,286.35|332.6
84748,384.0|347.05
84749,301.7|392.05
84750,290.7|333.9
84751,532.9|589.4
84752,452.35|453.9
84753,422.75|409.35
84754,238.3|578.75
84755,244.4|340.65
84756,227.1|358.2
84757,246.95|216.75
84758,506.95|380.9
84759,584.05|559.45
84760,373.25|214.9
84761,228.45|468.7
84762,457.35|435.0
84763,342.15|263.25
84764,578.45|272.15
84765,556.6|429.9
84766,397.2|587.5
84767,310.0|402.9
84768,232.7|513.4
84769,256.2|423.3
84770,584.45|583.85
84771,334.55|421.05
84772,350.1|343.35
84773,420.35|347.9
84774,587.65|302.5
84775,231.3|302.4
84776,346.2|498.55
84777,524.25|332.2
84778,329.6|549.25
84779,452.1|369.95
84780,382.6|580.8
84781,549.6|345.65
84782,398.35|580.8
84783,214.85|557.65
84784,425.45|365.4
84785,252.4|383.75
84786,581.8|573.7
84787,222.6|503.6
84788,230.2|530.05
84789,502.05|389.1
84790,555.4|329.7
84791,417.35|497.55
84792,592.6|507.35
84793,448.0|482.6
84794,546.7|239.2
84795,372.05|358.35
84796,398.75|444.45
84797,570.95|435.75
84798,400.95|562.2
84799,590.6|368.65
84800,437.1|337.95
84801,409.65|570.05
84802,215.8|254.5
84803,414.0|522.35
84804,418.0|581.35
84805,397.75|554.45
84806,416.65|228.85
84807,388.8|591.5
84808,593.05|581.05
84809,298.0|402.5
84810,234.95|324.55
84811,306.1|373.05
84812,389.3|568.05
84813,587.9|228.5
84814,593.0|279.35
84815,508.7|510.3
84816,294.15|308.2
84817,524.3|460.85
84818,527.4|249.8
84819,389.8|457.85
84820,230.05|529.85
84821,487.6|294.4
84822,364.95|593.35
84823,387.75|520.95
84824,401.95|209.05
84825,262.15|212.15
84826,579.95|333.25
84827,404.65|208.8
84828,257.25|428.45
84829,393.95|444.0
84830,228.35|252.6
84831,385.85|380.75
84832,225.7|506.75
84833,358.3|330.6
84834,422.95|351.05
84835,292.6|407.0
84836,209.0|582.6
84837,222.6|390.8
84838,251.1|504.45
84839,585.05|317.5
84840,477.3|400.9
84841,275.45|259.35
84842,575.95|226.4
84843,359.6|506.5
84844,382.05|563.0
84845,259.15|524.65
84846,581.85|283.15
84847,407.95|589.95
84848,391.5|255.9
84849,522.65|474.65
84850,293.3|442.55
84851,220.6|466.35
84852,564.6|238.3
84853,364.45|346.5
84854,563.2|299.25
84855,254.75|230.3
84856,471.85|283.9
84857,377.3|239.5
84858,337.6|330.55
84859,404.6|443.2
84860,552.4|587.8
84861,208.05|329.05
84862,207.1|261.4
84863,471.1|311.0
84864,273.7|544.4
84865,430.05|299.55
84866,459.05|231.45
84867,259.6|269.55
84868,364.8|433.75
84869,450.6|348.55
84870,540.0|306.2
84871,439.2|377.85
84872,267.55|408.15
84873,587.8|211.9
84874,395.4|587.6
84875,472.85|212.95
84876,245.7|578.75
84877,351.35|548.4
84878,531.7|302.35
84879,408.55|519.1
84880,442.4|474.0
84881,213.75|406.0
84882,581.8|536.15
84883,394.1|407.3
84884,500.2|359.95
84885,462.05|326.1
84886,454.4|361.65
84887,507.8|551.5
84888,279.25|324.55
84889,354.15|561.9
84890,577.85|248.65
84891,354.55|328.7
84892,215.15|583.3
84893,478.1|487.85
84894,294.2|433.1
84895,272.05|418.2
84896,236.4|216.15
84897,274.85|267.85
84898,355.3|334.25
84899,321.6|343.75
84900,385.25|250.95
84901,532.2|510.55
84902,211.35|559.75
84903,461.65|561.55
84904,581.75|351.05
84905,265.55|287.9
84906,555.85|515.9
84907,255.15|428.1
84908,467.6|305.15
84909,563.55|412.55
84910,461.05|254.1
84911,218.05|524.15
84912,343.85|326.3
84913,210.65|485.3
84914,446.7|566.4
84915,462.5|222.3
84916,254.5|511.8
84917,540.7|527.05
84918,228.9|482.15
84919,262.25|433.25
84920,229.8|469.1
84921,240.05|293.9
84922,556.1|239.55
84923,440.2|487.8
84924,427.7|584.8
84925,433.35|527.05
84926,397.55|483.7
84927,345.2|214.9
84928,545.0|318.05
84929,515.65|494.1
84930,543.25|527.45
84931,549.35|479.3
84932,266.0|317.45
84933,289.5|417.4
84934,508.35|578.5
84935,282.05|285.45
84936,449.6|486.6
84937,559.3|298.0
84938,410.9|282.25
84939,562.2|233.8
84940,441.0|508.65
84941,263.75|303.2
84942,438.8|390.75
84943,426.1|559.15
84944,403.2|306.4
84945,243.6|237.2
84946,431.25|381.35
84947,275.15|234.85
84948,300.95|285.2
84949,586.7|520.25
84950,435.75|591.3
84951,443.35|218.75
84952,271.65|349.4
84953,529.1|438.15
84954,224.15|491.8
84955,419.7|363.25
84956,359.8|461.0
84957,574.95|226.75
84958,463.35|567.05
84959,366.2|253.05
84960,426.3|548.95
84961,376.6|243.65
84962,464.7|224.1
84963,414.25|325.85
84964,236.15|568.25
84965,585.0|367.7
84966,255.35|569.9
84967,377.45|460.75
84968,393.6|382.7
84969,584.85|215.25
84970,402.85|315.05
84971,350.05|330.5
84972,216.85|243.0
84973,355.55|477.85
84974,374.3|384.2
84975,230.05|396.05
84976,407.55|209.2
84977,445.45|475.35
84978,256.1|381.95
84979,569.05|357.9
84980,578.2|400.15
84981,282.7|362.65
84982,226.95|508.35
84983,374.65|584.8
84984,584.5|365.85
84985,463.9|286.1
84986,272.5|235.6
84987,388.55|502.3
84988,353.05|587.45
84989,586.4|568.45
84990,222.65|476.3
84991,376.7|312.65
84992,236.5|440.9
84993,293.25|385.1
84994,589.85|556.4
84995,584.6|514.75
84996,281.05|534.3
84997,430.1|295.85
84998,349.7|593.55
84999,477.9|440.55
85000,392.1|358.85
85001,459.15|337.85
85002,460.65|304.85
85003,532.3|391.0
85004,459.4|330.35
85005,254.95|474.0
85006,577.85|243.5
85007,374.05|584.6
85008,391.15|275.2
85009,356.5|331.4
85010,312.65|538.2
85011,482.7|492.0
85012,467.55|321.35
85013,589.0|362.15
85014,318.2|334.1
85015,456.3|244.7
85016,309.8|266.0
85017,266.45|326.05
85018,528.6|583.45
85019,256.65|257.8
85020,574.3|501.2
85021,393.7|213.65
85022,461.7|546.15
85023,376.2|404.5
85024,236.75|286.85
85025,421.3|587.4
85026,218.35|434.65
85027,548.4|536.6
85028,249.05|415.15
85029,585.35|360.4
85030,268.45|400.5
85031,437.85|484.65
85032,557.7|315.85
85033,463.65|374.2
85034,395.85|486.8
85035,579.75|341.2
85036,542.4|338.45
85037,468.7|225.7
85038,571.45|515.75
85039,213.45|584.0
85040,247.3|362.55
85041,392.15|223.25
85042,312.15|391.85
85043,253.55|483.9
85044,531.45|562.05
85045,409.25|409.0
85046,482.05|506.45
85047,579.45|393.9
85048,377.3|404.65
85049,559.05|475.5
85050,585.05|362.75
85051,253.3|231.85
85052,338.55|232.1
85053,449.9|558.4
85054,385.55|318.55
85055,219.05|499.55
85056,498.8|327.7
85057,419.9|410.95
85058,401.7|496.05
85059,448.75|384.7
85060,286.45|446.45
85061,464.15|449.85
85062,392.6|278.15
85063,263.5|263.3
85064,443.85|377.3
85065,452.5|511.55
85066,591.8|489.55
85067,210.95|485.55
85068,265.6|578.7
85069,565.45|490.8
85070,213.25|257.95
85071,283.3|561.0
85072,347.95|244.8
85073,382.6|565.0
85074,212.15|571.4
85075,222.0|478.0
85076,377.15|335.8
85077,382.4|559.95
85078,575.65|265.0
85079,416.2|369.25
85080,343.35|424.7
85081,435.45|508.05
85082,460.3|285.85
85083,398.55|570.85
85084,527.5|533.55
85085,399.45|537.05
85086,418.3|351.7
85087,290.1|345.85
85088,223.1|537.55
85089,447.85|399.75
85090,356.15|209.3
85091,373.9|255.55
85092,570.1|242.95
85093,386.25|234.85
85094,363.5|386.55
85095,336.2|213.3
85096,583.6|384.05
85097,216.2|288.5
85098,212.3|587.55
85099,236.65|279.25
85100,351.4|392.5
85101,475.6|340.2
85102,278.8|441.15
85103,229.2|590.15
85104,400.35|559.75
85105,446.9|383.35
85106,339.0|388.8
85107,433.3|235.85
85108,459.95|376.8
85109,255.55|578.05
85110,363.0|348.45
85111,279.95|339.7
85112,583.3|218.7
85113,562.4|335.3
85114,477.15|511.25
85115,267.0|227.1
85116,323.7|320.1
85117,396.1|329.8
85118,582.85|376.05
85119,353.9|373.95
85120,270.6|381.85
85121,478.6|267.1
85122,402.05|233.65
85123,399.6|572.6
85124,373.25|508.15
85125,450.85|590.75
85126,353.4|505.7
85127,577.6|439.0
85128,466.85|528.0
85129,461.05|472.35
85130,527.85|517.35
85131,431.1|451.7
85132,283.05|407.3
85133,486.35|522.3
85134,340.95|262.05
85135,471.65|332.2
85136,223.4|585.5
85137,541.3|522.1
85138,350.05|258.3
85139,381.25|271.55
85140,253.4|432.9
85141,591.4|296.05
85142,452.6|227.2
85143,351.1|444.05
85144,271.9|424.0
85145,374.1|361.6
85146,588.1|210.05
85147,287.1|318.45
85148,326.95|543.75
85149,541.95|413.95
85150,465.85|494.1
85151,320.55|418.0
85152,272.8|559.55
85153,579.8|350.95
85154,476.3|367.85
85155,437.8|371.3
85156,221.55|368.25
85157,384.65|309.25
85158,495.1|281.1
85159,339.7|340.7
85160,409.65|323.65
85161,359.9|212.8
85162,456.05|234.1
85163,390.35|250.35
85164,249.7|508.8
85165,447.95|363.05
85166,440.3|434.1
85167,256.15|554.25
85168,258.6|425.3
85169,465.45|281.05
85170,527.65|570.95
85171,286.1|484.1
85172,334.35|310.4
85173,290.45|460.6
85174,338.4|317.4
85175,261.95|515.45
85176,555.2|539.25
85177,463.1|359.55
85178,426.45|452.65
85179,285.45|477.45
85180,590.8|217.55
85181,591.45|429.6
85182,386.25|284.55
85183,273.6|429.35
85184,268.1|552.65
85185,422.35|311.8
85186,252.3|441.55
85187,496.35|350.55
85188,571.85|301.0
85189,446.1|268.15
85190,340.1|223.35
85191,582.8|258.35
85192,457.8|381.1
85193,460.5|226.2
85194,566.5|224.75
85195,379.6|232.75
85196,220.5|226.2
85197,549.05|529.15
85198,448.3|408.65
85199,577.2|311.6
85200,281.5|402.7
85201,417.15|535.8
85202,297.4|569.2
85203,581.15|526.55
85204,553.35|233.15
85205,377.55|266.4
85206,224.85|226.3
85207,242.4|363.05
85208,441.0|408.25
85209,287.1|330.5
85210,343.3|332.8
85211,554.2|571.0
85212,373.7|394.4
85213,533.6|276.25
85214,240.35|451.2
85215,246.15|252.75
85216,536.5|507.35
85217,261.8|250.45
85218,330.7|573.8
85219,457.6|349.8
85220,240.45|516.35
85221,319.3|334.75
85222,361.8|437.75
85223,458.15|541.55
85224,448.6|496.0
85225,565.75|400.65
85226,589.25|563.1
85227,277.15|566.9
85228,447.65|495.65
85229,232.7|311.95
85230,288.55|450.75
85231,372.5|335.4
85232,345.8|248.25
85233,572.85|436.9
85234,491.25|300.5
85235,566.15|245.3
85236,448.85|585.55
85237,408.55|221.75
85238,555.3|350.3
85239,593.75|399.55
85240,441.05|342.05
85241,590.2|229.9
85242,558.4|441.75
85243,593.1|286.9
85244,362.85|247.0
85245,419.1|353.85
85246,353.95|233.4
85247,546.3|557.7
85248,470.75|328.9
85249,559.85|378.0
85250,382.1|581.6
85251,503.5|443.9
85252,591.95|366.7
85253,214.5|286.8
85254,213.8|404.0
85255,566.65|516.7
85256,332.0|315.8
85257,571.85|585.1
85258,361.3|264.0
85259,396.3|266.0
85260,387.0|583.85
85261,260.45|264.2
85262,587.65|453.0
85263,254.5|216.45
85264,577.35|447.25
85265,271.55|239.05
85266,264.6|287.95
85267,476.35|552.2
85268,249.3|583.2
85269,486.3|348.15
85270,465.9|459.5
85271,427.05|305.55
85272,400.25|525.6
85273,268.3|509.45
85274,207.6|584.1
85275,457.35|262.9
85276,208.9|525.9
85277,459.0|475.65
85278,404.85|441.45
85279,389.75|486.65
85280,444.8|546.3
85281,474.55|219.2
85282,284.4|503.35
85283,410.55|381.75
85284,246.45|548.1
85285,216.55|515.5
85286,272.85|589.5
85287,583.0|517.3
85288,337.45|574.75
85289,452.3|559.15
85290,396.35|256.8
85291,213.5|498.15
85292,395.0|351.7
85293,575.35|392.25
85294,387.05|476.1
85295,427.1|493.15
85296,237.55|233.8
85297,435.15|472.3
85298,400.1|531.2
85299,460.25|346.7
85300,252.25|575.75
85301,274.85|346.6
85302,572.55|540.9
85303,474.2|585.7
85304,464.7|543.1
85305,357.7|397.2
85306,225.9|229.55
85307,566.95|296.55
85308,411.15|337.3
85309,215.65|380.65
85310,488.75|467.35
85311,386.2|484.65
85312,234.8|298.2
85313,484.4|509.25
85314,454.1|526.8
85315,379.1|526.65
85316,547.55|392.7
85317,401.05|259.3
85318,260.3|421.55
85319,542.95|244.35
85320,467.45|541.65
85321,351.3|547.65
85322,532.4|463.15
85323,296.55|404.15
85324,590.7|240.8
85325,279.65|271.2
85326,363.65|412.3
85327,588.6|441.75
85328,443.45|456.5
85329,346.8|588.7
85330,591.3|540.0
85331,398.4|585.7
85332,222.7|237.2
85333,408.6|255.8
85334,577.7|335.3
85335,254.3|555.35
85336,468.65|462.3
85337,434.65|263.6
85338,376.35|263.55
85339,537.95|218.9
85340,223.25|283.8
85341,421.2|361.8
85342,227.95|465.65
85343,211.1|309.9
85344,477.65|591.5
85345,468.45|462.55
85346,455.2|384.55
85347,278.4|287.4
85348,210.2|504.65
85349,216.7|306.25
85350,441.45|529.05
85351,230.4|488.6
85352,353.25|242.5
85353,534.25|327.05
85354,433.9|322.0
85355,301.75|338.45
85356,517.0|433.2
85357,249.7|349.3
85358,370.45|596.4
85359,473.05|341.85
85360,424.4|378.55
85361,416.05|396.3
85362,371.65|253.9
85363,390.35|335.1
85364,433.65|241.75
85365,589.45|510.15
85366,253.15|583.45
85367,332.1|327.2
85368,256.45|418.65
85369,353.05|449.55
85370,360.8|548.35
85371,220.35|580.95
85372,442.0|221.75
85373,580.05|447.05
85374,222.9|413.75
85375,243.95|346.55
85376,574.5|486.35
85377,273.0|265.4
85378,446.25|589.9
85379,318.6|355.9
85380,541.0|587.15
85381,473.95|330.1
85382,418.5|404.75
85383,481.0|532.05
85384,262.45|275.4
85385,224.85|384.85
85386,572.7|499.7
85387,408.7|288.85
85388,212.0|231.15
85389,559.6|280.95
85390,235.05|416.15
85391,471.05|561.6
85392,220.1|240.45
85393,580.95|344.1
85394,345.45|233.4
85395,458.7|427.1
85396,429.6|251.9
85397,262.8|352.25
85398,332.4|327.1
85399,431.55|580.55
85400,284.0|481.75
85401,502.1|464.65
85402,358.4|453.95
85403,537.0|385.15
85404,345.7|425.35
85405,516.55|483.35
85406,591.75|591.2
85407,402.65|489.1
85408,390.5|215.45
85409,335.7|373.0
85410,464.7|416.75
85411,541.9|459.85
85412,462.3|431.75
85413,339.75|261.75
85414,372.3|487.8
85415,245.4|393.95
85416,417.85|305.4
85417,361.45|321.35
85418,500.85|302.6
85419,279.85|380.65
85420,297.6|341.4
85421,543.25|226.1
85422,339.6|335.5
85423,439.6|507.65
85424,272.7|576.9
85425,549.15|488.6
85426,241.8|257.7
85427,440.2|545.4
85428,495.65|227.15
85429,341.5|374.95
85430,281.15|330.65
85431,451.25|474.3
85432,485.6|441.05
85433,449.1|238.95
85434,400.7|308.3
85435,543.9|409.85
85436,235.85|417.8
85437,379.8|285.95
85438,593.25|276.0
85439,431.95|317.1
85440,422.55|349.15
85441,345.1|449.9
85442,440.05|552.5
85443,388.75|207.7
85444,209.05|436.95
85445,240.05|286.95
85446,584.1|572.85
85447,553.75|514.35
85448,262.55|420.45
85449,450.75|221.35
85450,403.75|543.25
85451,401.45|228.3
85452,309.75|505.35
85453,300.2|330.6
85454,593.7|416.1
85455,233.15|468.45
85456,566.7|425.3
85457,337.15|251.95
85458,215.4|272.15
85459,471.05|288.4
85460,387.3|462.7
85461,449.35|589.15
85462,301.95|404.15
85463,580.4|220.8
85464,406.65|583.0
85465,533.65|495.95
85466,564.65|501.95
85467,221.65|518.6
85468,527.15|459.75
85469,347.35|442.95
85470,280.7|531.75
85471,218.95|443.8
85472,524.65|342.65
85473,266.5|450.75
85474,576.65|289.95
85475,385.85|213.4
85476,222.35|222.75
85477,348.4|350.95
85478,593.8|359.4
85479,577.95|277.2
85480,467.3|342.4
85481,545.05|523.15
85482,475.2|236.95
85483,295.9|407.65
85484,207.3|517.5
85485,345.7|286.25
85486,367.65|573.8
85487,442.65|540.95
85488,367.65|380.55
85489,426.5|385.45
85490,370.45|364.3
85491,234.4|475.15
85492,529.2|429.2
85493,273.85|237.2
85494,434.9|409.4
85495,555.55|554.95
85496,555.1|517.35
85497,538.75|356.85
85498,221.35|289.15
85499,214.4|578.05
85500,384.35|393.4
85501,386.95|264.65
85502,236.15|427.6
85503,351.15|551.5
85504,362.15|333.4
85505,458.85|440.55
85506,459.85|257.05
85507,289.45|326.05
85508,248.1|325.15
85509,397.05|538.8
85510,465.2|215.75
85511,413.6|588.2
85512,388.7|405.65
85513,207.75|280.75
85514,581.3|589.65
85515,402.05|593.6
85516,365.2|357.05
85517,346.35|549.65
85518,468.05|330.4
85519,378.65|393.2
85520,453.9|566.8
85521,446.4|271.05
85522,241.15|274.35
85523,237.55|410.95
85524,207.25|540.35
85525,365.9|549.0
85526,554.2|366.75
85527,225.7|503.35
85528,241.0|481.4
85529,230.85|376.6
85530,296.6|400.3
85531,458.85|587.9
85532,482.4|487.8
85533,242.7|555.1
85534,241.65|407.7
85535,566.25|279.95
85536,417.55|563.15
85537,339.9|566.95
85538,442.2|591.95
85539,540.2|467.5
85540,208.6|537.1
85541,302.2|532.85
85542,542.45|340.65
85543,401.55|549.95
85544,456.65|379.5
85545,422.35|346.4
85546,357.9|540.85
85547,245.85|369.1
85548,495.1|358.55
85549,543.1|441.65
85550,219.55|299.4
85551,338.45|420.05
85552,381.95|213.1
85553,537.05|423.9
85554,494.55|231.6
85555,579.5|221.8
85556,357.75|576.6
85557,574.35|485.9
85558,411.95|211.3
85559,552.0|353.75
85560,466.2|322.15
85561,301.65|428.7
85562,519.65|550.45
85563,246.65|469.9
85564,347.35|524.6
85565,228.25|226.75
85566,378.55|270.05
85567,253.65|296.25
85568,276.65|224.35
85569,427.05|476.65
85570,321.0|364.3
85571,465.85|481.25
85572,272.35|258.35
85573,445.75|319.7
85574,566.45|514.85
85575,431.9|388.85
85576,575.35|520.95
85577,399.95|563.2
85578,278.05|356.4
85579,255.05|341.95
85580,574.65|412.9
85581,416.35|303.1
85582,420.35|380.6
85583,324.35|323.6
85584,589.0|462.65
85585,453.9|243.35
85586,540.75|238.4
85587,435.25|380.4
85588,448.1|515.85
85589,456.2|548.65
85590,246.75|563.0
85591,363.3|555.8
85592,365.3|275.45
85593,279.6|300.1
85594,281.85|425.5
85595,435.1|375.45
85596,344.1|433.55
85597,519.85|340.4
85598,210.35|229.65
85599,498.85|516.7
85600,587.4|439.85
85601,586.45|302.4
85602,545.6|316.6
85603,266.75|566.6
85604,401.15|463.4
85605,575.65|363.4
85606,322.5|411.3
85607,461.2|254.75
85608,524.2|241.05
85609,248.65|553.35
85610,563.9|274.9
85611,236.7|427.05
85612,531.95|396.85
85613,596.35|415.9
85614,211.45|570.65
85615,287.3|336.6
85616,232.65|583.1
85617,462.9|590.1
85618,442.0|514.1
85619,518.65|346.85
85620,464.4|310.85
85621,546.7|333.9
85622,354.75|337.65
85623,333.7|502.4
85624,578.6|481.4
85625,430.85|423.05
85626,518.45|515.9
85627,388.6|226.35
85628,529.05|415.65
85629,241.95|301.05
85630,376.1|548.8
85631,371.95|397.55
85632,377.5|347.6
85633,233.9|258.05
85634,525.95|537.9
85635,414.15|221.65
85636,593.15|370.55
85637,473.0|309.1
85638,427.7|447.1
85639,344.55|334.75
85640,440.0|360.35
85641,240.1|488.5
85642,456.45|551.3
85643,238.25|224.9
85644,456.15|268.15
85645,406.2|545.75
85646,489.1|349.4
85647,249.8|366.2
85648,307.1|401.2
85649,362.65|257.0
85650,325.35|354.25
85651,406.7|237.7
85652,283.0|385.8
85653,363.8|276.35
85654,536.95|513.4
85655,238.7|592.95
85656,368.75|568.05
85657,575.5|504.95
85658,244.55|589.7
85659,546.2|522.9
85660,467.4|255.15
85661,267.6|545.05
85662,541.35|477.65
85663,261.1|580.9
85664,567.45|549.05
85665,330.55|554.65
85666,399.9|255.1
85667,313.2|484.05
85668,556.95|475.55
85669,291.55|374.95
85670,293.3|416.5
85671,209.6|554.85
85672,351.3|506.1
85673,424.1|324.5
85674,360.05|265.0
85675,317.8|362.55
85676,422.55|487.75
85677,579.8|395.45
85678,471.95|224.05
85679,542.7|401.0
85680,473.25|237.7
85681,589.95|501.45
85682,365.95|451.8
85683,465.05|451.3
85684,468.65|360.55
85685,229.2|448.95
85686,285.45|356.6
85687,215.05|412.0
85688,570.05|304.95
85689,271.5|411.05
85690,236.4|496.95
85691,381.2|390.65
85692,241.05|264.2
85693,231.1|446.9
85694,473.1|456.3
85695,211.5|234.25
85696,423.85|586.2
85697,516.15|457.1
85698,218.45|324.95
85699,499.15|443.95
85700,575.25|335.55
85701,260.0|248.3
85702,391.85|594.65
85703,212.05|474.95
85704,587.35|566.55
85705,256.75|283.55
85706,260.9|278.15
85707,370.5|280.3
85708,233.1|481.05
85709,391.05|473.1
85710,216.15|476.35
85711,577.95|306.15
85712,384.75|551.1
85713,349.25|494.7
85714,587.45|553.5
85715,578.45|404.9
85716,393.2|267.6
85717,593.55|588.0
85718,319.9|586.2
85719,351.6|451.05
85720,447.65|357.35
85721,242.3|360.6
85722,570.85|256.0
85723,576.9|531.65
85724,393.05|585.2
85725,344.75|568.55
85726,520.05|269.45
85727,211.65|499.4
85728,264.15|214.3
85729,293.45|366.9
85730,544.85|318.85
85731,395.6|473.4
85732,371.25|302.75
85733,208.45|384.25
85734,467.7|287.15
85735,270.95|585.35
85736,394.55|471.15
85737,350.25|447.35
85738,283.75|512.9
85739,490.1|473.7
85740,545.8|244.05
85741,214.55|245.9
85742,294.75|431.55
85743,558.75|230.5
85744,347.6|449.95
85745,217.85|325.45
85746,557.6|360.15
85747,276.95|424.75
85748,369.95|275.35
85749,218.5|227.95
85750,402.35|273.8
85751,416.95|580.55
85752,362.35|294.35
85753,238.6|471.45
85754,237.05|398.25
85755,273.3|220.75
85756,396.1|254.0
85757,380.25|493.65
85758,561.05|284.4
85759,390.05|336.7
85760,571.4|447.55
85761,509.05|493.4
85762,494.05|231.4
85763,258.15|235.65
85764,557.25|303.95
85765,428.35|579.55
85766,481.1|466.05
85767,458.2|357.8
85768,572.0|340.95
85769,398.65|495.4
85770,276.0|435.1
85771,257.0|271.2
85772,275.3|259.1
85773,588.5|496.85
85774,292.8|498.65
85775,403.4|309.5
85776,279.2|478.3
85777,402.15|501.25
85778,463.55|277.3
85779,382.55|277.6
85780,386.75|286.05
85781,394.3|473.7
85782,471.45|266.95
85783,374.8|402.75
85784,591.6|269.3
85785,282.9|586.6
85786,581.5|385.6
85787,391.75|583.2
85788,401.9|241.65
85789,287.2|578.75
85790,383.95|367.1
85791,220.3|392.05
85792,348.9|220.75
85793,361.45|273.45
85794,576.45|293.75
85795,447.95|586.4
85796,466.1|561.6
85797,362.0|349.75
85798,393.95|355.8
85799,354.6|530.8
85800,589.15|292.25
85801,398.95|238.25
85802,538.85|247.15
85803,584.0|325.3
85804,587.9|354.85
85805,429.95|370.85
85806,277.2|595.6
85807,588.45|265.2
85808,442.7|519.25
85809,571.15|338.7
85810,338.75|251.7
85811,549.1|280.1
85812,497.65|370.7
85813,384.25|558.9
85814,228.8|247.15
85815,220.95|217.8
85816,295.05|394.55
85817,397.8|589.5
85818,268.1|584.9
85819,246.0|379.95
85820,467.9|404.15
85821,361.0|509.0
85822,573.1|593.2
85823,537.25|284.45
85824,315.25|324.25
85825,507.8|466.2
85826,395.55|238.75
85827,313.05|500.0
85828,341.65|266.0
85829,547.25|351.0
85830,566.4|263.0
85831,460.55|480.55
85832,572.4|423.3
85833,253.35|471.1
85834,586.85|593.05
85835,408.55|352.7
85836,585.8|366.65
85837,530.3|517.4
85838,346.35|471.8
85839,248.9|545.5
85840,463.95|491.45
85841,290.25|350.15
85842,560.95|318.0
85843,254.15|227.15
85844,483.2|393.2
85845,577.15|233.0
85846,418.55|355.3
85847,321.2|321.5
85848,425.3|294.1
85849,474.75|469.15
85850,474.85|483.35
85851,579.85|502.65
85852,548.1|299.8
85853,564.2|519.0
85854,216.05|303.85
85855,407.25|456.2
85856,224.15|494.15
85857,425.15|582.65
85858,594.15|265.85
85859,435.25|404.4
85860,217.35|502.05
85861,552.65|278.65
85862,348.95|241.75
85863,444.0|579.6
85864,300.15|377.55
85865,343.2|343.95
85866,567.7|570.75
85867,439.3|223.7
85868,401.8|509.85
85869,272.6|510.4
85870,411.0|522.9
85871,440.1|392.95
85872,578.05|221.6
85873,254.25|569.05
85874,566.75|440.9
85875,548.1|582.9
85876,569.25|478.8
85877,385.15|390.5
85878,472.25|345.25
85879,285.5|430.75
85880,244.15|561.6
85881,479.3|470.55
85882,214.4|319.05
85883,587.3|305.4
85884,255.15|525.55
85885,271.65|385.4
85886,373.85|584.95
85887,525.3|520.85
85888,369.0|313.0
85889,446.8|382.5
85890,564.85|483.5
85891,480.6|211.8
85892,348.25|561.15
85893,226.85|415.65
85894,368.15|486.8
85895,223.75|468.5
85896,394.45|471.05
85897,271.95|255.95
85898,459.45|509.2
85899,423.9|217.9
85900,261.35|542.2
85901,440.65|437.9
85902,353.8|443.45
85903,574.15|490.7
85904,562.55|488.2
85905,361.6|350.65
85906,226.55|502.4
85907,525.75|431.1
85908,292.3|385.45
85909,338.0|347.2
85910,556.15|427.05
85911,214.8|472.2
85912,221.9|501.35
85913,266.4|430.65
85914,455.3|400.05
85915,533.4|458.8
85916,532.65|547.0
85917,403.0|582.45
85918,219.6|476.3
85919,271.15|469.2
85920,443.7|317.75
85921,277.55|476.7
85922,483.75|444.05
85923,386.1|357.05
85924,356.1|580.8
85925,213.5|407.35
85926,478.75|304.15
85927,466.8|224.95
85928,370.4|223.7
85929,276.5|461.85
85930,412.1|288.3
85931,495.25|376.85
85932,288.55|530.4
85933,449.15|226.8
85934,341.55|574.15
85935,539.75|557.35
85936,367.95|333.35
85937,359.9|409.85
85938,235.6|365.9
85939,282.95|330.75
85940,220.1|399.9
85941,385.6|585.2
85942,435.55|315.85
85943,221.1|496.8
85944,264.25|386.1
85945,555.6|455.95
85946,449.5|297.55
85947,454.95|594.4
85948,214.8|398.2
85949,211.05|466.45
85950,209.1|587.3
85951,290.55|338.3
85952,570.45|439.9
85953,308.15|322.05
85954,484.2|478.4
85955,395.95|473.6
85956,455.55|583.55
85957,445.3|236.45
85958,453.15|267.3
85959,416.8|389.65
85960,363.15|537.55
85961,577.2|547.35
85962,401.5|314.8
85963,450.15|235.15
85964,280.0|235.15
85965,470.2|511.25
85966,575.55|585.25
85967,340.55|333.35
85968,295.05|588.15
85969,231.85|535.0
85970,563.9|250.85
85971,465.05|525.8
85972,480.8|543.4
85973,455.3|568.5
85974,452.85|539.65
85975,278.65|309.35
85976,529.95|433.1
85977,448.15|562.6
85978,384.7|207.55
85979,461.2|463.8
85980,260.9|563.7
85981,435.35|435.6
85982,405.0|511.65
85983,280.2|462.25
85984,578.05|535.45
85985,353.2|226.15
85986,295.6|527.55
85987,475.1|277.3
85988,229.5|428.9
85989,364.45|375.35
85990,375.7|418.85
85991,587.15|338.15
85992,402.25|249.95
85993,569.65|544.8
85994,379.35|573.65
85995,225.4|492.85
85996,311.55|398.1
85997,555.25|325.1
85998,349.25|314.9
85999,215.35|268.35
86000,277.45|422.8
86001,514.3|510.1
86002,212.3|586.1
86003,574.85|466.7
86004,417.75|432.9
86005,481.65|475.75
86006,511.65|357.25
86007,553.95|332.35
86008,454.3|576.0
86009,410.1|242.45
86010,562.65|473.25
86011,250.55|575.55
86012,473.9|227.7
86013,231.05|439.95
86014,448.5|399.85
86015,450.6|469.45
86016,320.25|365.75
86017,433.5|217.3
86018,225.55|434.65
86019,289.45|346.25
86020,400.5|364.05
86021,576.45|214.4
86022,258.9|512.75
86023,590.5|267.6
86024,539.75|522.6
86025,414.45|236.45
86026,237.0|344.95
86027,440.8|442.9
86028,424.8|477.2
86029,445.2|539.45
86030,586.05|270.3
86031,382.4|320.95
86032,372.7|555.8
86033,585.25|290.8
86034,338.6|539.0
86035,465.9|394.1
86036,437.4|513.9
86037,268.35|483.85
86038,467.95|305.8
86039,462.55|500.95
86040,532.75|426.2
86041,538.05|447.1
86042,405.7|430.95
86043,406.7|344.65
86044,282.55|556.4
86045,422.75|588.1
86046,440.2|553.5
86047,475.0|321.4
86048,347.2|425.4
86049,394.65|501.8
86050,448.45|462.7
86051,522.25|496.5
86052,546.85|258.75
86053,335.85|509.8
86054,288.05|534.4
86055,478.4|276.5
86056,467.15|479.6
86057,524.8|569.85
86058,226.3|470.25
86059,239.15|429.1
86060,565.05|338.6
86061,409.5|398.25
86062,432.7|375.5
86063,243.6|490.8
86064,592.6|283.65
86065,348.4|322.45
86066,463.85|376.55
86067,285.3|549.2
86068,353.65|553.5
86069,417.2|292.15
86070,409.3|391.5
86071,275.5|275.4
86072,408.15|538.95
86073,490.25|353.25
86074,268.5|334.15
86075,341.75|571.35
86076,534.3|294.95
86077,526.85|533.5
86078,559.3|326.0
86079,421.8|241.35
86080,252.95|320.05
86081,376.5|268.0
86082,447.1|476.0
86083,287.2|460.85
86084,472.9|427.05
86085,235.05|475.6
86086,455.05|560.0
86087,291.4|478.05
86088,526.95|521.1
86089,409.95|531.6
86090,370.65|475.55
86091,304.9|275.3
86092,409.75|471.75
86093,364.75|489.6
86094,395.7|255.65
86095,397.0|502.0
86096,256.1|494.0
86097,272.3|573.85
86098,517.55|442.45
86099,345.75|323.3
86100,590.0|586.75
86101,213.85|266.3
86102,383.7|222.65
86103,516.5|449.15
86104,352.55|224.6
86105,286.85|457.75
86106,573.2|458.6
86107,272.25|428.75
86108,459.2|315.35
86109,467.75|459.8
86110,468.15|502.9
86111,253.65|554.8
86112,366.3|564.15
86113,439.75|505.3
86114,380.0|482.7
86115,269.0|292.5
86116,215.4|316.7
86117,210.0|580.45
86118,244.5|241.7
86119,390.6|331.65
86120,256.65|399.65
86121,398.05|285.05
86122,211.25|577.9
86123,243.5|540.95
86124,352.4|217.2
86125,350.7|400.45
86126,510.2|442.75
86127,574.1|509.1
86128,570.15|470.25
86129,298.8|344.4
86130,449.15|503.85
86131,403.9|541.75
86132,437.75|514.6
86133,591.35|564.1
86134,467.2|523.7
86135,467.45|553.35
86136,354.35|244.6
86137,434.55|382.75
86138,555.3|456.65
86139,261.0|409.15
86140,536.9|587.9
86141,407.35|230.75
86142,378.8|256.3
86143,411.1|563.75
86144,547.4|502.05
86145,584.1|442.4
86146,343.9|205.35
86147,591.65|265.35
86148,453.5|385.45
86149,351.2|390.9
86150,417.8|378.0
86151,293.25|387.8
86152,474.9|366.8
86153,397.05|572.45
86154,414.65|446.5
86155,339.3|212.85
86156,402.35|535.15
86157,589.7|501.95
86158,574.5|591.9
86159,544.6|326.4
86160,419.65|347.35
86161,258.55|275.9
86162,459.5|267.1
86163,414.75|388.35
86164,428.55|526.05
86165,487.6|510.5
86166,544.75|348.25
86167,372.4|491.75
86168,296.85|413.15
86169,375.25|491.0
86170,408.85|361.3
86171,234.35|541.6
86172,470.8|257.4
86173,406.05|556.6
86174,226.3|576.8
86175,407.55|356.85
86176,212.95|329.1
86177,414.95|541.95
86178,412.95|236.35
86179,476.55|326.9
86180,264.1|220.65
86181,555.1|238.55
86182,423.8|571.4
86183,210.85|588.5
86184,565.65|220.65
86185,252.9|411.75
86186,391.6|309.35
86187,246.5|576.25
86188,343.2|522.45
86189,261.05|416.55
86190,448.4|574.95
86191,360.05|462.15
86192,474.2|282.25
86193,474.5|369.7
86194,521.0|490.9
86195,396.1|217.1
86196,369.65|582.15
86197,222.25|495.25
86198,287.55|264.1
86199,249.9|305.95
86200,573.2|470.85
86201,207.1|521.0
86202,338.1|242.95
86203,292.35|408.15
86204,287.95|330.45
86205,353.7|594.15
86206,358.2|587.7
86207,433.55|382.45
86208,543.55|552.25
86209,320.55|364.45
86210,360.95|440.15
86211,292.55|334.6
86212,229.0|348.8
86213,272.05|247.15
86214,462.6|467.6
86215,454.5|494.4
86216,257.8|573.55
86217,593.95|422.3
86218,286.25|300.25
86219,275.8|270.1
86220,331.1|526.3
86221,447.7|440.05
86222,278.25|564.9
86223,428.2|216.45
86224,433.7|578.3
86225,297.95|324.15
86226,397.5|534.2
86227,269.5|587.35
86228,587.7|568.25
86229,257.35|244.6
86230,407.5|507.9
86231,248.85|532.75
86232,427.9|255.95
86233,366.6|240.5
86234,222.15|386.8
86235,557.1|309.05
86236,421.75|282.35
86237,465.65|462.95
86238,419.3|374.9
86239,389.45|390.95
86240,378.25|236.45
86241,586.35|551.05
86242,360.0|377.5
86243,348.9|347.5
86244,281.65|566.45
86245,356.4|258.0
86246,528.75|485.9
86247,211.4|528.6
86248,402.15|393.65
86249,466.4|369.25
86250,541.75|270.25
86251,412.6|588.6
86252,479.2|506.1
86253,291.45|365.6
86254,524.55|488.3
86255,225.9|298.05
86256,401.25|567.65
86257,399.05|575.75
86258,289.9|358.7
86259,537.15|276.45
86260,253.15|257.55
86261,381.1|234.7
86262,256.4|264.4
86263,590.1|424.65
86264,433.95|581.3
86265,534.45|537.85
86266,266.5|576.4
86267,324.0|403.6
86268,257.15|547.75
86269,485.45|463.55
86270,215.5|439.1
86271,283.1|326.55
86272,506.6|292.1
86273,592.8|414.85
86274,211.0|587.7
86275,570.2|480.5
86276,363.95|219.75
86277,291.95|395.35
86278,370.65|354.55
86279,240.1|569.95
86280,441.5|299.55
86281,458.7|467.25
86282,383.75|498.6
86283,231.7|567.85
86284,291.4|595.8
86285,351.2|464.75
86286,589.6|345.95
86287,591.95|494.75
86288,356.15|432.75
86289,261.65|503.2
86290,401.05|239.75
86291,524.45|415.65
86292,382.1|259.05
86293,515.6|481.05
86294,593.35|209.1
86295,434.75|403.65
86296,401.3|266.0
86297,588.45|389.85
86298,588.0|225.9
86299,348.65|580.65
86300,220.7|237.85
86301,395.5|498.65
86302,353.45|311.95
86303,337.25|374.3
86304,535.35|319.35
86305,483.3|510.65
86306,438.95|589.75
86307,420.75|210.75
86308,250.2|534.7
86309,413.6|511.35
86310,409.6|365.8
86311,266.25|547.8
86312,369.65|560.45
86313,257.9|236.9
86314,571.2|494.45
86315,219.1|485.9
86316,213.55|350.95
86317,480.35|243.7
86318,301.65|400.3
86319,547.7|553.35
86320,347.0|331.45
86321,329.55|525.65
86322,524.25|234.7
86323,354.75|212.45
86324,555.6|426.9
86325,555.8|457.75
86326,220.65|260.45
86327,212.85|510.25
86328,214.5|305.6
86329,287.7|367.25
86330,581.95|392.2
86331,229.85|268.3
86332,263.0|537.8
86333,399.1|367.0
86334,382.9|297.15
86335,241.4|235.75
86336,341.85|566.15
86337,523.85|437.6
86338,229.1|500.85
86339,407.25|572.25
86340,224.5|492.6
86341,517.05|416.3
86342,345.9|265.8
86343,209.95|377.55
86344,447.65|515.0
86345,407.05|562.1
86346,516.2|345.05
86347,437.55|416.25
86348,325.3|213.8
86349,476.55|539.35
86350,283.8|534.65
86351,398.3|543.15
86352,527.5|503.75
86353,588.6|580.55
86354,420.55|554.8
86355,404.8|236.9
86356,577.85|296.5
86357,552.8|235.75
86358,543.55|331.55
86359,519.9|579.7
86360,536.8|539.1
86361,439.25|244.75
86362,587.4|298.5
86363,242.1|487.45
86364,216.8|299.7
86365,454.85|228.9
86366,581.2|399.0
86367,237.6|379.45
86368,352.1|501.1
86369,536.75|459.35
86370,360.65|304.65
86371,255.45|378.5
86372,553.2|297.35
86373,467.55|377.85
86374,448.2|512.35
86375,525.35|346.35
86376,572.4|462.05
86377,502.65|350.0
86378,391.7|236.9
86379,575.6|503.25
86380,228.55|588.35
86381,459.1|558.05
86382,518.65|303.5
86383,400.6|270.15
86384,364.55|584.95
86385,402.4|405.95
86386,397.05|490.4
86387,381.3|273.25
86388,474.05|275.85
86389,254.0|481.05
86390,588.7|567.45
86391,352.6|529.35
86392,244.7|219.8
86393,542.1|285.8
86394,391.1|510.0
86395,234.3|253.65
86396,584.3|265.8
86397,310.9|409.05
86398,226.15|474.2
86399,570.95|524.15
86400,571.1|210.0
86401,308.05|360.6
86402,412.65|263.9
86403,460.0|349.6
86404,254.6|451.1
86405,349.35|276.85
86406,349.2|267.25
86407,432.25|368.45
86408,321.95|406.85
86409,235.9|569.0
86410,346.35|372.65
86411,567.65|434.3
86412,241.35|560.75
86413,417.4|525.85
86414,572.7|549.8
86415,522.3|293.2
86416,264.6|364.6
86417,376.55|349.8
86418,279.1|266.1
86419,221.1|335.05
86420,543.75|351.2
86421,235.7|263.7
86422,301.1|465.7
86423,234.2|211.55
86424,290.45|533.25
86425,536.8|382.15
86426,506.0|581.95
86427,463.4|573.6
86428,454.35|321.6
86429,423.9|392.55
86430,411.7|319.6
86431,575.85|589.95
86432,562.5|585.55
86433,370.5|373.3
86434,288.9|545.05
86435,398.85|360.3
86436,293.65|322.75
86437,383.25|223.9
86438,355.15|424.8
86439,547.95|346.95
86440,549.45|447.8
86441,241.9|380.35
86442,345.6|537.85
86443,209.55|247.1
86444,390.45|374.4
86445,290.35|444.7
86446,433.35|414.25
86447,482.1|447.4
86448,383.5|555.9
86449,277.9|536.55
86450,210.8|473.05
86451,537.3|260.9
86452,579.2|392.8
86453,594.4|374.65
86454,404.75|536.45
86455,259.3|376.75
86456,344.95|242.25
86457,324.6|546.5
86458,398.15|520.55
86459,406.2|365.05
86460,435.95|537.9
86461,494.1|409.0
86462,588.1|211.9
86463,365.7|315.2
86464,566.05|227.6
86465,243.75|380.95
86466,467.8|454.9
86467,435.75|501.95
86468,285.9|376.95
86469,443.5|443.4
86470,404.6|351.65
86471,530.85|583.75
86472,536.1|493.6
86473,329.55|531.65
86474,353.8|343.4
86475,376.8|266.35
86476,419.6|326.25
86477,276.2|290.7
86478,451.85|391.4
86479,361.8|446.3
86480,486.75|230.45
86481,592.65|218.1
86482,562.75|277.7
86483,553.55|415.15
86484,359.1|566.8
86485,400.5|530.8
86486,478.05|318.05
86487,446.75|587.0
86488,209.25|297.05
86489,237.35|531.85
86490,216.2|229.1
86491,467.6|375.3
86492,495.95|347.7
86493,277.4|583.3
86494,211.65|231.25
86495,208.45|514.5
86496,569.65|280.35
86497,344.5|552.0
86498,451.7|353.65
86499,407.45|341.65
86500,527.35|428.0
86501,373.55|215.85
86502,345.75|285.7
86503,461.45|305.8
86504,417.85|291.7
86505,249.95|432.8
86506,464.55|220.55
86507,435.85|441.35
86508,489.0|478.5
86509,237.4|402.55
86510,427.95|378.1
86511,412.3|510.85
86512,400.65|368.05
86513,562.25|572.8
86514,466.75|449.1
86515,438.1|498.9
86516,433.45|524.55
86517,576.45|477.65
86518,251.2|300.0
86519,395.9|583.95
86520,454.15|445.3
86521,450.7|408.0
86522,313.5|358.05
86523,382.4|547.65
86524,366.1|351.9
86525,458.45|245.85
86526,243.85|272.4
86527,269.85|377.4
86528,211.75|231.7
86529,344.25|218.75
86530,356.5|442.3
86531,340.55|375.7
86532,421.5|533.5
86533,267.4|491.15
86534,520.4|500.95
86535,582.7|239.55
86536,362.25|475.25
86537,373.45|389.3
86538,289.3|334.9
86539,270.9|573.2
86540,498.5|317.75
86541,462.4|332.6
86542,472.4|344.5
86543,246.15|208.5
86544,481.9|471.45
86545,232.65|496.95
86546,252.8|221.8
86547,231.15|502.35
86548,262.35|510.15
86549,220.1|396.45
86550,278.55|559.5
86551,236.95|231.95
86552,228.6|591.25
86553,233.05|227.4
86554,552.75|348.95
86555,289.45|384.55
86556,451.4|480.4
86557,224.15|259.35
86558,276.95|385.4
86559,226.8|272.15
86560,254.65|314.35
86561,211.1|528.8
86562,338.65|341.35
86563,385.75|218.7
86564,386.15|590.75
86565,592.5|568.4
86566,251.55|416.25
86567,548.3|537.85
86568,399.05|574.9
86569,360.0|363.65
86570,585.75|331.0
86571,295.3|421.35
86572,525.25|504.5
86573,350.4|255.7
86574,535.15|521.85
86575,449.05|233.1
86576,462.75|575.3
86577,344.15|255.85
86578,444.4|310.4
86579,207.65|480.05
86580,534.3|295.3
86581,265.55|212.15
86582,467.2|450.8
86583,440.9|478.25
86584,283.8|363.3
86585,241.7|426.45
86586,319.5|378.4
86587,533.65|257.45
86588,512.8|244.65
86589,432.05|455.9
86590,401.55|428.25
86591,582.05|574.55
86592,360.25|249.5
86593,405.7|365.25
86594,368.35|497.05
86595,218.5|589.75
86596,356.3|390.8
86597,268.2|338.8
86598,229.15|505.25
86599,342.55|538.4
86600,237.0|390.75
86601,259.15|224.5
86602,254.6|265.9
86603,454.5|381.9
86604,257.9|342.3
86605,377.7|592.95
86606,491.75|363.95
86607,235.95|449.25
86608,549.65|546.8
86609,421.45|411.1
86610,399.7|294.9
86611,449.0|449.25
86612,401.85|305.85
86613,218.4|374.0
86614,573.55|284.4
86615,352.0|277.05
86616,267.65|236.45
86617,526.1|413.05
86618,337.95|544.25
86619,567.05|220.6
86620,419.2|210.95
86621,416.45|361.2
86622,443.6|477.5
86623,456.75|256.6
86624,288.3|315.9
86625,208.25|243.7
86626,367.2|563.5
86627,580.65|323.2
86628,354.2|471.5
86629,589.6|480.65
86630,434.9|535.5
86631,358.35|436.5
86632,224.95|242.8
86633,343.1|583.0
86634,289.35|301.2
86635,573.15|224.95
86636,586.2|444.95
86637,351.9|329.05
86638,395.3|480.0
86639,522.6|431.5
86640,274.25|443.5
86641,288.05|540.2
86642,534.55|420.1
86643,344.1|566.9
86644,254.4|219.85
86645,447.9|384.05
86646,275.85|504.25
86647,229.4|296.05
86648,590.55|579.3
86649,336.0|240.4
86650,244.85|507.4
86651,555.2|591.65
86652,561.75|408.75
86653,590.5|279.65
86654,591.7|478.7
86655,322.9|358.55
86656,439.8|590.35
86657,226.7|289.1
86658,212.55|582.5
86659,466.8|471.9
86660,285.25|336.7
86661,557.05|364.65
86662,211.05|387.8
86663,300.75|383.05
86664,398.6|522.05
86665,527.75|534.45
86666,346.2|250.9
86667,415.05|547.05
86668,277.7|274.85
86669,524.4|460.05
86670,351.05|466.7
86671,362.5|271.5
86672,446.55|502.1
86673,291.85|408.2
86674,484.55|453.7
86675,212.9|502.05
86676,443.25|333.0
86677,420.1|364.45
86678,441.7|322.85
86679,398.8|581.3
86680,302.4|399.35
86681,523.4|351.2
86682,569.9|490.0
86683,277.7|586.4
86684,363.9|403.1
86685,415.85|564.9
86686,383.9|506.2
86687,562.2|382.2
86688,577.2|570.4
86689,567.5|572.9
86690,341.85|521.7
86691,465.3|376.05
86692,401.3|351.0
86693,232.0|225.55
86694,268.6|236.05
86695,534.45|300.7
86696,390.0|242.65
86697,547.25|276.9
86698,220.2|469.4
86699,424.5|418.85
86700,370.7|322.75
86701,283.9|335.5
86702,236.55|235.25
86703,374.6|485.15
86704,420.55|589.1
86705,404.35|438.85
86706,353.25|495.4
86707,215.05|310.2
86708,567.5|225.5
86709,257.4|592.65
86710,233.55|376.3
86711,490.65|264.45
86712,372.0|362.35
86713,288.1|535.6
86714,262.4|209.9
86715,544.35|378.35
86716,266.6|264.15
86717,359.0|541.75
86718,411.95|510.35
86719,552.9|530.2
86720,495.25|386.4
86721,490.1|295.85
86722,221.75|508.55
86723,363.85|573.1
86724,382.65|349.1
86725,415.45|426.1
86726,468.45|211.35
86727,237.1|441.1
86728,454.7|332.1
86729,219.45|462.05
86730,286.1|364.75
86731,331.5|307.15
86732,396.9|271.6
86733,339.3|590.75
86734,395.2|251.0
86735,440.3|458.45
86736,244.95|259.45
86737,589.45|420.95
86738,475.4|354.4
86739,469.4|372.4
86740,515.2|233.8
86741,373.5|381.1
86742,384.5|277.8
86743,457.8|232.55
86744,463.85|337.35
86745,293.5|368.65
86746,227.2|472.45
86747,539.45|450.8
86748,574.45|438.05
86749,577.35|451.75
86750,447.15|395.25
86751,436.55|348.1
86752,350.05|516.8
86753,252.85|554.5
86754,431.9|440.6
86755,576.5|469.45
86756,483.5|338.4
86757,476.95|445.45
86758,559.9|475.75
86759,206.8|585.4
86760,576.6|232.05
86761,466.4|380.2
86762,251.5|403.5
86763,372.1|277.0
86764,412.25|572.9
86765,446.95|533.7
86766,236.35|423.9
86767,588.85|479.5
86768,321.95|364.6
86769,441.15|404.25
86770,464.35|314.1
86771,351.35|332.15
86772,204.7|512.65
86773,400.45|462.6
86774,212.45|555.35
86775,338.4|426.4
86776,338.55|390.6
86777,238.05|499.6
86778,269.85|263.4
86779,561.75|592.75
86780,391.9|582.8
86781,578.2|449.2
86782,518.7|452.75
86783,220.65|280.7
86784,541.1|343.0
86785,593.1|551.1
86786,490.6|231.1
86787,462.3|444.4
86788,468.1|253.0
86789,593.45|476.8
86790,421.6|462.3
86791,230.75|394.95
86792,488.45|308.35
86793,360.35|225.9
86794,375.95|376.2
86795,296.95|573.6
86796,529.8|416.1
86797,344.55|424.55
86798,275.85|576.45
86799,554.9|430.4
86800,374.65|486.65
86801,375.2|369.95
86802,307.9|407.1
86803,469.05|236.35
86804,447.4|562.7
86805,282.35|449.8
86806,524.8|434.65
86807,454.95|235.0
86808,217.55|485.0
86809,557.65|276.05
86810,369.35|484.3
86811,274.6|578.05
86812,247.95|260.95
86813,423.55|310.95
86814,592.1|589.3
86815,272.55|302.2
86816,348.55|514.9
86817,521.5|513.55
86818,539.9|551.8
86819,462.9|469.35
86820,207.6|234.2
86821,414.55|367.35
86822,470.55|429.45
86823,391.7|544.95
86824,555.4|313.35
86825,234.45|439.35
86826,356.65|568.0
86827,463.35|259.55
86828,575.8|468.0
86829,488.2|339.75
86830,239.85|287.85
86831,578.05|461.3
86832,391.9|468.2
86833,575.9|292.7
86834,428.25|369.4
86835,405.65|545.4
86836,419.45|313.85
86837,228.55|260.75
86838,427.95|379.05
86839,386.55|287.1
86840,291.7|395.5
86841,224.85|358.7
86842,367.75|393.0
86843,589.3|221.5
86844,235.0|547.05
86845,266.7|561.55
86846,569.0|584.8
86847,356.85|280.25
86848,254.5|585.5
86849,364.2|273.75
86850,547.8|345.05
86851,214.15|434.0
86852,207.05|465.4
86853,539.75|309.25
86854,389.3|555.3
86855,542.2|423.45
86856,412.65|311.5
86857,556.3|223.0
86858,249.5|479.5
86859,533.0|263.9
86860,223.0|412.15
86861,589.45|567.95
86862,309.75|570.8
86863,353.4|372.65
86864,523.7|554.25
86865,206.7|307.85
86866,473.7|335.1
86867,282.8|445.8
86868,355.8|327.3
86869,455.6|381.95
86870,574.55|311.8
86871,375.0|483.8
86872,587.7|337.8
86873,554.85|271.8
86874,382.5|452.5
86875,419.5|459.05
86876,412.3|292.15
86877,446.3|470.5
86878,367.85|282.7
86879,542.9|418.4
86880,247.5|440.8
86881,507.15|389.35
86882,554.95|277.75
86883,448.75|464.85
86884,456.05|423.55
86885,275.1|445.6
86886,569.5|404.35
86887,379.85|297.25
86888,242.75|223.35
86889,594.55|395.4
86890,227.9|542.6
86891,594.05|493.95
86892,282.3|276.3
86893,237.7|510.55
86894,440.25|333.3
86895,349.05|509.65
86896,342.15|460.8
86897,323.1|370.5
86898,558.05|300.1
86899,586.75|570.85
86900,269.85|549.5
86901,372.8|285.25
86902,273.2|464.0
86903,409.75|336.4
86904,427.1|311.8
86905,592.1|400.25
86906,422.75|457.15
86907,515.7|258.1
86908,531.9|394.5
86909,266.9|331.4
86910,232.9|510.25
86911,380.55|589.85
86912,465.1|529.85
86913,233.15|283.65
86914,408.55|561.25
86915,558.3|319.15
86916,354.7|502.25
86917,426.8|337.6
86918,367.6|565.05
86919,210.9|232.5
86920,532.3|522.35
86921,560.35|437.65
86922,261.7|215.35
86923,486.3|383.9
86924,220.5|505.55
86925,417.15|585.05
86926,341.55|410.5
86927,210.2|497.4
86928,241.85|312.2
86929,449.95|592.75
86930,475.2|369.55
86931,398.35|569.5
86932,264.65|581.7
86933,240.4|436.7
86934,527.95|588.15
86935,210.35|587.3
86936,447.2|376.3
86937,407.05|398.55
86938,343.2|234.4
86939,210.65|248.6
86940,560.7|487.5
86941,243.8|349.25
86942,259.0|211.75
86943,220.85|532.3
86944,261.45|270.6
86945,538.7|337.9
86946,479.6|327.5
86947,270.45|585.65
86948,350.5|329.0
86949,469.2|473.45
86950,220.6|274.9
86951,551.05|233.15
86952,319.25|550.15
86953,355.65|429.85
86954,388.15|327.5
86955,430.95|342.75
86956,350.85|508.5
86957,398.1|394.3
86958,531.55|428.5
86959,437.65|423.05
86960,231.6|246.95
86961,434.85|393.5
86962,584.95|413.8
86963,527.4|345.55
86964,583.5|568.4
86965,345.9|360.4
86966,592.35|356.2
86967,357.35|437.05
86968,353.35|450.35
86969,578.8|233.7
86970,526.35|547.35
86971,457.65|562.45
86972,566.2|338.65
86973,280.6|321.25
86974,384.15|388.8
86975,266.1|377.15
86976,459.75|267.45
86977,382.25|452.9
86978,207.75|586.95
86979,217.85|318.95
86980,289.35|510.4
86981,446.1|346.75
86982,341.5|374.95
86983,525.5|523.15
86984,358.9|274.8
86985,440.15|487.05
86986,284.6|381.4
86987,274.2|565.05
86988,591.05|369.1
86989,258.9|554.5
86990,449.25|384.35
86991,210.05|505.55
86992,470.4|481.65
86993,536.85|550.5
86994,354.6|355.0
86995,364.55|575.55
86996,534.1|500.25
86997,535.65|509.2
86998,247.05|375.45
86999,542.6|522.6
87000,350.3|259.65
87001,437.95|322.6
87002,477.8|337.55
87003,406.8|495.3
87004,295.4|368.45
87005,222.1|405.0
87006,425.3|495.2
87007,264.5|294.65
87008,384.05|583.85
87009,587.9|544.4
87010,414.55|509.05
87011,269.8|592.8
87012,236.45|583.0
87013,325.05|406.55
87014,566.55|304.1
87015,471.5|253.15
87016,405.35|352.65
87017,469.5|470.65
87018,279.2|472.35
87019,582.85|397.55
87020,377.4|458.1
87021,443.7|474.6
87022,343.9|553.65
87023,234.25|262.1
87024,354.0|277.1
87025,590.4|366.95
87026,347.1|570.55
87027,211.25|456.7
87028,221.9|407.15
87029,351.65|390.25
87030,565.0|226.55
87031,233.9|403.55
87032,588.75|483.15
87033,228.1|318.4
87034,586.65|286.15
87035,344.85|580.55
87036,210.4|535.7
87037,595.9|480.15
87038,594.4|275.55
87039,576.2|332.4
87040,445.8|541.65
87041,244.3|371.6
87042,362.0|431.4
87043,375.35|555.1
87044,415.65|482.35
87045,451.45|452.65
87046,262.6|579.3
87047,543.0|507.85
87048,418.45|577.55
87049,279.05|368.75
87050,529.2|294.6
87051,400.3|360.7
87052,546.85|551.75
87053,538.9|354.75
87054,220.15|310.8
87055,540.15|434.9
87056,214.95|227.95
87057,292.7|526.55
87058,536.9|435.35
87059,351.0|351.3
87060,379.4|279.95
87061,216.5|572.7
87062,435.2|221.4
87063,292.85|434.85
87064,543.85|323.15
87065,551.15|464.35
87066,469.95|353.1
87067,287.2|588.25
87068,482.65|466.35
87069,579.3|498.55
87070,526.15|525.45
87071,210.7|490.35
87072,548.35|248.85
87073,495.5|420.7
87074,212.05|434.5
87075,553.7|449.15
87076,403.9|382.15
87077,253.85|407.45
87078,424.2|389.55
87079,545.1|385.9
87080,593.15|593.3
87081,283.5|392.85
87082,471.9|241.15
87083,414.15|459.6
87084,240.95|477.8
87085,409.25|320.35
87086,321.0|578.7
87087,227.9|361.95
87088,445.15|376.75
87089,225.95|415.6
87090,349.95|318.25
87091,293.3|309.95
87092,584.3|294.1
87093,438.6|332.75
87094,531.3|544.3
87095,239.0|274.9
87096,270.75|537.9
87097,349.55|305.65
87098,241.7|302.3
87099,330.35|300.45
87100,422.7|234.85
87101,268.95|590.5
87102,473.6|418.1
87103,256.75|279.1
87104,529.75|429.25
87105,206.95|257.05
87106,410.45|475.15
87107,523.7|343.15
87108,346.05|293.3
87109,567.85|457.1
87110,354.4|357.85
87111,261.8|581.3
87112,583.75|358.15
87113,494.95|497.75
87114,421.55|558.75
87115,274.7|414.45
87116,275.8|495.2
87117,412.85|413.2
87118,340.6|328.5
87119,344.0|436.85
87120,482.8|267.95
87121,463.7|316.4
87122,362.35|241.65
87123,582.75|270.2
87124,554.4|262.15
87125,438.9|246.15
87126,584.5|502.0
87127,492.7|447.15
87128,577.4|480.25
87129,442.35|359.25
87130,244.0|211.55
87131,544.6|510.0
87132,577.75|486.5
87133,508.5|422.1
87134,563.85|483.1
87135,497.8|314.9
87136,220.05|571.3
87137,343.9|539.9
87138,222.8|554.6
87139,412.5|590.35
87140,287.35|440.4
87141,391.35|456.35
87142,395.7|594.75
87143,267.1|272.85
87144,232.8|372.6
87145,443.1|304.45
87146,478.0|301.15
87147,455.0|584.1
87148,281.55|540.6
87149,243.95|573.6
87150,448.5|533.85
87151,412.9|489.9
87152,386.3|577.65
87153,512.85|442.5
87154,204.9|459.85
87155,524.35|493.65
87156,230.3|510.1
87157,222.0|295.55
87158,585.65|580.4
87159,296.95|432.45
87160,338.65|335.6
87161,342.1|381.4
87162,234.7|585.4
87163,540.2|333.8
87164,530.85|546.1
87165,468.35|271.75
87166,588.35|416.25
87167,225.95|395.7
87168,390.25|403.45
87169,474.0|459.7
87170,345.95|414.95
87171,398.8|315.45
87172,265.85|407.2
87173,413.55|546.1
87174,354.45|296.85
87175,522.05|564.15
87176,406.9|384.6
87177,569.95|317.65
87178,516.7|463.85
87179,261.65|240.6
87180,430.9|490.3
87181,446.0|461.35
87182,293.4|421.15
87183,279.15|358.85
87184,357.7|568.85
87185,376.95|493.7
87186,358.4|427.05
87187,382.85|225.15
87188,394.95|571.2
87189,430.15|366.85
87190,565.4|303.6
87191,362.65|445.7
87192,362.5|441.4
87193,261.75|471.9
87194,357.85|421.25
87195,409.15|431.05
87196,580.05|465.05
87197,422.2|537.9
87198,240.9|581.5
87199,392.8|474.95
87200,208.6|249.7
87201,282.45|454.0
87202,423.65|377.9
87203,347.9|331.8
87204,241.7|346.5
87205,439.3|316.15
87206,561.4|583.75
87207,277.9|351.95
87208,415.2|529.05
87209,391.55|402.25
87210,338.4|258.25
87211,548.05|330.7
87212,238.0|412.4
87213,448.95|411.95
87214,457.55|479.35
87215,336.65|520.6
87216,326.5|526.6
87217,334.5|540.45
87218,256.85|554.15
87219,569.3|318.15
87220,521.05|335.15
87221,449.2|383.8
87222,362.45|501.95
87223,218.45|340.3
87224,354.7|394.5
87225,406.15|228.85
87226,467.65|509.85
87227,521.1|431.15
87228,590.3|589.6
87229,534.8|513.25
87230,463.2|223.75
87231,415.7|392.7
87232,468.55|226.95
87233,573.75|463.55
87234,413.75|504.45
87235,265.2|211.85
87236,373.65|578.35
87237,376.7|486.35
87238,208.75|468.2
87239,212.05|465.35
87240,206.95|541.2
87241,221.9|562.9
87242,264.65|208.95
87243,360.7|590.45
87244,475.3|237.7
87245,209.75|320.45
87246,397.2|474.9
87247,308.9|329.05
87248,585.15|540.25
87249,366.95|550.45
87250,498.35|452.15
87251,338.95|401.2
87252,390.25|415.1
87253,461.7|336.7
87254,395.6|557.65
87255,346.5|552.85
87256,420.7|532.55
87257,581.85|239.85
87258,470.4|365.5
87259,339.55|567.9
87260,488.95|229.9
87261,226.75|484.3
87262,373.0|333.9
87263,287.95|292.8
87264,544.9|311.2
87265,395.25|271.3
87266,465.45|571.45
87267,518.15|485.9
87268,517.55|454.75
87269,392.6|340.85
87270,496.15|299.9
87271,546.55|496.3
87272,587.15|510.9
87273,262.7|563.55
87274,593.9|421.5
87275,574.7|327.05
87276,486.55|521.65
87277,544.05|556.55
87278,343.9|595.5
87279,510.65|424.1
87280,590.6|555.05
87281,287.15|577.1
87282,537.95|447.7
87283,352.3|397.75
87284,331.75|550.3
87285,461.5|344.2
87286,429.65|422.75
87287,249.05|258.6
87288,552.4|253.0
87289,415.7|266.6
87290,539.85|273.9
87291,426.2|586.7
87292,544.2|390.65
87293,377.55|341.7
87294,399.95|384.05
87295,346.5|223.1
87296,241.2|591.3
87297,364.6|279.3
87298,303.45|342.75
87299,249.8|553.6
87300,418.3|555.5
87301,320.8|421.5
87302,433.65|392.65
87303,276.4|345.4
87304,443.0|583.9
87305,399.55|206.85
87306,544.3|273.1
87307,403.95|515.75
87308,591.4|550.65
87309,386.3|485.5
87310,374.9|224.45
87311,525.3|510.05
87312,578.75|256.3
87313,241.75|343.25
87314,542.6|289.7
87315,455.2|408.65
87316,489.55|274.6
87317,244.85|559.15
87318,589.05|345.0
87319,266.55|236.35
87320,475.8|336.65
87321,352.4|240.25
87322,404.8|338.2
87323,401.3|520.3
87324,469.55|520.8
87325,479.95|234.5
87326,212.85|459.9
87327,276.0|263.2
87328,532.15|437.65
87329,468.45|282.8
87330,462.2|566.15
87331,571.7|256.35
87332,581.4|450.05
87333,488.3|489.35
87334,296.5|396.4
87335,590.8|367.2
87336,222.15|548.8
87337,555.55|307.5
87338,472.25|244.95
87339,593.1|421.55
87340,265.65|573.1
87341,419.5|344.15
87342,238.25|572.75
87343,546.75|247.5
87344,308.7|328.7
87345,431.35|358.35
87346,573.0|221.25
87347,460.75|531.7
87348,530.4|546.45
87349,407.25|529.6
87350,290.65|336.0
87351,414.5|551.3
87352,593.85|385.8
87353,585.85|366.4
87354,352.0|301.05
87355,429.8|429.55
87356,259.1|427.65
87357,461.25|350.7
87358,540.85|459.35
87359,350.6|543.8
87360,310.25|364.6
87361,420.8|383.95
87362,259.35|542.75
87363,457.45|573.25
87364,302.1|465.9
87365,284.95|335.05
87366,440.05|586.2
87367,425.85|392.6
87368,250.65|222.6
87369,564.1|280.25
87370,275.5|496.65
87371,419.05|363.35
87372,581.8|373.2
87373,361.65|410.75
87374,470.0|221.7
87375,430.2|260.65
87376,212.05|296.8
87377,237.6|319.1
87378,216.6|235.6
87379,594.2|567.5
87380,522.15|525.95
87381,455.7|425.6
87382,327.8|409.6
87383,291.3|392.3
87384,384.1|270.3
87385,228.5|494.7
87386,219.85|378.6
87387,546.6|472.45
87388,587.3|441.4
87389,372.95|435.5
87390,567.55|489.55
87391,345.3|424.35
87392,471.0|353.0
87393,284.3|249.5
87394,376.15|465.8
87395,459.3|545.45
87396,358.15|568.6
87397,290.95|380.4
87398,320.8|347.2
87399,395.75|568.7
87400,261.75|346.7
87401,546.7|483.1
87402,209.55|394.8
87403,564.65|403.55
87404,223.65|586.0
87405,345.95|299.5
87406,259.6|261.65
87407,222.35|351.4
87408,555.2|225.05
87409,438.1|475.7
87410,448.0|405.2
87411,468.85|308.55
87412,267.7|255.05
87413,257.0|422.1
87414,253.85|414.3
87415,260.85|550.4
87416,353.8|296.45
87417,390.6|534.45
87418,455.2|446.35
87419,568.8|215.05
87420,417.3|590.2
87421,530.6|528.5
87422,206.5|489.1
87423,410.0|265.85
87424,461.9|589.45
87425,470.75|342.9
87426,565.1|225.3
87427,434.55|210.15
87428,235.45|294.0
87429,539.85|514.95
87430,443.5|343.2
87431,366.45|312.65
87432,247.55|390.05
87433,442.95|513.8
87434,445.95|521.7
87435,589.95|212.95
87436,466.9|524.7
87437,584.65|366.35
87438,510.8|488.2
87439,223.35|385.45
87440,396.75|322.95
87441,273.15|279.0
87442,244.35|240.3
87443,583.7|427.6
87444,245.55|387.05
87445,261.5|564.9
87446,511.9|462.5
87447,386.25|216.6
87448,239.15|339.05
87449,391.05|442.45
87450,474.6|362.55
87451,211.05|568.8
87452,263.3|427.25
87453,527.7|520.8
87454,374.8|221.7
87455,415.95|573.15
87456,363.9|448.5
87457,540.55|566.6
87458,457.85|219.75
87459,373.35|258.35
87460,344.35|308.65
87461,280.05|343.15
87462,594.3|557.95
87463,450.3|490.1
87464,226.35|265.6
87465,398.9|256.85
87466,403.2|417.4
87467,577.05|467.75
87468,558.45|282.65
87469,477.6|562.9
87470,373.05|219.85
87471,443.6|402.6
87472,300.65|517.7
87473,352.6|522.9
87474,407.15|232.1
87475,581.9|561.7
87476,356.2|272.25
87477,583.15|533.9
87478,318.65|236.65
87479,294.5|373.9
87480,549.5|315.6
87481,368.15|518.5
87482,365.2|525.3
87483,217.35|255.3
87484,207.65|245.95
87485,483.1|372.65
87486,532.6|391.1
87487,535.85|553.25
87488,254.4|570.15
87489,240.2|570.15
87490,568.5|560.25
87491,274.25|431.15
87492,238.6|348.35
87493,473.2|350.7
87494,477.55|309.8
87495,223.15|452.35
87496,475.65|363.25
87497,539.9|434.55
87498,333.15|353.75
87499,394.15|541.8
87500,586.95|273.75
87501,424.95|588.6
87502,531.8|440.65
87503,256.95|367.05
87504,563.55|523.7
87505,568.8|293.75
87506,466.4|380.95
87507,409.8|254.15
87508,587.4|509.7
87509,465.7|239.6
87510,245.1|585.2
87511,450.3|558.85
87512,544.3|310.85
87513,253.85|275.25
87514,388.6|278.1
87515,282.3|470.8
87516,212.5|395.35
87517,445.2|386.85
87518,250.5|390.0
87519,563.35|487.3
87520,394.8|215.25
87521,386.65|476.15
87522,358.15|418.45
87523,530.45|508.3
87524,260.6|320.95
87525,530.2|457.3
87526,432.35|229.05
87527,545.0|552.35
87528,341.65|567.15
87529,389.85|296.6
87530,415.0|524.15
87531,577.75|423.6
87532,552.5|345.15
87533,419.05|563.15
87534,259.9|271.7
87535,556.35|368.7
87536,293.25|262.2
87537,402.65|438.7
87538,458.75|355.85
87539,346.4|266.85
87540,247.7|444.55
87541,227.7|471.1
87542,284.55|429.05
87543,230.45|520.4
87544,306.15|395.8
87545,428.75|350.4
87546,386.5|287.75
87547,354.5|334.75
87548,427.95|210.75
87549,434.3|472.6
87550,377.3|572.95
87551,271.15|555.3
87552,322.35|326.8
87553,381.45|214.95
87554,550.35|433.85
87555,230.0|566.1
87556,225.0|408.45
87557,289.0|446.9
87558,346.4|360.65
87559,583.75|542.65
87560,427.4|355.8
87561,218.85|371.85
87562,457.8|254.6
87563,508.8|492.75
87564,402.7|371.15
87565,447.5|254.65
87566,585.0|442.5
87567,331.4|231.95
87568,582.35|407.6
87569,546.05|319.85
87570,315.0|357.3
87571,413.65|575.75
87572,430.95|548.45
87573,279.55|329.05
87574,403.55|554.85
87575,439.7|538.85
87576,352.6|499.4
87577,297.8|345.5
87578,247.1|588.85
87579,214.6|327.9
87580,525.75|329.9
87581,461.15|418.05
87582,418.1|264.2
87583,275.75|341.75
87584,412.0|543.25
87585,382.3|285.2
87586,289.8|441.0
87587,547.15|331.6
87588,414.55|334.35
87589,587.4|585.05
87590,388.7|520.4
87591,247.55|211.5
87592,281.7|250.85
87593,463.95|425.6
87594,222.45|578.45
87595,371.0|461.45
87596,211.35|254.4
87597,291.0|532.25
87598,463.7|282.65
87599,283.75|331.05
87600,592.05|207.6
87601,528.15|464.75
87602,252.1|557.6
87603,282.25|580.85
87604,269.1|572.8
87605,354.85|242.15
87606,561.65|521.9
87607,571.8|231.4
87608,387.05|286.8
87609,222.2|484.75
87610,593.0|263.2
87611,508.05|293.85
87612,454.65|214.2
87613,440.85|220.85
87614,536.4|436.9
87615,391.8|577.55
87616,476.0|276.8
87617,221.1|404.2
87618,222.6|321.8
87619,557.6|564.25
87620,489.1|376.1
87621,352.1|273.35
87622,467.45|268.05
87623,537.3|354.6
87624,378.65|240.55
87625,329.45|239.9
87626,592.3|369.5
87627,226.0|485.7
87628,411.7|237.5
87629,541.05|511.6
87630,322.25|532.65
87631,310.55|424.85
87632,591.7|483.75
87633,212.9|296.2
87634,566.35|230.15
87635,540.2|284.55
87636,406.55|442.15
87637,474.75|248.85
87638,257.8|564.4
87639,571.85|560.2
87640,424.85|560.4
87641,576.15|579.35
87642,480.05|293.45
87643,419.4|398.7
87644,407.5|578.25
87645,263.85|562.25
87646,280.1|278.55
87647,581.45|407.05
87648,302.85|386.85
87649,529.35|523.8
87650,410.85|558.15
87651,589.45|375.7
87652,285.4|542.75
87653,364.8|277.6
87654,466.7|337.95
87655,418.1|358.65
87656,265.9|281.25
87657,424.9|281.1
87658,465.55|451.3
87659,450.9|222.15
87660,225.75|548.2
87661,286.15|552.35
87662,463.0|548.3
87663,278.5|526.4
87664,424.65|405.05
87665,517.75|477.9
87666,580.75|213.4
87667,342.8|242.45
87668,590.05|355.15
87669,294.4|372.25
87670,415.35|371.4
87671,234.25|478.1
87672,576.9|281.9
87673,358.75|346.75
87674,579.95|355.6
87675,490.0|360.5
87676,343.95|451.4
87677,509.95|495.75
87678,539.1|415.55
87679,424.15|224.95
87680,230.25|295.95
87681,417.8|514.05
87682,447.35|392.0
87683,558.9|442.85
87684,474.6|355.15
87685,471.85|286.25
87686,394.45|355.35
87687,405.05|280.15
87688,340.7|549.35
87689,380.5|273.55
87690,310.7|287.8
87691,465.7|289.65
87692,279.8|270.8
87693,381.65|286.85
87694,211.5|579.1
87695,250.25|453.4
87696,404.9|289.4
87697,431.05|307.75
87698,290.7|313.6
87699,420.7|554.15
87700,262.75|546.55
87701,282.75|494.95
87702,387.9|323.8
87703,282.25|422.9
87704,281.25|357.6
87705,316.35|573.85
87706,363.75|205.7
87707,540.85|225.3
87708,343.2|217.8
87709,426.5|323.25
87710,403.95|216.5
87711,420.1|382.55
87712,224.05|247.55
87713,476.7|512.0
87714,344.75|225.9
87715,252.8|229.25
87716,490.55|356.35
87717,351.5|376.6
87718,471.4|316.3
87719,345.3|352.3
87720,223.75|472.2
87721,281.8|435.75
87722,323.05|450.05
87723,572.65|321.85
87724,539.15|588.4
87725,254.2|566.8
87726,427.2|493.85
87727,522.0|537.95
87728,368.05|487.55
87729,270.05|447.5
87730,463.75|498.4
87731,406.55|231.7
87732,487.75|380.6
87733,528.65|274.8
87734,250.7|429.7
87735,208.65|261.15
87736,365.6|263.9
87737,213.75|487.75
87738,549.45|368.7
87739,515.9|354.2
87740,474.9|340.45
87741,256.9|408.7
87742,455.7|319.0
87743,257.7|574.45
87744,222.25|529.6
87745,567.5|584.8
87746,215.5|585.05
87747,568.65|510.4
87748,447.7|274.55
87749,434.95|227.15
87750,416.65|479.45
87751,271.55|279.35
87752,536.05|450.2
87753,224.05|208.9
87754,242.45|339.75
87755,534.85|432.4
87756,551.6|280.65
87757,402.4|499.5
87758,223.7|267.85
87759,361.75|226.45
87760,232.7|300.15
87761,358.7|383.9
87762,365.25|388.3
87763,532.95|580.1
87764,206.35|539.85
87765,412.4|325.9
87766,243.4|586.65
87767,274.75|536.1
87768,538.8|572.65
87769,229.4|319.6
87770,432.25|301.35
87771,531.15|547.7
87772,584.6|221.25
87773,221.3|565.85
87774,417.5|570.5
87775,414.05|211.55
87776,592.75|267.45
87777,218.35|217.0
87778,223.7|530.8
87779,210.95|581.85
87780,592.4|379.85
87781,534.45|352.9
87782,258.45|582.9
87783,470.3|344.7
87784,302.05|331.95
87785,472.45|345.45
87786,289.2|450.3
87787,415.15|376.15
87788,229.15|328.8
87789,291.55|535.25
87790,270.2|342.0
87791,362.9|206.5
87792,358.7|368.1
87793,574.7|342.15
87794,434.25|237.3
87795,564.8|350.3
87796,533.35|553.25
87797,447.1|592.45
87798,498.2|211.15
87799,569.65|484.0
87800,407.3|538.75
87801,242.5|499.9
87802,374.95|503.95
87803,207.1|490.1
87804,407.25|213.9
87805,387.7|491.3
87806,530.4|358.9
87807,394.8|517.3
87808,220.85|449.95
87809,450.55|426.8
87810,537.3|432.45
87811,340.85|440.4
87812,348.05|339.9
87813,413.7|388.8
87814,221.9|446.75
87815,568.5|282.05
87816,446.8|383.25
87817,252.6|258.5
87818,483.8|243.85
87819,242.2|220.7
87820,260.5|282.2
87821,304.35|448.1
87822,283.05|309.6
87823,276.25|454.2
87824,426.75|477.8
87825,592.7|417.25
87826,444.95|504.1
87827,233.15|447.7
87828,571.4|320.0
87829,354.05|326.0
87830,555.65|286.6
87831,546.55|484.55
87832,298.55|383.65
87833,314.9|392.55
87834,233.45|581.9
87835,433.0|216.55
87836,295.7|302.75
87837,347.2|593.45
87838,408.0|226.85
87839,266.0|388.25
87840,579.25|593.0
87841,238.1|555.6
87842,275.9|327.9
87843,461.35|300.7
87844,301.35|333.7
87845,406.4|550.1
87846,568.9|579.7
87847,401.6|269.05
87848,584.0|503.55
87849,382.15|489.45
87850,575.75|380.9
87851,287.5|475.0
87852,391.15|558.15
87853,238.45|476.1
87854,301.85|366.2
87855,567.25|595.35
87856,545.0|482.65
87857,391.15|592.0
87858,392.1|246.2
87859,269.45|531.15
87860,377.35|414.9
87861,356.7|373.0
87862,277.7|430.6
87863,233.7|398.4
87864,552.55|234.8
87865,387.15|577.45
87866,414.25|453.0
87867,493.85|352.2
87868,234.15|524.85
87869,593.1|268.05
87870,284.65|369.45
87871,508.55|525.4
87872,260.8|264.85
87873,311.95|312.2
87874,517.2|385.85
87875,214.25|509.55
87876,480.0|224.4
87877,477.9|540.5
87878,395.9|362.05
87879,321.85|337.05
87880,229.95|233.7
87881,410.85|287.5
87882,581.1|508.9
87883,274.5|276.6
87884,540.05|274.8
87885,320.55|532.8
87886,371.25|484.3
87887,411.05|341.1
87888,587.9|387.65
87889,355.2|456.55
87890,377.15|320.05
87891,273.15|454.95
87892,398.25|263.7
87893,351.0|345.7
87894,463.65|381.25
87895,452.4|557.2
87896,389.8|487.35
87897,284.25|386.25
87898,218.85|370.3
87899,285.55|286.3
87900,225.4|478.3
87901,589.35|355.6
87902,249.55|359.7
87903,204.15|502.6
87904,420.45|252.6
87905,368.25|378.4
87906,438.0|262.2
87907,280.1|380.85
87908,304.15|350.35
87909,214.85|242.35
87910,462.0|476.0
87911,335.25|329.0
87912,405.4|443.4
87913,399.95|592.15
87914,306.45|580.4
87915,248.8|441.05
87916,224.0|466.05
87917,432.55|418.6
87918,431.5|557.6
87919,353.35|547.6
87920,213.6|309.25
87921,274.2|581.95
87922,292.5|394.95
87923,480.3|270.05
87924,272.4|295.6
87925,447.15|587.75
87926,226.35|398.6
87927,231.2|385.45
87928,438.55|552.45
87929,589.95|218.45
87930,276.1|217.2
87931,581.05|557.95
87932,483.8|485.95
87933,357.1|342.25
87934,458.35|218.6
87935,221.6|472.55
87936,434.9|224.7
87937,377.5|491.5
87938,252.2|589.15
87939,517.8|580.95
87940,451.8|593.6
87941,580.45|313.6
87942,435.7|575.85
87943,430.0|490.05
87944,538.6|258.1
87945,456.3|434.95
87946,418.4|440.25
87947,215.2|505.2
87948,267.15|490.05
87949,359.7|360.15
87950,343.5|228.45
87951,368.75|337.35
87952,491.25|463.75
87953,272.05|206.2
87954,221.15|514.1
87955,428.4|253.95
87956,433.8|590.65
87957,353.8|326.9
87958,278.5|264.05
87959,436.5|241.95
87960,466.2|394.15
87961,559.55|590.85
87962,526.9|422.15
87963,573.45|308.0
87964,369.5|262.65
87965,421.55|417.95
87966,362.55|335.75
87967,541.4|252.1
87968,344.5|314.3
87969,568.3|318.15
87970,280.85|535.05
87971,494.4|479.65
87972,583.4|269.95
87973,567.75|222.25
87974,352.8|435.85
87975,356.55|222.35
87976,378.45|501.8
87977,429.45|487.8
87978,420.3|490.2
87979,417.05|320.85
87980,385.85|522.6
87981,271.35|584.15
87982,435.05|410.2
87983,229.35|559.95
87984,235.5|578.85
87985,538.45|418.5
87986,255.45|416.0
87987,299.65|327.95
87988,346.75|258.25
87989,423.35|457.2
87990,365.7|594.25
87991,442.8|292.9
87992,279.35|388.2
87993,282.95|484.45
87994,388.0|512.3
87995,256.35|416.0
87996,548.3|442.6
87997,351.45|350.55
87998,353.7|297.35
87999,277.55|539.9
88000,367.95|570.95
88001,302.9|493.95
88002,502.85|528.5
88003,533.3|521.7
88004,351.05|209.6
88005,458.35|514.0
88006,270.7|553.6
88007,273.7|364.6
88008,321.25|377.1
88009,217.1|460.65
88010,240.05|415.75
88011,270.7|353.05
88012,283.5|465.9
88013,577.3|262.5
88014,592.5|420.35
88015,297.95|370.5
88016,586.5|570.15
88017,590.35|249.6
88018,387.7|518.7
88019,409.35|570.8
88020,352.15|281.45
88021,490.7|433.5
88022,249.7|223.9
88023,521.6|381.05
88024,404.5|331.1
88025,444.95|232.25
88026,410.5|571.75
88027,568.0|296.8
88028,375.35|589.75
88029,372.95|360.1
88030,580.55|530.75
88031,419.2|582.7
88032,457.65|499.85
88033,565.0|508.4
88034,587.35|471.3
88035,584.8|427.55
88036,478.1|529.85
88037,579.05|271.05
88038,421.55|574.0
88039,268.55|587.5
88040,591.5|467.85
88041,393.8|552.65
88042,320.65|367.35
88043,567.65|263.75
88044,580.15|490.05
88045,544.75|562.15
88046,400.3|435.65
88047,263.25|592.5
88048,416.4|508.75
88049,527.45|406.9
88050,320.35|577.75
88051,585.35|567.7
88052,456.4|568.6
88053,587.6|576.1
88054,288.35|373.65
88055,254.9|336.45
88056,234.15|321.85
88057,490.7|403.65
88058,347.75|268.35
88059,570.35|271.0
88060,435.65|384.5
88061,556.25|583.65
88062,269.5|507.7
88063,455.2|270.6
88064,586.15|540.1
88065,248.2|436.7
88066,366.35|367.1
88067,351.45|281.3
88068,268.45|537.75
88069,542.7|235.0
88070,253.05|408.4
88071,278.3|377.05
88072,583.85|333.0
88073,469.25|218.05
88074,452.7|257.15
88075,594.75|495.8
88076,359.3|488.45
88077,496.5|447.2
88078,557.3|433.95
88079,224.35|532.05
88080,419.5|506.65
88081,361.5|486.0
88082,568.25|416.6
88083,232.35|219.3
88084,475.45|242.35
88085,256.2|224.4
88086,551.2|266.6
88087,583.25|518.5
88088,481.95|478.1
88089,408.9|553.85
88090,279.15|241.4
88091,324.8|344.8
88092,219.35|404.2
88093,476.05|240.75
88094,460.25|292.3
88095,237.55|329.4
88096,466.05|308.55
88097,542.75|278.5
88098,531.25|367.75
88099,459.65|372.05
88100,410.0|443.15
88101,559.1|269.3
88102,399.9|258.25
88103,548.2|508.85
88104,227.2|243.95
88105,336.5|338.25
88106,399.25|248.3
88107,490.25|485.85
88108,251.2|223.25
88109,473.95|231.35
88110,362.1|313.15
88111,356.5|219.9
88112,286.6|345.85
88113,549.75|542.65
88114,582.35|349.15
88115,282.3|259.15
88116,437.9|378.1
88117,273.25|344.8
88118,380.15|492.3
88119,281.9|442.35
88120,568.0|512.45
88121,279.6|411.6
88122,281.8|267.8
88123,337.45|430.15
88124,444.6|239.5
88125,563.5|494.6
88126,221.35|332.4
88127,533.15|328.2
88128,422.8|375.2
88129,292.6|496.3
88130,583.8|468.3
88131,568.25|323.8
88132,458.6|250.25
88133,415.5|354.0
88134,577.65|337.5
88135,278.15|385.3
88136,476.25|378.65
88137,225.45|402.25
88138,398.75|570.5
88139,504.0|292.1
88140,360.4|382.65
88141,206.1|533.0
88142,575.0|522.4
88143,278.8|490.8
88144,560.85|322.75
88145,471.15|332.0
88146,558.5|497.65
88147,243.2|511.05
88148,244.1|411.95
88149,348.7|465.05
88150,262.65|487.7
88151,407.3|388.6
88152,460.0|381.0
88153,532.05|465.5
88154,574.25|401.1
88155,464.65|216.8
88156,470.9|347.9
88157,223.7|405.35
88158,479.65|339.35
88159,479.95|498.2
88160,238.0|297.85
88161,525.4|368.6
88162,271.4|552.2
88163,561.6|338.25
88164,283.2|455.45
88165,260.8|492.55
88166,543.1|250.5
88167,585.25|288.5
88168,464.5|514.35
88169,572.35|235.5
88170,400.1|278.6
88171,225.6|516.6
88172,333.5|440.85
88173,215.8|490.7
88174,481.95|234.4
88175,451.45|467.3
88176,345.7|263.7
88177,218.65|220.5
88178,228.8|483.35
88179,569.15|398.1
88180,239.55|506.9
88181,464.7|218.65
88182,408.95|552.6
88183,475.9|474.8
88184,206.4|233.45
88185,483.15|363.7
88186,450.1|585.0
88187,233.7|505.05
88188,463.1|254.05
88189,557.1|291.7
88190,581.15|213.6
88191,338.4|342.6
88192,426.45|583.2
88193,517.3|542.85
88194,393.55|312.8
88195,435.2|584.2
88196,237.75|591.25
88197,381.6|321.7
88198,558.1|390.55
88199,414.0|384.4
88200,576.05|392.95
88201,335.7|380.95
88202,407.2|252.65
88203,576.65|467.7
88204,552.75|517.95
88205,250.65|500.0
88206,411.65|347.95
88207,457.45|396.5
88208,415.55|571.4
88209,498.35|511.0
88210,287.25|533.85
88211,571.4|247.35
88212,398.15|345.55
88213,305.2|575.1
88214,581.9|576.3
88215,406.7|582.55
88216,479.0|323.6
88217,558.2|559.35
88218,574.5|295.4
88219,534.0|349.35
88220,478.85|479.7
88221,423.1|409.8
88222,448.45|458.0
88223,443.25|387.55
88224,281.95|442.75
88225,266.85|274.4
88226,386.8|577.45
88227,275.2|589.15
88228,397.4|584.35
88229,390.25|592.5
88230,281.9|533.75
88231,568.4|585.55
88232,592.4|483.9
88233,572.55|498.1
88234,421.1|495.55
88235,226.75|485.1
88236,479.25|468.85
88237,545.65|251.85
88238,419.8|369.4
88239,235.2|563.3
88240,590.3|421.9
88241,298.85|452.5
88242,378.45|254.35
88243,277.45|382.5
88244,590.95|578.0
88245,447.25|564.5
88246,227.5|207.3
88247,386.35|358.55
88248,415.05|381.0
88249,303.2|381.3
88250,225.5|552.5
88251,350.6|453.35
88252,397.95|385.35
88253,351.95|356.75
88254,566.95|415.2
88255,504.3|555.1
88256,465.45|304.95
88257,336.2|414.2
88258,350.7|513.4
88259,221.6|507.2
88260,466.3|322.25
88261,424.6|316.15
88262,354.65|453.35
88263,268.8|209.55
88264,396.95|557.2
88265,342.5|431.65
88266,227.05|255.25
88267,582.0|388.4
88268,466.4|347.8
88269,364.3|542.0
88270,225.2|513.05
88271,562.7|269.85
88272,233.6|457.65
88273,476.2|361.45
88274,214.6|392.95
88275,358.8|234.3
88276,233.2|489.85
88277,428.25|563.6
88278,531.15|570.6
88279,215.45|493.25
88280,456.0|506.75
88281,322.5|430.05
88282,209.85|585.85
88283,235.8|472.25
88284,445.8|571.75
88285,568.95|550.3
88286,467.25|237.25
88287,352.7|584.65
88288,553.9|497.75
88289,402.25|327.1
88290,525.3|447.6
88291,243.25|411.5
88292,247.95|268.85
88293,436.95|555.8
88294,356.75|544.6
88295,535.0|412.7
88296,352.65|587.5
88297,552.0|389.35
88298,554.15|577.35
88299,249.0|443.5
88300,584.45|366.65
88301,582.1|413.2
88302,518.1|473.5
88303,215.85|470.75
88304,240.75|359.2
88305,577.55|227.3
88306,579.6|582.15
88307,320.6|329.5
88308,548.55|565.0
88309,291.25|282.6
88310,375.25|426.65
88311,354.05|356.45
88312,344.55|428.65
88313,540.65|329.2
88314,531.55|424.9
88315,450.9|589.25
88316,210.8|273.25
88317,225.8|227.75
88318,591.35|265.1
88319,400.2|442.8
88320,301.6|311.2
88321,349.8|437.45
88322,220.85|227.15
88323,274.3|459.85
88324,511.9|518.7
88325,455.05|426.6
88326,398.65|241.3
88327,337.95|586.4
88328,415.2|318.15
88329,272.3|219.65
88330,433.35|389.4
88331,385.4|411.85
88332,453.75|489.5
88333,376.95|586.85
88334,349.35|209.55
88335,426.2|437.9
88336,461.9|321.1
88337,554.65|531.65
88338,486.7|340.7
88339,487.2|348.55
88340,375.9|233.35
88341,577.1|237.25
88342,592.9|542.25
88343,275.8|345.2
88344,419.6|268.7
88345,563.25|564.1
88346,266.6|481.45
88347,277.5|435.35
88348,245.65|359.1
88349,353.3|592.95
88350,483.0|223.0
88351,547.35|552.35
88352,358.1|463.6
88353,356.8|332.55
88354,440.05|419.65
88355,536.85|302.0
88356,582.65|525.7
88357,294.6|357.75
88358,531.0|513.2
88359,449.8|425.95
88360,425.35|383.95
88361,535.3|332.65
88362,341.0|378.4
88363,471.0|230.1
88364,375.1|397.85
88365,531.5|437.5
88366,356.35|302.8
88367,230.75|590.4
88368,353.1|431.85
88369,361.4|355.45
88370,524.45|472.4
88371,279.55|327.15
88372,233.0|363.0
88373,227.7|334.25
88374,402.3|482.8
88375,216.8|454.2
88376,585.3|334.5
88377,216.0|589.15
88378,588.85|439.2
88379,280.0|350.8
88380,275.95|439.95
88381,477.3|479.05
88382,207.15|237.65
88383,454.55|450.95
88384,362.8|491.2
88385,414.55|404.6
88386,218.25|376.25
88387,267.6|575.0
88388,479.6|343.95
88389,290.15|562.25
88390,418.3|362.05
88391,452.05|353.3
88392,510.35|524.25
88393,438.6|551.05
88394,307.3|288.45
88395,454.3|564.35
88396,567.35|252.55
88397,362.4|587.25
88398,581.85|440.2
88399,564.0|285.3
88400,377.55|404.15
88401,359.55|249.7
88402,347.0|436.55
88403,437.7|594.45
88404,244.2|549.65
88405,350.75|318.4
88406,508.7|348.5
88407,235.9|525.85
88408,414.75|362.1
88409,316.0|407.5
88410,584.1|482.8
88411,329.25|374.25
88412,577.0|536.0
88413,531.4|541.05
88414,266.15|532.6
88415,470.95|261.55
88416,352.15|413.8
88417,436.25|422.5
88418,488.0|211.5
88419,213.1|330.3
88420,370.0|346.85
88421,266.3|293.75
88422,260.65|262.35
88423,566.05|501.45
88424,587.15|504.1
88425,469.1|289.45
88426,270.8|287.2
88427,282.85|550.75
88428,417.8|392.7
88429,256.75|306.95
88430,425.45|362.9
88431,458.5|248.85
88432,290.7|259.9
88433,297.75|388.85
88434,462.4|555.05
88435,420.25|372.95
88436,567.25|243.95
88437,422.65|249.95
88438,570.65|294.1
88439,229.55|577.6
88440,289.95|443.4
88441,586.95|412.3
88442,397.3|465.35
88443,574.05|553.65
88444,344.55|559.1
88445,330.6|428.55
88446,275.6|224.55
88447,537.3|570.45
88448,435.55|427.65
88449,373.1|564.15
88450,468.55|265.35
88451,539.95|338.45
88452,258.75|488.5
88453,218.1|287.65
88454,368.75|256.45
88455,451.2|593.7
88456,563.2|397.15
88457,371.15|210.05
88458,352.8|452.9
88459,357.2|449.65
88460,359.25|523.25
88461,594.3|287.05
88462,566.75|382.55
88463,221.55|464.4
88464,452.2|373.95
88465,521.6|377.45
88466,386.3|457.55
88467,265.7|361.95
88468,404.75|371.2
88469,346.45|344.85
88470,543.2|264.35
88471,238.35|506.25
88472,591.1|576.9
88473,266.6|240.35
88474,250.45|487.25
88475,430.1|288.5
88476,207.2|495.25
88477,335.95|331.55
88478,278.8|547.75
88479,284.25|565.3
88480,431.3|216.8
88481,210.45|574.15
88482,303.65|390.45
88483,223.9|581.0
88484,234.55|476.6
88485,337.4|226.65
88486,547.95|577.9
88487,475.6|520.45
88488,352.55|446.35
88489,267.55|245.9
88490,232.2|483.4
88491,532.8|435.15
88492,409.7|285.5
88493,222.6|313.75
88494,557.1|470.25
88495,560.8|262.9
88496,391.6|241.9
88497,245.1|485.85
88498,539.7|577.0
88499,277.25|419.4
88500,428.25|468.85
88501,455.85|584.15
88502,366.3|593.3
88503,444.0|387.5
88504,594.0|399.9
88505,243.55|216.3
88506,432.9|312.75
88507,282.75|496.3
88508,222.1|584.85
88509,576.3|495.25
88510,423.8|439.05
88511,398.65|272.1
88512,477.65|487.7
88513,209.55|286.85
88514,543.05|585.7
88515,258.55|419.15
88516,338.2|332.4
88517,468.7|460.05
88518,341.85|327.65
88519,378.3|293.15
88520,384.05|583.35
88521,586.0|256.0
88522,404.25|502.9
88523,342.7|326.85
88524,566.25|284.3
88525,297.15|457.15
88526,408.95|263.7
88527,293.3|429.5
88528,276.95|518.1
88529,558.9|467.25
88530,347.75|535.05
88531,349.9|538.8
88532,225.7|397.65
88533,542.0|390.35
88534,466.85|418.2
88535,241.85|496.3
88536,453.4|269.75
88537,568.05|303.1
88538,533.15|339.65
88539,523.85|403.25
88540,472.5|337.5
88541,540.8|314.1
88542,219.2|243.5
88543,310.75|419.0
88544,290.7|449.4
88545,479.6|447.0
88546,534.75|566.65
88547,541.35|549.6
88548,238.2|583.15
88549,359.8|335.15
88550,233.1|376.8
88551,573.05|386.6
88552,213.55|255.05
88553,448.0|590.7
88554,365.15|267.2
88555,224.7|265.1
88556,207.35|462.55
88557,379.8|559.55
88558,280.45|418.75
88559,463.85|536.55
88560,365.05|240.0
88561,395.1|223.45
88562,320.9|366.2
88563,230.55|416.35
88564,407.05|573.0
88565,491.7|240.25
88566,329.85|341.15
88567,407.5|339.05
88568,312.7|528.65
88569,464.3|233.65
88570,440.45|496.4
88571,343.25|589.0
88572,222.55|409.55
88573,279.55|578.65
88574,459.0|317.2
88575,205.2|494.1
88576,536.4|442.4
88577,592.6|501.0
88578,529.55|429.45
88579,422.3|579.0
88580,242.45|570.45
88581,432.65|471.4
88582,272.25|340.0
88583,576.9|382.05
88584,466.85|470.15
88585,444.3|550.1
88586,358.9|342.15
88587,427.45|552.2
88588,558.95|490.5
88589,486.8|351.65
88590,540.25|425.85
88591,409.7|589.65
88592,543.9|304.2
88593,382.5|576.4
88594,404.4|589.85
88595,296.8|405.75
88596,487.75|333.0
88597,265.3|439.0
88598,562.45|532.75
88599,299.25|384.35
88600,267.05|517.2
88601,396.9|591.15
88602,591.05|575.55
88603,222.1|257.55
88604,226.8|571.75
88605,399.6|562.85
88606,527.55|534.35
88607,241.6|238.25
88608,281.65|497.75
88609,229.5|592.7
88610,450.75|462.4
88611,453.45|532.85
88612,519.6|381.15
88613,547.0|277.25
88614,405.4|331.0
88615,474.55|268.3
88616,241.2|231.4
88617,452.95|466.3
88618,545.6|459.75
88619,592.05|499.95
88620,419.45|346.0
88621,543.2|251.6
88622,570.2|540.25
88623,363.85|592.7
88624,233.35|292.5
88625,572.15|271.15
88626,437.5|246.55
88627,355.35|314.45
88628,354.45|581.45
88629,576.9|449.7
88630,580.1|226.4
88631,212.0|239.3
88632,259.45|353.85
88633,564.55|288.9
88634,567.95|542.95
88635,268.7|229.55
88636,353.1|553.85
88637,377.45|216.1
88638,392.45|328.3
88639,357.75|352.8
88640,205.8|398.3
88641,350.9|408.75
88642,431.1|344.55
88643,396.0|354.5
88644,546.1|332.4
88645,456.05|388.75
88646,282.55|583.25
88647,538.85|334.6
88648,416.3|543.5
88649,472.9|394.15
88650,260.45|586.4
88651,231.65|304.4
88652,568.25|569.8
88653,235.4|255.1
88654,222.6|415.6
88655,564.95|394.65
88656,367.35|434.6
88657,564.75|235.95
88658,463.2|305.1
88659,460.45|573.2
88660,249.45|294.15
88661,452.05|319.7
88662,521.75|496.9
88663,467.75|459.3
88664,587.25|366.9
88665,507.1|308.35
88666,266.3|374.95
88667,303.75|233.05
88668,579.85|494.1
88669,243.55|222.3
88670,564.25|421.75
88671,299.2|357.25
88672,343.95|221.6
88673,426.25|215.0
88674,504.1|487.75
88675,582.7|258.15
88676,592.5|505.1
88677,263.4|436.85
88678,411.7|337.3
88679,215.8|311.65
88680,237.55|362.1
88681,539.05|405.9
88682,567.95|421.15
88683,471.5|416.8
88684,261.9|483.45
88685,381.7|363.35
88686,586.65|548.6
88687,562.4|297.15
88688,336.35|397.4
88689,582.7|374.7
88690,283.55|533.7
88691,519.55|528.7
88692,276.75|590.15
88693,247.85|207.25
88694,564.25|297.8
88695,582.05|279.4
88696,374.35|530.05
88697,467.2|418.95
88698,474.55|344.3
88699,317.75|326.5
88700,458.4|408.5
88701,587.6|579.55
88702,459.75|281.8
88703,558.2|304.0
88704,459.35|257.8
88705,432.35|395.45
88706,292.2|337.95
88707,251.85|404.65
88708,255.25|279.55
88709,364.15|344.75
88710,453.6|438.5
88711,280.1|373.8
88712,225.35|438.2
88713,243.8|546.0
88714,539.8|334.45
88715,254.45|370.55
88716,553.95|290.1
88717,413.55|211.7
88718,249.1|265.65
88719,507.5|480.05
88720,590.45|409.4
88721,516.1|537.5
88722,378.9|494.15
88723,474.75|221.9
88724,368.45|591.4
88725,368.45|377.25
88726,241.45|460.15
88727,246.25|353.15
88728,204.8|577.15
88729,470.4|322.5
88730,239.6|312.6
88731,303.65|428.6
88732,587.85|565.55
88733,346.15|226.7
88734,284.5|429.4
88735,390.5|392.9
88736,229.45|264.9
88737,538.8|284.9
88738,445.4|246.1
88739,417.2|461.6
88740,255.8|484.5
88741,437.1|272.75
88742,357.6|437.5
88743,554.95|487.15
88744,275.7|592.85
88745,431.15|254.05
88746,274.4|428.5
88747,535.1|582.2
88748,254.45|250.1
88749,358.85|458.5
88750,590.5|565.95
88751,240.2|214.05
88752,210.0|330.15
88753,581.2|461.7
88754,338.05|323.15
88755,576.25|552.8
88756,417.05|439.4
88757,267.9|565.9
88758,255.0|396.85
88759,258.15|384.6
88760,424.6|315.45
88761,410.85|575.1
88762,272.6|578.0
88763,368.25|330.85
88764,592.25|215.15
88765,429.05|531.6
88766,512.7|503.35
88767,405.6|359.1
88768,544.85|304.3
88769,302.6|403.95
88770,281.5|291.0
88771,587.55|309.3
88772,405.3|276.8
88773,478.5|509.55
88774,542.35|260.9
88775,555.1|543.05
88776,285.3|227.75
88777,577.6|540.85
88778,290.15|421.35
88779,240.15|562.65
88780,358.2|424.75
88781,509.2|525.45
88782,237.25|564.4
88783,395.55|208.9
88784,461.1|299.3
88785,412.5|395.3
88786,233.3|503.25
88787,588.55|405.5
88788,208.95|328.25
88789,592.15|213.25
88790,356.6|217.25
88791,446.0|320.8
88792,511.95|464.05
88793,271.65|279.45
88794,437.2|583.25
88795,543.85|375.2
88796,583.7|486.4
88797,208.35|495.4
88798,382.8|575.6
88799,406.65|570.4
88800,585.95|500.9
88801,415.15|540.85
88802,580.0|308.1
88803,437.05|581.55
88804,222.5|498.55
88805,236.4|390.15
88806,219.2|465.8
88807,307.2|441.2
88808,544.65|524.25
88809,465.45|384.85
88810,458.75|590.35
88811,268.6|229.35
88812,580.4|246.75
88813,454.8|554.75
88814,502.4|283.5
88815,574.2|555.65
88816,444.8|244.6
88817,355.1|249.65
88818,445.25|464.2
88819,532.5|417.75
88820,461.65|387.4
88821,322.25|377.7
88822,529.4|531.65
88823,593.6|495.4
88824,210.3|391.3
88825,275.85|290.1
88826,437.65|439.2
88827,442.35|512.35
88828,268.85|552.65
88829,270.0|283.95
88830,269.2|414.5
88831,345.45|430.6
88832,214.4|221.75
88833,438.65|461.25
88834,521.45|536.4
88835,236.6|499.65
88836,450.8|526.3
88837,291.2|483.2
88838,563.9|393.65
88839,212.7|310.25
88840,359.95|589.9
88841,585.3|558.15
88842,460.25|386.25
88843,545.65|303.6
88844,351.4|295.5
88845,582.45|479.05
88846,356.25|518.8
88847,542.4|538.6
88848,350.5|282.75
88849,574.9|517.75
88850,457.2|362.35
88851,358.55|282.8
88852,259.4|239.8
88853,357.25|381.2
88854,225.25|233.75
88855,583.65|331.6
88856,302.05|480.55
88857,243.1|398.35
88858,428.0|376.1
88859,587.75|537.25
88860,268.25|553.25
88861,394.45|377.5
88862,527.85|291.5
88863,398.9|252.95
88864,354.3|337.9
88865,222.4|431.9
88866,253.35|451.1
88867,288.25|342.75
88868,566.8|305.45
88869,436.5|266.25
88870,323.95|352.85
88871,415.2|274.2
88872,590.9|577.75
88873,579.55|376.4
88874,443.05|234.45
88875,381.45|221.9
88876,244.65|411.9
88877,373.95|380.45
88878,471.25|322.0
88879,592.6|379.8
88880,543.7|529.2
88881,209.8|241.75
88882,529.85|512.3
88883,260.1|436.7
88884,590.0|354.05
88885,396.3|394.2
88886,503.7|486.1
88887,590.95|420.25
88888,253.6|321.15
88889,535.45|356.9
88890,208.15|529.35
88891,555.4|347.6
88892,551.4|294.85
88893,471.85|277.1
88894,569.85|222.75
88895,211.95|588.0
88896,228.4|390.0
88897,415.35|501.3
88898,582.35|341.55
88899,350.45|266.65
88900,272.7|279.15
88901,271.95|437.15
88902,213.65|531.15
88903,565.2|432.95
88904,299.7|525.65
88905,385.0|456.15
88906,348.4|218.8
88907,304.3|377.8
88908,343.0|528.9
88909,372.0|439.0
88910,367.6|223.9
88911,218.6|551.55
88912,424.7|358.25
88913,374.2|389.15
88914,419.75|230.0
88915,546.35|349.15
88916,256.25|314.2
88917,444.05|454.75
88918,278.9|294.75
88919,256.15|517.95
88920,411.75|241.3
88921,550.8|231.6
88922,398.25|255.65
88923,395.95|437.95
88924,411.8|454.45
88925,563.0|568.0
88926,401.6|593.2
88927,272.9|591.5
88928,347.45|238.25
88929,409.9|211.35
88930,462.2|454.05
88931,342.25|325.8
88932,216.95|506.3
88933,450.85|450.85
88934,250.35|551.15
88935,214.3|259.95
88936,246.55|361.85
88937,245.2|481.6
88938,220.6|439.0
88939,254.9|317.45
88940,274.45|522.65
88941,253.65|308.4
88942,414.4|344.9
88943,249.6|435.4
88944,276.75|343.75
88945,543.2|287.8
88946,234.9|517.25
88947,580.55|392.05
88948,355.3|490.1
88949,386.25|449.55
88950,431.5|247.0
88951,488.8|479.15
88952,299.1|392.9
88953,289.95|528.55
88954,537.9|530.0
88955,402.7|409.95
88956,593.55|391.95
88957,341.75|456.65
88958,379.0|589.6
88959,416.1|408.85
88960,313.95|330.2
88961,522.55|363.85
88962,591.25|595.4
88963,370.0|335.5
88964,257.65|230.0
88965,354.1|514.35
88966,574.6|305.4
88967,562.25|544.4
88968,411.6|544.8
88969,455.05|326.15
88970,472.65|252.4
88971,216.45|427.9
88972,468.65|296.9
88973,477.35|361.65
88974,579.2|351.7
88975,585.15|328.5
88976,254.0|556.25
88977,453.6|243.1
88978,439.6|373.65
88979,404.85|590.35
88980,356.05|213.6
88981,523.8|534.25
88982,461.6|323.9
88983,400.85|507.3
88984,352.55|282.35
88985,396.35|303.2
88986,219.4|412.9
88987,210.15|481.3
88988,461.85|328.4
88989,351.05|309.15
88990,230.65|322.65
88991,465.75|243.6
88992,378.6|458.25
88993,277.65|582.1
88994,340.25|342.0
88995,578.7|295.2
88996,404.7|348.35
88997,272.3|213.25
88998,395.75|423.95
88999,532.25|379.9
89000,377.2|392.2
89001,451.0|416.65
89002,214.15|500.6
89003,557.35|261.45
89004,231.6|558.35
89005,468.3|488.35
89006,218.95|376.2
89007,280.95|572.85
89008,422.95|259.65
89009,233.9|253.25
89010,522.15|452.55
89011,208.2|527.05
89012,383.85|333.2
89013,267.65|401.85
89014,554.1|242.45
89015,563.0|592.3
89016,445.95|360.4
89017,588.9|499.9
89018,588.85|481.0
89019,259.9|577.95
89020,449.2|230.3
89021,436.55|402.95
89022,301.15|410.65
89023,571.0|434.05
89024,389.3|300.3
89025,564.95|477.85
89026,477.15|285.4
89027,534.55|422.85
89028,274.35|556.4
89029,248.9|251.75
89030,239.55|578.05
89031,219.8|559.8
89032,383.05|269.2
89033,375.35|279.6
89034,344.75|224.6
89035,210.0|448.7
89036,371.6|359.8
89037,212.5|304.15
89038,552.6|476.8
89039,362.65|488.5
89040,565.1|428.1
89041,572.3|584.05
89042,538.3|513.55
89043,577.35|538.7
89044,455.55|254.5
89045,545.95|399.2
89046,381.9|297.55
89047,293.9|329.4
89048,540.3|410.6
89049,338.0|325.55
89050,480.15|253.4
89051,582.15|309.6
89052,469.95|283.35
89053,487.75|259.25
89054,486.2|360.1
89055,552.25|289.0
89056,236.95|440.45
89057,291.4|372.25
89058,551.0|565.25
89059,347.4|210.7
89060,355.9|567.6
89061,345.4|559.25
89062,369.05|232.9
89063,460.45|508.5
89064,535.95|542.25
89065,446.75|389.85
89066,280.9|492.9
89067,220.0|491.45
89068,259.6|415.05
89069,430.9|453.5
89070,582.65|294.3
89071,573.8|215.05
89072,230.55|319.2
89073,392.05|588.85
89074,359.75|442.2
89075,466.9|513.35
89076,435.0|432.75
89077,562.7|567.25
89078,536.3|348.3
89079,563.15|484.8
89080,569.0|269.7
89081,535.25|566.3
89082,353.65|254.65
89083,533.6|520.45
89084,337.25|381.85
89085,573.05|579.4
89086,310.55|515.7
89087,280.7|449.55
89088,585.9|532.55
89089,426.85|324.7
89090,234.85|523.9
89091,473.1|531.65
89092,352.45|244.7
89093,210.2|515.7
89094,532.9|334.2
89095,211.65|348.15
89096,384.4|316.95
89097,454.75|305.95
89098,471.65|282.45
89099,319.4|361.15
89100,219.4|492.9
89101,286.75|331.6
89102,254.3|439.7
89103,338.9|385.0
89104,454.85|553.05
89105,245.05|441.35
89106,537.45|523.5
89107,398.2|273.0
89108,528.95|361.25
89109,254.45|456.15
89110,207.5|466.25
89111,244.75|239.0
89112,278.55|445.95
89113,556.8|587.7
89114,283.5|332.85
89115,582.35|498.55
89116,566.95|477.4
89117,314.2|326.65
89118,343.3|320.3
89119,536.9|330.6
89120,514.95|555.1
89121,209.85|565.55
89122,283.0|440.05
89123,353.4|211.1
89124,221.35|323.05
89125,313.25|547.1
89126,455.3|394.9
89127,292.45|323.9
89128,444.55|253.3
89129,456.45|531.65
89130,430.1|382.55
89131,534.05|429.85
89132,460.65|501.9
89133,278.15|493.1
89134,350.7|283.45
89135,383.5|396.75
89136,286.6|468.1
89137,365.9|248.9
89138,412.05|527.25
89139,491.1|514.95
89140,396.6|568.05
89141,539.75|445.7
89142,460.9|481.9
89143,407.15|402.0
89144,499.0|292.25
89145,417.65|567.8
89146,385.0|551.75
89147,270.75|228.7
89148,536.35|285.65
89149,462.8|445.95
89150,366.0|351.65
89151,582.6|471.4
89152,395.9|576.9
89153,282.3|272.75
89154,245.6|284.75
89155,343.9|419.5
89156,446.6|590.45
89157,403.0|567.7
89158,397.5|239.95
89159,393.45|594.05
89160,479.15|528.05
89161,482.35|361.25
89162,590.8|353.4
89163,404.45|444.3
89164,269.75|256.0
89165,212.7|260.35
89166,279.1|522.5
89167,207.7|477.7
89168,240.35|296.75
89169,352.8|447.6
89170,226.4|218.35
89171,381.7|321.35
89172,212.7|589.2
89173,550.25|417.15
89174,236.45|350.6
89175,535.5|517.65
89176,558.9|229.15
89177,231.7|578.95
89178,214.75|232.2
89179,589.6|290.35
89180,582.4|338.85
89181,561.15|592.85
89182,358.2|369.5
89183,228.6|450.2
89184,336.7|581.6
89185,207.25|584.4
89186,567.8|534.2
89187,391.35|260.4
89188,572.55|355.95
89189,279.8|353.45
89190,569.3|458.7
89191,256.6|272.0
89192,413.25|347.7
89193,539.7|506.8
89194,478.55|520.55
89195,453.45|295.35
89196,288.3|446.35
89197,360.05|560.35
89198,499.95|379.4
89199,431.85|223.35
89200,356.7|214.35
89201,563.7|557.85
89202,379.0|484.0
89203,397.3|517.95
89204,245.75|314.15
89205,220.45|318.75
89206,506.25|376.6
89207,276.85|557.7
89208,484.45|327.7
89209,252.8|218.2
89210,575.5|495.05
89211,438.5|566.4
89212,283.4|341.85
89213,343.85|214.1
89214,593.4|414.9
89215,409.2|391.6
89216,347.9|540.9
89217,560.6|231.0
89218,275.3|358.4
89219,425.9|577.1
89220,287.65|361.15
89221,240.55|455.6
89222,467.3|308.6
89223,372.3|433.95
89224,439.4|307.45
89225,540.2|497.6
89226,407.9|579.3
89227,277.9|242.8
89228,211.9|251.2
89229,515.05|317.65
89230,397.95|423.0
89231,388.0|579.6
89232,452.45|377.05
89233,443.05|561.05
89234,460.2|577.35
89235,398.4|355.5
89236,266.6|332.05
89237,402.8|205.35
89238,541.9|326.9
89239,539.65|306.6
89240,464.9|555.25
89241,321.9|421.05
89242,437.6|332.95
89243,452.25|431.2
89244,284.2|220.2
89245,506.35|338.95
89246,229.8|370.0
89247,311.7|415.7
89248,242.7|376.7
89249,450.45|452.4
89250,528.6|511.85
89251,250.3|501.3
89252,273.85|589.75
89253,249.7|284.35
89254,216.0|259.55
89255,350.3|212.8
89256,587.3|409.6
89257,595.3|553.55
89258,404.9|356.05
89259,401.25|458.9
89260,573.75|511.2
89261,558.35|408.8
89262,295.35|321.15
89263,446.8|591.4
89264,584.05|564.1
89265,581.55|430.0
89266,485.9|486.45
89267,319.8|404.25
89268,232.35|236.85
89269,290.85|269.7
89270,375.75|334.6
89271,407.85|590.45
89272,222.45|283.2
89273,492.85|591.4
89274,592.1|552.95
89275,265.1|259.2
89276,575.35|566.55
89277,549.8|514.45
89278,229.45|573.35
89279,229.45|593.2
89280,556.9|331.9
89281,276.45|556.95
89282,237.0|243.75
89283,219.25|411.0
89284,559.2|543.4
89285,287.05|236.2
89286,555.75|411.8
89287,581.7|520.7
89288,249.85|225.4
89289,259.0|556.45
89290,349.55|315.4
89291,205.15|509.7
89292,368.35|558.65
89293,456.05|315.0
89294,207.4|450.5
89295,253.55|311.15
89296,592.8|592.2
89297,256.85|272.9
89298,532.05|331.55
89299,281.35|574.5
89300,562.3|266.2
89301,388.25|350.8
89302,451.9|569.85
89303,571.5|222.05
89304,490.85|232.35
89305,213.3|579.05
89306,224.8|460.75
89307,341.1|593.8
89308,348.45|434.35
89309,282.95|570.25
89310,346.0|229.9
89311,571.35|208.9
89312,396.8|218.9
89313,423.65|408.95
89314,218.05|233.55
89315,400.15|301.1
89316,274.2|421.15
89317,288.25|432.55
89318,460.5|468.85
89319,232.7|367.2
89320,269.55|248.05
89321,424.65|409.75
89322,319.0|361.55
89323,568.8|543.6
89324,435.35|566.45
89325,292.15|381.75
89326,293.7|384.85
89327,560.65|559.1
89328,493.5|503.6
89329,557.4|306.65
89330,334.2|327.25
89331,278.55|251.6
89332,571.3|544.9
89333,311.55|347.25
89334,232.3|278.4
89335,387.1|479.05
89336,393.3|392.75
89337,564.7|474.7
89338,212.75|261.4
89339,313.55|330.9
89340,206.15|481.85
89341,476.85|325.55
89342,493.0|494.7
89343,484.7|274.95
89344,557.15|593.15
89345,438.3|508.55
89346,474.55|464.35
89347,455.0|219.35
89348,572.0|464.85
89349,474.2|241.3
89350,304.65|503.5
89351,553.9|308.3
89352,398.85|546.9
89353,223.05|224.55
89354,353.4|561.95
89355,357.35|392.6
89356,460.05|219.1
89357,460.7|236.85
89358,455.85|448.9
89359,382.45|419.55
89360,239.35|562.05
89361,399.9|558.6
89362,542.1|587.35
89363,346.1|340.8
89364,473.5|330.9
89365,369.9|428.2
89366,400.4|524.6
89367,228.8|517.8
89368,469.05|426.7
89369,575.8|458.2
89370,280.25|447.9
89371,557.2|586.55
89372,473.6|331.3
89373,263.75|593.3
89374,346.6|565.3
89375,439.2|590.9
89376,593.0|210.75
89377,494.35|452.4
89378,447.4|305.7
89379,580.1|316.95
89380,272.1|342.1
89381,393.85|260.75
89382,347.25|421.15
89383,432.65|496.05
89384,511.55|363.25
89385,568.2|491.8
89386,570.45|455.35
89387,574.3|232.15
89388,377.8|581.15
89389,214.1|420.75
89390,433.55|489.1
89391,238.0|287.8
89392,557.4|428.6
89393,207.6|534.25
89394,422.45|356.0
89395,478.75|242.5
89396,402.15|546.0
89397,543.8|542.55
89398,398.7|357.05
89399,374.5|558.5
89400,352.65|279.0
89401,403.6|527.3
89402,566.5|590.95
89403,578.9|533.4
89404,400.25|375.4
89405,261.25|576.6
89406,543.5|569.85
89407,550.75|426.6
89408,356.1|296.4
89409,575.5|583.9
89410,537.25|349.5
89411,521.65|433.55
89412,421.6|247.25
89413,307.6|414.7
89414,575.4|431.45
89415,452.45|474.8
89416,533.6|554.4
89417,414.1|523.8
89418,372.35|389.2
89419,392.95|388.75
89420,393.0|475.75
89421,289.9|448.55
89422,308.85|365.1
89423,471.95|356.15
89424,397.9|572.9
89425,212.55|396.4
89426,231.65|250.85
89427,346.8|447.45
89428,530.05|291.5
89429,321.05|409.75
89430,593.7|559.65
89431,235.0|526.65
89432,291.65|433.25
89433,592.0|471.55
89434,406.25|287.0
89435,564.85|283.55
89436,465.95|218.4
89437,580.45|584.85
89438,368.15|447.85
89439,467.15|491.1
89440,419.85|248.5
89441,246.9|382.35
89442,362.05|274.85
89443,440.4|585.85
89444,227.7|415.25
89445,345.7|291.45
89446,290.8|381.7
89447,442.8|352.55
89448,352.6|266.9
89449,281.35|416.0
89450,297.35|328.6
89451,506.45|492.4
89452,419.1|282.85
89453,405.0|406.6
89454,389.55|501.7
89455,288.7|412.05
89456,585.25|410.5
89457,439.1|332.5
89458,458.05|481.1
89459,536.65|485.4
89460,214.4|231.2
89461,591.6|248.55
89462,443.45|450.5
89463,537.2|590.95
89464,552.05|451.35
89465,221.25|315.45
89466,555.3|525.8
89467,577.3|404.8
89468,455.8|587.75
89469,289.8|317.2
89470,432.6|467.45
89471,500.55|484.9
89472,459.3|588.75
89473,536.95|354.2
89474,244.15|253.0
89475,246.45|246.0
89476,581.85|429.5
89477,421.1|488.2
89478,383.05|554.7
89479,436.7|334.45
89480,487.5|519.65
89481,451.25|310.1
89482,233.4|547.9
89483,592.15|411.4
89484,214.95|253.7
89485,491.4|341.6
89486,472.7|240.2
89487,520.5|534.2
89488,348.1|559.75
89489,560.05|238.75
89490,574.45|264.7
89491,379.85|494.0
89492,213.55|579.55
89493,345.05|428.5
89494,438.7|584.65
89495,395.4|355.15
89496,440.6|217.05
89497,348.3|563.55
89498,245.15|586.6
89499,380.35|579.5
89500,336.45|212.35
89501,220.0|518.65
89502,586.7|377.15
89503,556.9|375.9
89504,364.15|505.7
89505,446.15|244.9
89506,222.45|482.6
89507,587.1|295.9
89508,274.95|255.5
89509,510.55|316.55
89510,211.05|252.25
89511,314.75|446.8
89512,443.7|265.65
89513,567.7|511.25
89514,364.3|206.85
89515,221.9|301.65
89516,209.0|249.05
89517,533.75|587.2
89518,416.95|480.1
89519,471.9|225.25
89520,542.25|519.9
89521,456.6|230.7
89522,338.9|311.55
89523,230.15|414.65
89524,216.15|302.2
89525,277.1|584.9
89526,262.8|222.45
89527,399.8|476.55
89528,283.75|400.3
89529,470.25|454.65
89530,459.85|363.4
89531,267.95|276.8
89532,367.75|275.25
89533,410.5|263.05
89534,362.0|241.35
89535,353.45|440.8
89536,481.5|349.65
89537,232.7|262.35
89538,347.25|327.25
89539,511.4|490.4
89540,533.75|432.9
89541,344.3|496.05
89542,528.7|562.7
89543,533.15|477.5
89544,483.9|557.5
89545,332.65|393.0
89546,376.45|422.6
89547,273.55|274.3
89548,534.45|272.45
89549,239.6|290.05
89550,209.8|467.3
89551,385.1|496.45
89552,221.9|335.75
89553,396.85|587.05
89554,349.6|526.9
89555,281.05|487.3
89556,428.55|313.65
89557,397.55|207.9
89558,522.8|495.3
89559,213.8|584.15
89560,479.25|235.55
89561,256.9|492.4
89562,207.05|496.35
89563,287.0|556.65
89564,571.35|302.45
89565,245.95|275.35
89566,351.6|378.45
89567,247.0|279.2
89568,375.4|594.45
89569,286.0|475.55
89570,414.6|490.3
89571,395.45|557.35
89572,222.45|404.15
89573,266.4|438.35
89574,533.45|526.05
89575,567.75|495.8
89576,276.8|377.3
89577,333.15|505.6
89578,469.15|458.15
89579,390.25|261.2
89580,499.85|330.1
89581,362.5|265.05
89582,431.65|435.4
89583,582.0|497.2
89584,392.85|525.55
89585,235.55|266.9
89586,462.4|458.45
89587,556.6|490.45
89588,485.5|506.5
89589,393.8|573.6
89590,571.45|304.7
89591,436.8|419.4
89592,229.7|226.75
89593,513.65|226.0
89594,417.7|502.0
89595,394.25|289.6
89596,258.55|544.35
89597,460.4|585.4
89598,381.3|560.05
89599,594.15|507.45
89600,231.9|274.55
89601,595.55|375.0
89602,258.4|561.8
89603,285.9|295.5
89604,212.35|580.2
89605,464.35|557.6
89606,351.0|209.6
89607,386.0|343.85
89608,519.2|351.9
89609,585.1|520.3
89610,301.7|425.85
89611,235.85|356.55
89612,265.15|421.5
89613,594.45|411.6
89614,361.35|243.2
89615,214.05|532.15
89616,379.05|391.8
89617,439.7|357.65
89618,250.8|293.85
89619,514.2|437.2
89620,355.3|450.25
89621,267.0|554.7
89622,411.4|539.15
89623,469.95|464.25
89624,407.25|462.8
89625,350.35|340.5
89626,405.35|408.65
89627,464.05|448.55
89628,385.9|274.85
89629,358.8|344.3
89630,435.1|397.5
89631,232.45|268.65
89632,279.6|481.9
89633,575.1|409.15
89634,397.25|381.0
89635,440.0|249.25
89636,535.95|348.6
89637,339.05|386.15
89638,455.55|347.7
89639,343.85|337.65
89640,342.6|540.75
89641,399.6|325.25
89642,403.65|335.0
89643,454.7|327.85
89644,204.35|483.55
89645,462.6|508.3
89646,263.05|428.15
89647,254.1|481.55
89648,413.7|581.95
89649,425.0|563.15
89650,462.4|350.4
89651,544.45|320.7
89652,568.0|562.1
89653,263.35|293.0
89654,317.9|324.8
89655,213.05|364.4
89656,440.35|243.5
89657,204.25|322.05
89658,548.2|231.35
89659,476.4|448.55
89660,512.1|439.5
89661,265.3|299.05
89662,467.6|386.45
89663,444.5|342.4
89664,231.7|257.6
89665,480.7|219.35
89666,345.25|505.3
89667,265.95|239.95
89668,357.7|207.5
89669,288.85|376.75
89670,593.6|556.45
89671,210.3|247.95
89672,292.95|372.8
89673,245.4|432.85
89674,439.75|521.0
89675,418.95|377.35
89676,473.9|521.5
89677,535.4|543.35
89678,471.3|535.15
89679,404.1|400.45
89680,254.25|293.2
89681,348.65|554.55
89682,379.5|264.7
89683,361.1|278.7
89684,402.7|561.35
89685,534.1|523.15
89686,369.2|283.4
89687,477.3|333.7
89688,262.1|256.85
89689,359.55|345.1
89690,269.35|546.1
89691,459.75|358.6
89692,322.35|431.85
89693,268.85|575.35
89694,527.2|537.6
89695,346.15|404.15
89696,477.9|258.7
89697,571.5|462.9
89698,456.4|250.8
89699,540.0|302.55
89700,320.6|368.65
89701,542.4|579.0
89702,514.6|554.85
89703,360.05|340.85
89704,463.75|316.55
89705,361.85|445.45
89706,563.7|238.0
89707,367.6|237.55
89708,262.55|449.6
89709,586.6|468.7
89710,327.2|542.7
89711,541.4|524.7
89712,402.7|231.4
89713,350.55|287.1
89714,233.25|502.55
89715,302.4|450.15
89716,330.8|439.9
89717,294.15|321.85
89718,235.1|316.95
89719,594.9|526.9
89720,459.1|571.2
89721,550.15|242.1
89722,591.6|423.8
89723,214.35|580.85
89724,531.8|556.25
89725,276.3|349.05
89726,456.8|485.05
89727,296.35|516.4
89728,208.6|545.9
89729,352.95|305.2
89730,473.25|352.75
89731,242.45|581.7
89732,220.9|343.8
89733,469.4|336.2
89734,543.1|263.4
89735,471.1|412.25
89736,437.3|576.85
89737,572.8|525.85
89738,586.6|287.85
89739,406.15|494.75
89740,247.6|504.05
89741,544.65|488.2
89742,228.15|289.35
89743,223.2|584.75
89744,212.45|501.85
89745,277.7|548.4
89746,390.95|413.7
89747,537.75|407.75
89748,211.4|375.2
89749,390.75|363.35
89750,476.75|462.2
89751,527.75|536.25
89752,521.65|560.4
89753,331.15|395.35
89754,473.25|234.6
89755,450.6|472.4
89756,254.8|447.85
89757,579.7|296.15
89758,458.7|414.1
89759,355.7|554.05
89760,578.75|247.35
89761,257.75|381.8
89762,334.45|485.55
89763,233.2|587.7
89764,427.7|357.5
89765,258.75|334.25
89766,532.9|517.85
89767,380.4|475.15
89768,588.9|417.25
89769,240.25|283.5
89770,378.8|371.75
89771,353.35|585.5
89772,238.15|270.65
89773,520.45|485.65
89774,377.5|231.75
89775,469.15|438.5
89776,563.75|388.95
89777,381.3|323.55
89778,563.95|451.4
89779,420.1|413.45
89780,221.45|522.6
89781,278.55|526.15
89782,452.35|436.45
89783,555.35|254.0
89784,481.45|579.2
89785,286.75|386.35
89786,357.15|333.1
89787,228.1|428.75
89788,435.05|456.15
89789,275.3|575.8
89790,346.1|523.65
89791,555.4|274.85
89792,206.2|512.55
89793,410.75|552.75
89794,334.25|343.65
89795,345.4|506.2
89796,499.25|446.5
89797,524.35|438.05
89798,591.8|361.15
89799,455.75|322.9
89800,278.25|592.55
89801,301.55|345.8
89802,213.9|584.3
89803,388.5|256.5
89804,533.8|544.25
89805,528.15|572.5
89806,297.1|440.95
89807,572.95|298.1
89808,331.7|560.75
89809,278.8|399.2
89810,551.4|582.2
89811,230.65|587.85
89812,401.25|327.2
89813,292.95|409.0
89814,279.9|564.65
89815,335.25|504.2
89816,297.65|440.2
89817,481.25|530.85
89818,279.75|562.35
89819,525.65|392.1
89820,587.1|431.95
89821,388.25|380.6
89822,472.8|523.4
89823,468.1|547.8
89824,233.5|359.25
89825,221.2|480.95
89826,519.2|462.6
89827,592.5|257.25
89828,567.9|513.7
89829,226.6|504.25
89830,546.7|451.45
89831,256.5|277.7
89832,439.6|542.55
89833,468.0|257.25
89834,334.4|249.7
89835,236.7|367.6
89836,397.85|322.55
89837,410.6|523.1
89838,236.4|482.25
89839,330.9|422.65
89840,582.55|372.9
89841,352.65|291.15
89842,287.35|459.9
89843,449.95|531.7
89844,564.45|464.1
89845,272.75|438.15
89846,453.5|336.55
89847,231.95|274.55
89848,523.5|352.25
89849,260.75|590.0
89850,376.55|519.15
89851,296.65|380.25
89852,586.3|560.75
89853,343.1|444.75
89854,574.05|537.15
89855,343.55|538.65
89856,474.1|235.25
89857,382.4|517.9
89858,422.35|440.15
89859,338.25|256.15
89860,521.45|351.5
89861,547.3|533.55
89862,549.1|247.25
89863,499.5|241.55
89864,371.1|414.55
89865,245.4|422.05
89866,393.75|498.05
89867,436.85|525.0
89868,535.2|286.35
89869,387.8|586.5
89870,526.4|320.95
89871,334.65|590.75
89872,266.9|590.6
89873,541.45|243.55
89874,423.35|214.1
89875,341.05|414.55
89876,220.1|342.0
89877,273.2|564.5
89878,407.45|496.55
89879,411.15|337.95
89880,584.0|547.8
89881,442.35|274.1
89882,448.05|441.5
89883,583.45|500.55
89884,385.6|358.05
89885,268.15|518.0
89886,264.95|302.2
89887,234.25|319.1
89888,397.6|488.2
89889,427.95|247.05
89890,442.8|579.85
89891,262.2|274.2
89892,427.7|245.2
89893,421.35|239.3
89894,559.8|242.75
89895,454.05|571.8
89896,547.05|335.05
89897,580.25|298.6
89898,239.45|500.5
89899,365.1|223.65
89900,341.6|518.0
89901,462.95|277.7
89902,465.1|465.95
89903,387.65|591.7
89904,345.5|207.25
89905,568.3|520.6
89906,456.75|347.7
89907,261.3|222.2
89908,258.3|367.65
89909,406.2|362.85
89910,346.55|274.45
89911,240.15|567.8
89912,522.1|434.7
89913,465.95|564.25
89914,242.95|446.35
89915,458.7|363.15
89916,352.7|344.25
89917,217.8|589.45
89918,477.6|415.9
89919,256.4|567.0
89920,320.45|399.0
89921,537.95|568.65
89922,217.5|392.9
89923,254.1|446.95
89924,470.0|254.9
89925,326.3|424.05
89926,568.6|232.7
89927,546.5|357.8
89928,341.3|513.55
89929,551.15|532.9
89930,267.95|467.95
89931,366.65|353.35
89932,267.6|374.45
89933,216.85|406.05
89934,562.35|547.45
89935,214.9|312.6
89936,423.75|498.45
89937,461.5|267.05
89938,392.35|300.05
89939,393.45|375.25
89940,232.0|350.85
89941,329.75|241.75
89942,448.75|590.2
89943,362.05|588.5
89944,480.2|306.25
89945,250.7|453.75
89946,255.4|379.7
89947,236.65|214.05
89948,362.65|342.45
89949,390.8|299.55
89950,454.35|301.95
89951,586.6|413.1
89952,256.75|296.3
89953,347.2|267.15
89954,243.9|299.65
89955,384.1|474.55
89956,413.4|381.0
89957,238.6|305.65
89958,423.45|493.4
89959,214.4|276.25
89960,221.3|226.95
89961,216.7|288.2
89962,565.3|463.65
89963,281.35|447.95
89964,402.1|526.0
89965,208.4|222.9
89966,237.45|413.15
89967,584.6|444.2
89968,471.05|271.5
89969,572.45|401.15
89970,354.4|212.05
89971,272.2|386.35
89972,235.95|218.2
89973,218.85|502.05
89974,420.95|381.95
89975,262.25|551.9
89976,230.85|551.1
89977,568.95|276.3
89978,326.15|338.5
89979,337.95|550.05
89980,563.2|418.65
89981,349.4|245.0
89982,359.8|278.5
89983,548.45|341.45
89984,588.05|317.15
89985,406.9|566.5
89986,338.7|407.35
89987,514.05|487.0
89988,285.35|508.0
89989,536.6|399.3
89990,534.05|271.4
89991,340.35|566.7
89992,365.55|326.4
89993,235.15|579.5
89994,554.1|289.25
89995,346.6|340.7
89996,212.8|582.65
89997,284.05|449.35
89998,428.7|538.5
89999,563.45|435.9
90000,528.4|435.0
90001,236.3|472.5
90002,235.2|396.35
90003,577.25|301.35
90004,233.7|365.6
90005,223.15|421.05
90006,495.75|502.35
90007,226.2|409.95
90008,589.8|415.1
90009,416.45|260.2
90010,395.7|260.45
90011,354.35|266.05
90012,370.0|416.4
90013,270.2|503.35
90014,222.65|465.55
90015,321.85|365.85
90016,542.1|540.2
90017,465.5|447.4
90018,516.25|447.25
90019,351.1|528.5
90020,562.25|467.15
90021,225.55|441.65
90022,237.75|405.45
90023,470.6|311.8
90024,451.95|406.6
90025,321.0|405.05
90026,421.15|561.55
90027,586.85|495.4
90028,472.6|445.55
90029,540.55|322.3
90030,553.45|541.45
90031,566.8|504.3
90032,331.6|419.65
90033,427.85|455.3
90034,458.1|591.7
90035,583.95|459.75
90036,273.3|314.85
90037,251.65|419.8
90038,471.85|458.95
90039,547.55|562.5
90040,534.7|530.55
90041,337.65|396.55
90042,276.25|284.75
90043,471.2|238.35
90044,227.3|319.5
90045,533.85|539.85
90046,334.05|528.0
90047,560.85|425.95
90048,254.6|372.25
90049,354.2|301.1
90050,221.5|451.6
90051,353.55|457.45
90052,414.6|436.45
90053,280.15|269.3
90054,247.05|570.25
90055,474.7|285.0
90056,261.0|564.35
90057,400.45|589.5
90058,284.85|503.3
90059,471.95|231.3
90060,454.65|233.45
90061,409.75|580.25
90062,462.65|407.15
90063,377.3|488.95
90064,249.25|445.05
90065,272.85|544.05
90066,286.3|450.35
90067,367.3|334.25
90068,376.45|324.15
90069,523.0|541.4
90070,548.95|335.8
90071,385.05|290.6
90072,393.45|514.1
90073,261.05|214.1
90074,458.5|424.75
90075,353.7|448.05
90076,565.0|572.2
90077,474.85|354.8
90078,436.35|583.45
90079,396.7|508.55
90080,398.0|221.75
90081,591.05|258.4
90082,414.1|402.1
90083,574.3|382.95
90084,256.8|401.15
90085,254.5|368.55
90086,386.2|255.65
90087,273.95|275.95
90088,539.55|336.4
90089,292.7|464.15
90090,576.15|402.55
90091,543.75|534.2
90092,252.95|233.95
90093,512.2|479.95
90094,424.15|546.6
90095,409.75|334.25
90096,576.4|558.05
90097,457.55|344.5
90098,569.05|464.35
90099,255.45|260.7
90100,335.1|273.9
90101,579.45|497.1
90102,419.15|248.65
90103,479.65|479.5
90104,386.75|498.3
90105,316.0|345.95
90106,548.2|247.4
90107,251.25|570.0
90108,559.25|346.55
90109,228.6|258.9
90110,538.15|429.45
90111,254.65|443.25
90112,397.85|566.95
90113,323.15|381.9
90114,233.25|348.25
90115,439.15|411.45
90116,371.3|397.0
90117,573.45|320.05
90118,293.3|394.0
90119,348.25|574.3
90120,276.5|298.25
90121,469.7|328.9
90122,286.1|348.3
90123,420.8|387.55
90124,221.35|581.75
90125,421.8|276.65
90126,584.1|253.5
90127,554.15|522.85
90128,573.85|296.3
90129,413.3|208.25
90130,271.55|219.9
90131,356.65|413.15
90132,549.75|279.85
90133,231.1|468.05
90134,587.65|295.2
90135,367.7|355.5
90136,209.55|307.25
90137,222.5|208.8
90138,447.0|231.75
90139,221.75|395.2
90140,363.7|369.1
90141,371.5|573.35
90142,399.5|509.4
90143,382.5|589.1
90144,432.05|351.2
90145,423.75|256.4
90146,445.75|358.75
90147,492.65|511.0
90148,342.05|313.15
90149,206.35|267.85
90150,331.3|313.8
90151,268.95|284.7
90152,381.1|375.4
90153,568.4|315.85
90154,207.95|317.65
90155,442.2|296.35
90156,353.8|345.25
90157,264.2|311.7
90158,326.15|252.05
90159,466.45|314.5
90160,304.9|436.05
90161,590.45|485.3
90162,252.05|421.6
90163,313.15|404.75
90164,343.95|344.8
90165,296.85|416.8
90166,405.25|366.5
90167,251.3|258.0
90168,345.7|524.8
90169,378.35|553.3
90170,286.6|412.15
90171,390.3|498.75
90172,334.8|334.05
90173,572.1|530.15
90174,345.05|449.4
90175,208.4|468.5
90176,299.55|393.45
90177,316.45|357.35
90178,373.15|335.15
90179,557.3|462.95
90180,251.7|578.6
90181,214.35|296.1
90182,587.6|301.1
90183,452.1|253.0
90184,256.65|212.3
90185,373.5|223.8
90186,383.2|347.4
90187,251.2|342.25
90188,274.7|544.35
90189,513.25|350.1
90190,490.65|343.6
90191,429.4|563.3
90192,375.05|453.45
90193,429.05|545.4
90194,210.05|516.25
90195,208.3|581.05
90196,379.2|499.25
90197,252.95|484.05
90198,263.85|352.55
90199,392.6|289.8
90200,333.65|537.2
90201,345.55|581.15
90202,591.85|582.1
90203,209.85|279.15
90204,449.8|246.85
90205,524.4|369.1
90206,468.1|475.75
90207,432.6|437.7
90208,247.05|238.9
90209,581.65|551.35
90210,564.15|470.3
90211,322.9|355.15
90212,226.3|489.05
90213,210.3|285.65
90214,353.85|441.25
90215,336.75|223.85
90216,374.1|216.55
90217,569.25|236.6
90218,386.15|378.9
90219,335.8|349.9
90220,463.6|465.45
90221,562.65|281.6
90222,426.85|472.75
90223,393.7|299.4
90224,437.1|358.65
90225,426.85|218.75
90226,480.6|369.15
90227,444.1|398.9
90228,452.95|241.25
90229,413.6|592.05
90230,424.45|384.95
90231,265.6|281.7
90232,237.9|466.15
90233,300.7|463.3
90234,217.2|317.1
90235,307.8|332.35
90236,469.4|295.05
90237,208.6|369.05
90238,247.65|387.75
90239,403.6|554.1
90240,392.45|445.5
90241,427.4|236.05
90242,227.6|235.2
90243,214.3|358.75
90244,419.35|284.2
90245,462.75|575.8
90246,280.35|589.55
90247,472.8|462.75
90248,413.8|589.15
90249,211.4|248.25
90250,254.25|588.35
90251,347.85|556.05
90252,238.85|571.15
90253,437.35|580.6
90254,391.2|356.55
90255,206.3|582.35
90256,471.3|236.2
90257,532.75|434.4
90258,591.85|294.05
90259,461.45|570.75
90260,251.6|371.95
90261,570.6|513.5
90262,463.25|290.3
90263,558.5|502.35
90264,287.3|586.3
90265,569.35|547.15
90266,458.95|239.3
90267,257.55|461.05
90268,219.85|584.45
90269,591.25|226.95
90270,222.95|475.3
90271,279.35|254.9
90272,336.7|394.0
90273,428.4|442.9
90274,284.0|418.2
90275,289.0|536.1
90276,533.25|572.45
90277,209.75|506.95
90278,225.65|341.75
90279,428.5|354.3
90280,288.8|263.25
90281,223.15|584.25
90282,451.2|343.3
90283,377.75|258.35
90284,218.55|532.85
90285,576.1|582.6
90286,580.7|438.2
90287,299.9|427.35
90288,340.1|325.5
90289,266.55|327.25
90290,418.4|577.1
90291,237.25|261.75
90292,557.55|457.35
90293,576.4|222.85
90294,496.3|211.65
90295,216.1|543.5
90296,250.85|241.65
90297,273.7|347.25
90298,311.0|550.7
90299,443.45|367.8
90300,427.45|491.75
90301,578.1|317.5
90302,542.95|493.95
90303,304.05|452.9
90304,257.05|350.25
90305,590.8|499.5
90306,529.8|363.3
90307,414.9|437.6
90308,543.95|427.6
90309,433.3|474.85
90310,579.1|489.1
90311,589.3|393.5
90312,463.15|419.45
90313,458.3|437.5
90314,318.3|334.3
90315,450.85|510.85
90316,355.6|261.05
90317,588.45|480.3
90318,543.8|516.05
90319,588.7|518.05
90320,371.7|576.6
90321,266.95|557.15
90322,585.9|469.3
90323,274.55|554.05
90324,585.55|496.1
90325,308.4|516.9
90326,221.95|281.8
90327,279.5|444.9
90328,381.65|555.9
90329,590.5|210.85
90330,243.5|534.2
90331,429.55|581.8
90332,578.95|533.95
90333,449.6|581.9
90334,387.8|529.75
90335,285.95|275.0
90336,414.35|411.0
90337,282.75|551.7
90338,468.1|277.0
90339,352.95|286.45
90340,591.45|552.8
90341,242.5|340.7
90342,563.9|457.55
90343,406.85|380.5
90344,349.5|296.25
90345,533.9|371.7
90346,320.4|234.55
90347,214.0|371.85
90348,217.1|241.35
90349,351.5|445.25
90350,274.75|455.0
90351,285.1|352.1
90352,387.4|214.4
90353,399.1|514.1
90354,592.65|416.85
90355,488.65|489.85
90356,207.85|587.35
90357,247.8|357.3
90358,536.85|503.9
90359,287.75|499.2
90360,463.75|324.45
90361,222.75|497.9
90362,550.25|539.95
90363,459.95|473.1
90364,348.35|462.7
90365,413.0|368.1
90366,562.05|507.95
90367,429.1|385.9
90368,465.4|226.95
90369,479.0|357.0
90370,269.0|545.15
90371,305.1|448.25
90372,406.45|333.7
90373,570.55|543.75
90374,564.05|574.4
90375,465.5|389.1
90376,212.15|332.35
90377,345.15|533.9
90378,420.35|524.05
90379,571.65|338.0
90380,521.85|536.2
90381,355.8|375.15
90382,235.1|381.35
90383,569.8|232.6
90384,459.0|585.1
90385,530.0|528.55
90386,284.65|371.55
90387,440.5|532.05
90388,270.25|572.85
90389,289.9|433.35
90390,573.9|590.7
90391,424.1|537.1
90392,247.95|564.0
90393,335.25|336.9
90394,205.4|549.45
90395,561.65|563.05
90396,483.2|268.75
90397,229.0|242.3
90398,553.6|484.15
90399,398.95|366.1
90400,218.05|399.3
90401,264.35|468.9
90402,395.65|397.3
90403,394.45|499.5
90404,475.9|349.75
90405,456.7|220.9
90406,543.05|339.4
90407,266.7|365.8
90408,377.65|584.5
90409,431.55|440.75
90410,418.55|559.55
90411,236.7|280.0
90412,409.65|549.8
90413,232.85|492.1
90414,231.6|241.8
90415,333.3|335.0
90416,372.7|403.2
90417,554.6|261.25
90418,350.35|513.8
90419,550.55|554.75
90420,257.8|498.5
90421,491.0|479.15
90422,288.1|386.95
90423,560.65|527.35
90424,466.0|325.85
90425,551.2|235.85
90426,585.15|594.5
90427,293.85|316.3
90428,570.8|389.7
90429,289.95|512.95
90430,260.25|582.75
90431,286.45|446.2
90432,511.85|488.55
90433,528.6|565.1
90434,493.3|225.4
90435,581.05|215.3
90436,367.05|277.15
90437,417.85|366.1
90438,541.0|556.85
90439,343.35|520.9
90440,282.5|509.1
90441,231.85|349.25
90442,480.75|238.45
90443,399.25|207.35
90444,248.35|489.85
90445,222.2|309.6
90446,282.0|282.85
90447,224.85|475.1
90448,593.7|282.95
90449,386.15|425.8
90450,256.45|326.7
90451,239.5|573.35
90452,438.55|264.85
90453,592.35|595.25
90454,323.45|555.75
90455,394.0|240.75
90456,470.35|394.5
90457,346.7|224.1
90458,381.7|571.35
90459,212.1|380.75
90460,467.05|217.9
90461,589.2|214.05
90462,377.1|378.85
90463,402.15|580.95
90464,229.15|480.0
90465,278.15|323.3
90466,453.35|405.1
90467,295.45|427.3
90468,294.25|487.75
90469,410.15|368.35
90470,260.25|285.1
90471,472.25|264.8
90472,377.8|389.3
90473,219.45|303.5
90474,469.9|261.35
90475,269.6|213.55
90476,350.65|581.5
90477,351.95|236.15
90478,430.15|405.4
90479,292.2|429.55
90480,260.05|323.9
90481,398.65|543.6
90482,433.6|496.8
90483,278.75|364.9
90484,260.0|285.8
90485,327.1|509.95
90486,301.25|432.9
90487,500.1|383.6
90488,517.4|231.45
90489,491.3|462.6
90490,266.75|294.8
90491,414.95|577.25
90492,326.4|432.2
90493,459.85|587.1
90494,395.15|330.4
90495,225.85|404.65
90496,429.15|506.2
90497,429.9|516.6
90498,284.75|484.35
90499,459.8|413.85
90500,558.8|410.95
90501,518.15|460.9
90502,476.4|310.75
90503,410.85|438.25
90504,396.8|390.35
90505,471.35|455.85
90506,467.25|235.35
90507,242.85|469.9
90508,412.55|325.15
90509,583.65|505.75
90510,351.3|274.0
90511,330.45|564.45
90512,284.6|302.0
90513,208.95|273.75
90514,414.4|276.7
90515,579.1|498.6
90516,277.05|587.5
90517,588.6|298.5
90518,467.6|325.6
90519,486.2|461.6
90520,249.95|220.3
90521,249.8|490.15
90522,359.25|273.25
90523,468.15|355.95
90524,342.45|411.4
90525,263.85|427.35
90526,338.85|289.15
90527,463.45|525.45
90528,268.25|256.95
90529,385.6|550.5
90530,586.85|381.0
90531,519.4|498.2
90532,341.05|332.7
90533,424.0|457.65
90534,284.85|587.85
90535,289.25|316.3
90536,392.2|555.7
90537,276.85|541.9
90538,343.85|344.85
90539,432.95|388.85
90540,248.0|579.35
90541,247.2|281.3
90542,435.25|478.2
90543,365.9|274.45
90544,570.6|549.2
90545,246.05|556.55
90546,269.25|343.25
90547,353.05|282.2
90548,593.6|486.5
90549,455.9|373.8
90550,446.15|590.35
90551,391.65|585.95
90552,560.8|281.55
90553,588.55|509.15
90554,467.55|274.45
90555,451.05|480.15
90556,440.85|515.1
90557,339.25|518.9
90558,572.3|413.65
90559,217.0|276.85
90560,282.15|542.65
90561,256.15|406.5
90562,387.15|332.05
90563,449.05|305.2
90564,526.8|407.0
90565,579.7|593.75
90566,274.9|578.55
90567,383.65|586.85
90568,357.45|592.45
90569,437.65|304.55
90570,591.7|421.6
90571,272.4|365.3
90572,546.4|542.5
90573,230.15|207.85
90574,427.95|212.25
90575,227.25|579.85
90576,346.3|517.75
90577,469.2|511.25
90578,578.35|386.85
90579,453.65|447.75
90580,352.95|432.6
90581,285.55|407.85
90582,395.35|576.4
90583,464.35|278.5
90584,237.0|291.15
90585,432.6|560.4
90586,256.8|490.0
90587,405.75|455.1
90588,381.15|287.85
90589,276.85|247.25
90590,444.05|493.0
90591,541.8|475.05
90592,589.2|275.7
90593,309.4|376.65
90594,328.75|339.5
90595,467.0|550.9
90596,560.05|473.4
90597,584.5|339.55
90598,454.5|577.9
90599,221.4|263.2
90600,414.7|467.4
90601,373.1|262.35
90602,353.5|207.8
90603,483.6|514.3
90604,243.15|379.35
90605,282.6|485.05
90606,404.65|540.55
90607,297.3|386.45
90608,374.25|211.9
90609,479.6|221.35
90610,242.6|288.95
90611,369.9|578.4
90612,435.15|307.95
90613,537.75|467.7
90614,358.75|218.2
90615,383.3|365.8
90616,532.75|522.8
90617,453.65|375.3
90618,408.2|356.5
90619,219.1|236.15
90620,277.2|593.5
90621,545.35|335.4
90622,409.2|457.95
90623,350.7|241.95
90624,380.45|221.8
90625,476.15|329.55
90626,573.5|231.9
90627,539.25|321.75
90628,288.25|564.0
90629,474.05|366.85
90630,341.15|243.9
90631,459.5|453.2
90632,417.65|278.25
90633,543.25|533.85
90634,234.3|247.5
90635,256.3|307.3
90636,214.75|301.7
90637,443.65|589.85
90638,549.85|278.95
90639,370.75|449.75
90640,381.75|391.55
90641,352.1|268.65
90642,444.75|442.3
90643,230.6|256.4
90644,372.75|413.65
90645,247.9|470.0
90646,205.7|583.1
90647,573.25|318.9
90648,422.95|426.85
90649,265.7|319.45
90650,230.15|276.85
90651,373.85|341.4
90652,371.55|275.65
90653,254.85|288.65
90654,214.75|419.8
90655,226.45|227.7
90656,376.25|284.85
90657,318.9|332.9
90658,425.45|589.15
90659,434.5|558.35
90660,476.9|472.1
90661,412.45|579.05
90662,354.15|215.75
90663,243.05|499.35
90664,320.05|424.2
90665,392.1|232.65
90666,542.2|531.1
90667,241.15|553.15
90668,468.85|448.9
90669,248.55|441.1
90670,398.85|559.7
90671,418.85|585.0
90672,591.5|504.85
90673,559.7|494.45
90674,467.55|381.85
90675,386.3|402.8
90676,425.85|494.7
90677,560.3|254.2
90678,347.5|236.8
90679,252.15|263.45
90680,287.15|245.35
90681,263.4|539.85
90682,465.6|455.65
90683,319.7|329.1
90684,388.7|394.8
90685,585.1|225.1
90686,403.75|350.15
90687,385.6|221.8
90688,407.15|579.95
90689,247.25|222.6
90690,533.75|514.95
90691,363.5|353.15
90692,436.4|495.45
90693,345.2|218.3
90694,393.95|297.65
90695,429.7|523.25
90696,464.25|450.25
90697,299.6|391.05
90698,477.1|428.3
90699,369.5|266.65
90700,301.15|427.45
90701,287.0|589.0
90702,288.25|462.5
90703,235.4|415.0
90704,552.95|338.4
90705,465.85|309.6
90706,471.55|247.3
90707,226.25|572.6
90708,455.05|577.1
90709,285.85|298.55
90710,469.2|303.8
90711,438.15|578.55
90712,441.8|306.15
90713,544.95|593.6
90714,464.5|288.35
90715,316.8|457.55
90716,330.85|536.0
90717,284.85|545.5
90718,444.7|396.8
90719,256.8|576.05
90720,230.2|485.2
90721,552.9|463.85
90722,488.75|365.1
90723,389.65|586.55
90724,246.25|399.7
90725,539.9|517.3
90726,355.1|209.15
90727,349.05|588.55
90728,407.7|430.8
90729,586.7|568.05
90730,327.85|354.6
90731,290.4|458.7
90732,397.45|457.35
90733,458.75|376.0
90734,445.2|451.6
90735,344.1|568.95
90736,266.25|530.2
90737,408.6|527.7
90738,540.9|335.8
90739,472.1|322.85
90740,227.8|436.45
90741,458.1|256.05
90742,376.3|290.7
90743,256.75|263.15
90744,251.0|217.45
90745,392.35|588.65
90746,215.7|410.35
90747,464.0|241.75
90748,235.95|285.55
90749,576.45|540.9
90750,387.5|388.2
90751,567.1|404.85
90752,297.4|567.1
90753,556.95|332.8
90754,291.9|356.9
90755,577.6|366.65
90756,466.9|526.05
90757,295.15|376.65
90758,584.6|427.95
90759,237.65|536.05
90760,267.35|496.8
90761,587.55|324.05
90762,351.85|387.65
90763,589.65|279.6
90764,272.2|499.8
90765,350.55|214.55
90766,255.45|541.35
90767,251.55|418.55
90768,453.7|281.9
90769,382.95|500.7
90770,536.1|443.4
90771,478.1|221.75
90772,263.0|279.2
90773,417.95|360.95
90774,235.1|277.5
90775,226.1|410.55
90776,403.0|481.1
90777,586.75|255.4
90778,306.75|483.1
90779,345.0|283.75
90780,375.9|217.6
90781,357.0|291.15
90782,535.9|245.45
90783,589.2|301.35
90784,226.25|435.25
90785,358.35|410.75
90786,583.1|262.75
90787,256.25|460.9
90788,278.55|423.5
90789,355.0|209.5
90790,574.15|489.95
90791,240.7|540.85
90792,536.5|324.05
90793,240.75|510.55
90794,208.7|290.5
90795,408.05|571.7
90796,268.65|583.45
90797,448.5|386.95
90798,250.3|365.35
90799,274.9|553.95
90800,537.65|571.2
90801,264.3|264.1
90802,470.65|559.55
90803,527.8|503.25
90804,273.75|456.15
90805,474.95|277.45
90806,391.95|467.05
90807,412.25|586.3
90808,388.15|345.35
90809,331.5|419.85
90810,364.9|584.6
90811,560.8|430.15
90812,390.45|369.0
90813,354.45|286.55
90814,594.6|397.9
90815,526.7|497.6
90816,370.65|508.7
90817,421.55|384.9
90818,356.55|454.25
90819,278.5|337.1
90820,248.1|511.25
90821,285.7|384.65
90822,441.35|458.45
90823,356.9|347.45
90824,426.45|590.95
90825,251.55|313.3
90826,494.35|348.9
90827,428.2|242.7
90828,327.9|567.55
90829,455.45|439.45
90830,517.25|470.75
90831,585.5|556.65
90832,592.4|593.05
90833,572.4|588.1
90834,484.25|323.95
90835,358.9|218.85
90836,393.75|360.2
90837,254.55|278.35
90838,285.4|332.25
90839,484.05|334.45
90840,282.45|437.8
90841,218.2|308.45
90842,521.4|462.2
90843,355.55|220.25
90844,372.35|456.55
90845,507.8|340.9
90846,487.95|218.1
90847,536.2|221.9
90848,288.3|461.55
90849,482.0|537.6
90850,413.25|553.7
90851,399.95|356.75
90852,268.3|224.3
90853,416.9|215.55
90854,448.85|240.35
90855,375.45|257.45
90856,549.05|326.55
90857,521.75|528.9
90858,233.5|525.4
90859,326.95|537.95
90860,207.8|453.9
90861,233.8|401.85
90862,342.65|515.25
90863,218.25|542.2
90864,296.05|573.35
90865,269.65|582.9
90866,288.1|323.2
90867,346.0|231.45
90868,563.9|583.55
90869,466.55|333.7
90870,391.9|270.35
90871,412.5|443.1
90872,584.85|445.05
90873,393.25|519.25
90874,588.1|499.85
90875,531.2|550.45
90876,347.45|516.55
90877,397.55|253.15
90878,525.4|322.65
90879,309.55|390.7
90880,513.55|368.35
90881,584.6|467.55
90882,466.95|223.6
90883,469.4|228.05
90884,578.95|406.5
90885,283.8|444.3
90886,398.1|284.55
90887,363.75|431.95
90888,221.2|530.25
90889,397.95|238.25
90890,326.7|561.55
90891,233.0|424.9
90892,247.9|413.15
90893,392.9|348.55
90894,232.0|207.45
90895,207.8|457.5
90896,347.15|353.65
90897,258.85|285.3
90898,453.7|301.05
90899,461.2|527.1
90900,551.65|434.85
90901,336.35|388.05
90902,558.6|522.75
90903,443.55|382.55
90904,422.85|488.45
90905,464.6|282.25
90906,220.15|470.6
90907,402.7|546.5
90908,408.65|388.2
90909,231.7|424.35
90910,268.45|287.55
90911,589.35|217.0
90912,363.55|439.8
90913,225.7|478.15
90914,309.3|582.65
90915,347.0|501.4
90916,276.65|429.2
90917,288.1|491.95
90918,552.1|350.8
90919,254.95|433.4
90920,344.3|540.85
90921,394.2|415.05
90922,449.95|315.55
90923,452.2|238.05
90924,582.2|515.65
90925,269.45|588.5
90926,357.3|574.3
90927,539.15|342.35
90928,295.8|577.35
90929,254.35|586.7
90930,343.55|497.8
90931,533.65|291.85
90932,560.1|475.45
90933,435.25|343.05
90934,364.3|505.4
90935,485.45|317.0
90936,351.55|237.85
90937,402.8|490.75
90938,389.25|567.1
90939,291.5|385.65
90940,296.75|535.7
90941,440.2|267.9
90942,298.85|522.45
90943,218.8|480.15
90944,388.75|223.35
90945,541.6|526.65
90946,563.95|432.85
90947,568.2|284.5
90948,398.9|484.55
90949,471.6|469.3
90950,426.95|498.15
90951,472.95|465.85
90952,442.65|248.7
90953,477.0|268.5
90954,223.9|255.35
90955,403.15|544.85
90956,472.55|463.25
90957,498.95|343.1
90958,588.05|260.2
90959,482.6|330.95
90960,286.3|468.9
90961,214.1|528.95
90962,252.95|478.5
90963,287.7|333.65
90964,214.45|579.3
90965,221.75|230.75
90966,362.15|361.2
90967,562.9|588.75
90968,340.0|329.0
90969,334.25|220.25
90970,408.45|368.7
90971,590.45|356.5
90972,241.05|242.95
90973,283.75|547.8
90974,586.3|591.4
90975,464.5|448.6
90976,427.25|278.85
90977,544.1|335.85
90978,288.85|389.95
90979,580.85|457.1
90980,545.35|238.25
90981,209.2|235.85
90982,361.25|447.3
90983,483.45|294.2
90984,477.0|439.35
90985,573.8|364.2
90986,280.85|493.55
90987,217.15|246.05
90988,584.05|417.15
90989,583.25|563.75
90990,254.65|210.4
90991,542.85|335.45
90992,466.05|494.35
90993,461.75|326.65
90994,269.15|554.9
90995,465.8|356.25
90996,367.4|280.95
90997,529.65|567.9
90998,496.65|232.1
90999,595.0|264.65
91000,271.9|374.1
91001,408.55|590.45
91002,532.65|493.7
91003,345.0|555.75
91004,389.75|293.45
91005,342.35|317.9
91006,231.7|327.8
91007,432.5|585.4
91008,301.5|356.0
91009,545.65|579.75
91010,210.0|561.35
91011,246.45|254.85
91012,542.15|257.8
91013,444.3|563.7
91014,272.1|283.2
91015,371.6|417.45
91016,442.9|316.4
91017,427.05|591.95
91018,384.75|228.7
91019,464.4|527.35
91020,516.2|520.5
91021,233.95|261.65
91022,479.9|465.35
91023,517.8|545.5
91024,465.8|267.1
91025,425.95|370.8
91026,441.7|459.6
91027,381.45|292.25
91028,210.75|272.85
91029,477.8|467.05
91030,468.45|542.95
91031,475.6|221.35
91032,384.9|285.15
91033,276.3|380.75
91034,354.65|435.15
91035,224.35|459.55
91036,567.8|441.25
91037,276.8|258.55
91038,339.05|344.4
91039,340.9|337.8
91040,395.45|424.5
91041,435.55|553.15
91042,265.9|410.5
91043,468.95|296.45
91044,337.6|568.85
91045,328.15|253.8
91046,361.2|338.65
91047,230.85|538.95
91048,407.8|246.45
91049,428.1|247.2
91050,553.05|456.4
91051,241.85|388.1
91052,379.45|290.6
91053,531.3|346.8
91054,365.6|208.4
91055,524.9|515.9
91056,286.4|444.2
91057,459.7|457.75
91058,550.95|235.3
91059,558.1|230.9
91060,496.1|363.35
91061,215.65|579.35
91062,451.95|325.25
91063,263.15|263.2
91064,245.25|337.4
91065,311.25|353.1
91066,214.4|286.0
91067,455.6|563.9
91068,340.85|256.95
91069,299.65|365.4
91070,280.2|367.8
91071,229.7|335.9
91072,585.85|490.1
91073,537.75|385.95
91074,414.05|562.85
91075,273.9|266.25
91076,582.15|390.9
91077,223.1|501.75
91078,484.1|337.05
91079,372.5|418.1
91080,329.7|501.75
91081,415.3|232.0
91082,262.45|258.75
91083,336.75|590.05
91084,284.7|322.75
91085,217.9|215.55
91086,414.6|582.65
91087,593.25|580.55
91088,215.55|582.9
91089,347.8|216.3
91090,461.05|255.1
91091,226.2|388.8
91092,268.05|563.3
91093,432.9|434.55
91094,239.15|488.25
91095,295.35|487.4
91096,589.95|214.4
91097,383.25|207.0
91098,366.6|484.2
91099,350.85|276.05
91100,301.3|369.75
91101,463.15|566.2
91102,215.15|339.05
91103,283.0|497.3
91104,475.65|377.85
91105,542.8|546.15
91106,318.25|341.0
91107,375.95|241.8
91108,328.05|424.25
91109,363.5|579.25
91110,361.45|337.7
91111,382.95|289.6
91112,536.65|502.7
91113,231.9|394.6
91114,266.65|225.4
91115,220.45|499.35
91116,346.6|590.6
91117,392.15|325.6
91118,459.55|587.85
91119,568.3|555.05
91120,226.55|534.95
91121,230.25|533.95
91122,404.25|501.75
91123,586.55|342.25
91124,341.15|301.45
91125,320.2|396.65
91126,522.05|534.25
91127,235.5|592.6
91128,567.35|303.4
91129,368.55|340.85
91130,263.2|283.45
91131,333.7|414.4
91132,436.15|308.1
91133,558.15|312.35
91134,423.45|258.35
91135,580.55|376.5
91136,532.55|538.45
91137,288.9|546.7
91138,513.55|365.2
91139,302.3|356.9
91140,290.5|378.3
91141,268.8|405.55
91142,435.4|240.6
91143,234.15|408.8
91144,262.6|458.35
91145,523.95|513.45
91146,570.45|318.45
91147,413.8|570.3
91148,271.3|349.8
91149,414.45|417.4
91150,483.1|271.7
91151,586.65|307.75
91152,225.1|226.95
91153,587.55|361.5
91154,375.2|415.35
91155,387.7|464.35
91156,272.05|274.15
91157,449.6|464.65
91158,365.95|324.7
91159,304.65|520.5
91160,387.05|394.3
91161,320.3|380.5
91162,348.45|400.9
91163,282.1|387.2
91164,296.45|408.6
91165,408.8|204.25
91166,518.3|488.3
91167,223.45|413.25
91168,286.7|436.6
91169,560.95|591.85
91170,292.35|343.8
91171,571.7|491.75
91172,418.65|465.1
91173,228.15|259.85
91174,468.55|254.55
91175,250.6|548.15
91176,246.05|573.8
91177,322.05|376.3
91178,448.7|386.65
91179,384.1|269.1
91180,265.45|508.3
91181,471.65|464.85
91182,229.0|268.1
91183,537.55|528.4
91184,255.3|440.3
91185,283.8|407.15
91186,234.0|360.2
91187,576.1|335.0
91188,424.15|531.9
91189,476.9|355.85
91190,367.95|593.55
91191,483.9|304.9
91192,253.1|374.65
91193,244.9|294.45
91194,438.85|535.55
91195,481.3|478.15
91196,247.05|428.3
91197,392.8|518.5
91198,552.5|412.05
91199,383.1|593.5
91200,248.45|395.15
91201,588.4|571.05
91202,208.5|403.85
91203,238.85|494.55
91204,378.85|265.65
91205,549.1|529.95
91206,468.95|500.95
91207,528.85|552.5
91208,280.6|377.6
91209,281.45|330.15
91210,537.25|348.6
91211,457.25|585.55
91212,321.05|438.9
91213,530.6|501.85
91214,461.05|417.0
91215,291.45|327.5
91216,230.3|393.5
91217,553.7|304.6
91218,394.25|250.9
91219,278.3|381.6
91220,416.95|482.75
91221,444.45|236.05
91222,503.5|456.1
91223,520.8|354.35
91224,472.25|296.55
91225,481.3|449.5
91226,347.9|305.6
91227,345.85|337.8
91228,223.3|308.1
91229,586.9|382.3
91230,230.8|227.7
91231,417.9|454.25
91232,249.85|210.6
91233,264.15|265.25
91234,538.25|484.15
91235,463.6|531.7
91236,391.5|414.3
91237,387.1|371.0
91238,245.45|368.15
91239,404.0|488.15
91240,506.2|530.75
91241,357.6|337.45
91242,344.05|522.0
91243,528.1|562.0
91244,423.0|232.6
91245,371.8|207.25
91246,265.6|279.8
91247,449.6|395.3
91248,322.2|340.75
91249,365.7|210.1
91250,357.4|578.45
91251,215.0|327.3
91252,456.25|220.65
91253,280.05|379.0
91254,400.6|444.15
91255,409.8|396.3
91256,401.85|547.5
91257,220.1|221.2
91258,576.75|408.5
91259,546.35|517.0
91260,218.7|300.75
91261,286.65|330.25
91262,329.85|376.9
91263,342.55|556.95
91264,416.6|542.05
91265,520.9|281.25
91266,347.1|255.65
91267,350.6|249.95
91268,224.3|314.45
91269,214.55|237.5
91270,298.7|357.8
91271,310.75|411.35
91272,341.8|559.55
91273,388.3|565.65
91274,233.9|443.1
91275,360.05|336.55
91276,541.6|291.25
91277,548.65|376.25
91278,360.8|457.7
91279,371.2|311.65
91280,271.4|561.55
91281,368.5|483.1
91282,451.2|459.25
91283,362.25|301.35
91284,211.15|323.5
91285,221.35|309.9
91286,421.1|391.55
91287,290.95|342.6
91288,244.9|257.25
91289,389.5|527.6
91290,537.05|276.85
91291,517.15|500.05
91292,431.0|457.1
91293,519.55|367.8
91294,541.25|268.95
91295,583.85|479.3
91296,448.1|393.25
91297,375.2|302.45
91298,265.9|251.1
91299,539.1|336.4
91300,337.9|214.4
91301,410.95|322.9
91302,461.25|245.35
91303,407.35|551.8
91304,539.1|281.1
91305,269.35|590.95
91306,470.0|428.25
91307,533.2|339.75
91308,387.65|255.45
91309,245.9|362.9
91310,368.0|361.3
91311,230.15|584.15
91312,230.55|223.3
91313,530.65|337.9
91314,342.35|519.55
91315,506.7|221.6
91316,298.3|361.25
91317,369.0|310.95
91318,361.55|497.15
91319,463.5|263.3
91320,211.55|257.05
91321,520.4|422.85
91322,368.35|209.9
91323,584.45|272.95
91324,518.55|435.9
91325,404.6|579.45
91326,529.3|455.75
91327,401.95|543.5
91328,365.8|281.3
91329,492.9|482.65
91330,221.95|291.0
91331,273.35|278.35
91332,457.75|465.65
91333,475.5|221.65
91334,463.85|277.85
91335,544.3|456.65
91336,369.85|278.45
91337,452.45|483.4
91338,225.75|426.45
91339,511.3|315.45
91340,366.65|219.45
91341,466.05|486.2
91342,409.3|296.85
91343,413.65|223.05
91344,344.85|526.3
91345,473.0|551.3
91346,470.35|453.1
91347,466.75|390.6
91348,346.65|282.9
91349,508.9|558.45
91350,361.0|279.55
91351,455.95|321.85
91352,475.95|312.35
91353,451.25|395.15
91354,362.35|526.45
91355,529.95|426.25
91356,422.65|440.8
91357,385.95|566.8
91358,280.15|399.95
91359,560.35|238.8
91360,264.3|271.45
91361,477.25|458.55
91362,292.3|593.95
91363,458.4|452.8
91364,470.5|505.2
91365,586.65|366.7
91366,351.65|220.85
91367,549.4|447.45
91368,528.65|279.9
91369,236.8|593.65
91370,442.75|361.2
91371,341.0|364.95
91372,270.55|371.0
91373,229.75|382.95
91374,410.3|230.25
91375,533.55|536.9
91376,265.15|433.3
91377,592.05|509.0
91378,505.75|513.75
91379,402.7|346.95
91380,574.55|330.9
91381,562.1|517.65
91382,285.5|335.95
91383,590.75|382.45
91384,232.95|501.8
91385,345.9|459.5
91386,368.5|244.8
91387,388.65|479.95
91388,473.85|347.65
91389,474.6|469.65
91390,513.9|440.35
91391,483.75|344.8
91392,434.35|440.95
91393,238.2|275.4
91394,303.6|311.55
91395,503.7|370.6
91396,444.05|585.15
91397,572.4|309.15
91398,253.65|566.0
91399,208.5|522.0
91400,382.75|257.55
91401,522.7|274.6
91402,368.85|298.1
91403,345.8|214.2
91404,279.3|313.05
91405,447.9|304.85
91406,496.1|490.8
91407,347.9|387.55
91408,321.95|281.3
91409,456.9|469.1
91410,509.85|316.5
91411,430.2|322.35
91412,414.8|422.25
91413,528.2|549.6
91414,283.8|570.75
91415,304.65|359.15
91416,398.15|510.5
91417,222.45|226.65
91418,276.15|592.15
91419,209.9|498.5
91420,557.7|241.2
91421,374.85|401.05
91422,247.55|401.85
91423,554.1|555.65
91424,547.95|327.95
91425,578.2|235.3
91426,542.75|339.45
91427,389.6|302.7
91428,522.9|512.7
91429,564.8|286.6
91430,424.85|345.6
91431,569.2|442.6
91432,457.45|560.55
91433,444.1|307.55
91434,406.7|227.35
91435,575.85|309.65
91436,330.1|353.25
91437,280.8|355.65
91438,525.25|319.25
91439,580.15|556.55
91440,236.55|230.25
91441,530.65|538.95
91442,341.55|346.7
91443,239.15|416.9
91444,359.8|586.85
91445,355.35|352.65
91446,484.05|546.3
91447,585.7|591.85
91448,391.4|502.3
91449,355.85|217.6
91450,547.7|588.85
91451,242.3|439.4
91452,206.25|439.65
91453,531.45|538.35
91454,568.45|309.45
91455,341.3|297.6
91456,382.85|259.2
91457,488.95|448.3
91458,469.25|206.1
91459,415.05|362.0
91460,251.95|529.4
91461,274.2|435.7
91462,211.2|485.85
91463,212.65|308.35
91464,378.4|317.05
91465,545.6|256.85
91466,556.85|538.75
91467,532.65|431.1
91468,573.05|264.6
91469,592.6|378.75
91470,577.65|208.6
91471,582.9|529.85
91472,540.75|516.35
91473,574.55|328.95
91474,234.6|565.35
91475,346.55|401.05
91476,229.25|411.25
91477,262.25|228.25
91478,275.25|264.35
91479,423.1|589.15
91480,365.85|438.55
91481,472.9|564.2
91482,452.85|444.2
91483,439.35|432.4
91484,239.45|227.5
91485,551.05|546.65
91486,262.3|508.05
91487,402.55|371.75
91488,237.7|261.2
91489,437.6|499.1
91490,436.65|509.65
91491,252.0|298.5
91492,518.5|526.95
91493,285.1|430.15
91494,335.05|216.45
91495,475.8|516.6
91496,512.35|518.25
91497,566.5|349.8
91498,522.8|349.95
91499,320.55|415.35
91500,480.85|357.05
91501,589.45|564.0
91502,400.9|525.2
91503,346.6|320.6
91504,450.95|399.05
91505,347.15|343.8
91506,471.25|217.2
91507,439.65|402.75
91508,367.0|588.0
91509,512.3|537.0
91510,570.7|583.65
91511,564.4|281.8
91512,379.95|453.95
91513,383.95|392.2
91514,358.25|247.9
91515,465.55|271.4
91516,456.0|234.55
91517,554.8|465.3
91518,400.15|243.0
91519,578.7|404.85
91520,241.2|231.7
91521,353.15|258.1
91522,348.4|267.3
91523,213.15|300.8
91524,398.0|555.65
91525,217.35|546.2
91526,473.4|349.15
91527,590.4|556.95
91528,264.05|418.55
91529,595.2|503.3
91530,551.85|355.75
91531,451.05|287.25
91532,355.15|275.8
91533,563.05|231.5
91534,306.25|432.25
91535,560.9|531.1
91536,462.4|422.9
91537,442.7|334.45
91538,529.9|557.65
91539,461.45|437.75
91540,570.5|564.65
91541,429.75|227.4
91542,567.15|219.25
91543,422.7|365.35
91544,255.7|249.8
91545,519.55|558.85
91546,466.8|299.5
91547,382.9|220.75
91548,255.05|461.9
91549,379.1|222.35
91550,213.2|247.8
91551,360.35|211.7
91552,553.65|473.3
91553,419.5|372.7
91554,584.55|378.25
91555,579.15|543.3
91556,578.6|582.55
91557,354.65|408.05
91558,410.05|577.95
91559,416.4|475.25
91560,287.0|365.3
91561,355.1|253.65
91562,426.7|519.0
91563,388.4|215.6
91564,426.4|323.3
91565,447.05|285.4
91566,377.2|540.25
91567,443.25|552.7
91568,439.2|443.2
91569,280.2|443.75
91570,278.75|415.5
91571,363.9|281.9
91572,273.8|236.1
91573,404.25|484.75
91574,373.25|383.75
91575,565.9|537.35
91576,565.7|468.25
91577,285.65|445.45
91578,533.35|549.25
91579,263.15|337.3
91580,257.45|453.45
91581,427.05|452.45
91582,459.55|315.3
91583,531.4|515.25
91584,462.0|381.9
91585,532.05|551.85
91586,454.15|215.25
91587,371.05|447.6
91588,464.25|222.2
91589,281.5|447.05
91590,464.2|287.5
91591,577.55|289.25
91592,582.4|311.95
91593,402.05|379.7
91594,554.65|309.7
91595,352.7|216.2
91596,574.55|468.3
91597,266.8|289.45
91598,590.8|560.2
91599,407.25|385.5
91600,389.1|391.3
91601,353.1|221.75
91602,473.2|419.65
91603,414.45|295.2
91604,330.45|496.1
91605,429.5|432.05
91606,337.05|220.85
91607,214.55|459.25
91608,385.35|452.55
91609,525.45|463.45
91610,273.0|363.6
91611,322.1|407.45
91612,366.1|400.55
91613,239.05|507.25
91614,584.5|507.15
91615,408.4|341.05
91616,468.35|465.7
91617,238.55|402.55
91618,427.3|382.1
91619,284.15|447.7
91620,442.7|562.3
91621,559.5|500.45
91622,397.75|340.45
91623,225.35|486.3
91624,384.15|476.65
91625,591.25|426.75
91626,295.05|347.35
91627,371.75|508.35
91628,285.15|382.45
91629,208.2|572.05
91630,278.15|229.0
91631,397.9|341.95
91632,269.35|346.4
91633,217.45|321.75
91634,344.55|326.75
91635,355.5|392.05
91636,583.6|410.2
91637,529.65|420.1
91638,569.15|289.35
91639,370.9|229.3
91640,258.05|228.5
91641,281.15|281.4
91642,229.4|307.45
91643,510.7|529.9
91644,211.9|277.95
91645,210.95|467.9
91646,310.2|394.25
91647,346.35|401.65
91648,450.2|530.3
91649,344.65|442.5
91650,524.05|568.0
91651,424.2|346.0
91652,428.4|372.85
91653,591.05|424.7
91654,419.1|409.65
91655,423.1|331.8
91656,526.15|450.9
91657,528.2|550.25
91658,472.5|501.1
91659,581.1|566.95
91660,378.65|419.1
91661,559.6|317.9
91662,379.0|586.55
91663,361.1|264.3
91664,279.9|502.75
91665,346.2|230.9
91666,213.8|566.35
91667,354.4|465.65
91668,521.6|289.35
91669,370.55|334.1
91670,407.2|230.35
91671,394.5|259.85
91672,368.7|445.15
91673,351.0|334.6
91674,540.6|586.0
91675,333.15|557.7
91676,348.25|266.45
91677,350.65|543.05
91678,561.95|454.6
91679,245.75|579.9
91680,560.55|460.6
91681,528.8|563.65
91682,465.3|274.75
91683,398.1|566.75
91684,552.55|352.4
91685,369.75|485.45
91686,253.7|393.25
91687,391.15|471.1
91688,228.8|585.7
91689,422.95|346.9
91690,541.6|346.45
91691,266.15|283.3
91692,235.3|556.95
91693,558.25|218.2
91694,356.0|592.3
91695,396.8|221.6
91696,213.65|528.6
91697,281.7|430.75
91698,308.7|321.95
91699,470.05|355.45
91700,490.45|509.3
91701,468.65|322.1
91702,495.1|462.8
91703,276.15|563.45
91704,483.65|274.65
91705,480.9|479.5
91706,259.85|215.9
91707,331.1|336.55
91708,294.95|355.6
91709,397.15|389.8
91710,209.3|464.75
91711,472.75|220.05
91712,543.9|267.4
91713,410.3|343.95
91714,573.3|396.0
91715,582.6|226.35
91716,226.85|458.2
91717,584.7|206.45
91718,466.25|521.5
91719,361.6|328.55
91720,237.1|326.3
91721,586.55|394.9
91722,593.6|212.45
91723,419.6|327.7
91724,343.0|443.65
91725,208.95|584.7
91726,463.65|427.25
91727,374.1|376.5
91728,595.45|394.6
91729,528.95|540.55
91730,277.2|573.3
91731,308.05|507.55
91732,426.55|393.75
91733,571.6|587.15
91734,220.65|506.75
91735,445.6|453.6
91736,413.0|241.9
91737,577.45|332.2
91738,354.55|299.1
91739,210.8|586.9
91740,283.15|585.8
91741,381.6|254.35
91742,589.9|262.85
91743,221.85|309.2
91744,456.85|267.7
91745,358.55|236.75
91746,536.55|441.95
91747,265.4|260.6
91748,222.55|215.3
91749,405.55|231.95
91750,568.55|473.7
91751,264.15|394.85
91752,273.75|282.55
91753,257.75|486.55
91754,380.0|259.95
91755,447.9|255.95
91756,249.95|210.4
91757,543.2|474.9
91758,299.75|399.75
91759,292.65|324.55
91760,364.3|208.85
91761,262.6|508.4
91762,267.2|231.1
91763,411.35|427.85
91764,414.0|362.9
91765,288.9|357.1
91766,532.95|539.65
91767,458.2|390.75
91768,260.85|226.45
91769,585.15|419.95
91770,365.6|415.35
91771,213.5|520.2
91772,393.25|259.1
91773,536.0|493.6
91774,287.7|390.95
91775,271.5|444.3
91776,593.8|429.3
91777,425.75|585.25
91778,577.0|280.05
91779,477.15|285.5
91780,266.5|325.1
91781,337.55|396.45
91782,390.9|488.6
91783,447.1|478.2
91784,347.5|557.0
91785,380.35|504.4
91786,461.4|563.45
91787,450.45|449.05
91788,403.0|535.25
91789,350.95|236.75
91790,566.05|304.6
91791,254.95|277.7
91792,214.6|228.1
91793,440.15|211.95
91794,458.4|530.05
91795,570.9|452.05
91796,425.75|415.4
91797,264.5|289.55
91798,459.65|447.95
91799,327.8|315.3
91800,235.35|263.95
91801,404.0|339.2
91802,481.3|247.6
91803,350.7|210.75
91804,409.8|532.7
91805,373.45|341.95
91806,357.65|382.6
91807,239.55|395.9
91808,584.05|505.95
91809,224.3|268.85
91810,568.8|432.75
91811,278.8|537.75
91812,560.5|249.15
91813,407.65|544.4
91814,281.25|386.9
91815,429.7|246.45
91816,545.8|231.75
91817,385.05|403.85
91818,589.45|264.7
91819,266.3|343.1
91820,352.35|257.35
91821,383.25|357.35
91822,578.45|390.75
91823,212.05|581.8
91824,472.95|361.65
91825,379.15|479.9
91826,376.65|493.8
91827,272.65|427.0
91828,364.85|407.8
91829,234.05|220.0
91830,396.65|259.9
91831,292.05|280.6
91832,234.95|491.2
91833,258.6|438.5
91834,565.45|575.7
91835,596.15|261.85
91836,238.75|430.9
91837,316.35|418.3
91838,341.95|397.2
91839,412.35|336.6
91840,211.7|480.7
91841,228.8|278.25
91842,396.75|473.8
91843,466.3|297.15
91844,364.35|277.2
91845,338.7|497.5
91846,279.85|512.15
91847,278.0|581.55
91848,542.35|291.25
91849,359.1|271.15
91850,233.5|407.55
91851,396.25|512.65
91852,365.8|224.75
91853,344.05|576.05
91854,510.55|468.85
91855,225.45|400.8
91856,218.5|590.4
91857,262.5|235.15
91858,227.6|573.2
91859,587.85|410.6
91860,537.1|394.25
91861,222.55|373.8
91862,573.65|220.85
91863,224.05|401.65
91864,562.0|466.25
91865,521.3|568.45
91866,397.65|456.25
91867,372.5|523.1
91868,429.75|540.4
91869,415.95|376.25
91870,291.5|489.5
91871,592.45|355.55
91872,388.1|590.0
91873,354.45|468.95
91874,289.4|532.85
91875,396.05|285.45
91876,442.35|509.55
91877,468.0|482.45
91878,411.15|429.1
91879,387.7|587.7
91880,254.1|293.9
91881,394.8|436.1
91882,237.85|434.85
91883,277.25|298.15
91884,222.75|531.65
91885,457.75|387.75
91886,465.6|400.65
91887,404.5|584.05
91888,346.8|403.75
91889,582.1|215.05
91890,356.35|384.9
91891,275.85|277.85
91892,339.55|268.05
91893,342.5|513.6
91894,512.6|525.6
91895,568.5|544.0
91896,368.7|513.35
91897,227.0|588.9
91898,273.65|446.2
91899,546.9|581.9
91900,241.35|390.1
91901,213.0|485.4
91902,561.15|222.2
91903,409.85|366.3
91904,574.65|292.35
91905,253.05|434.15
91906,544.8|533.6
91907,333.1|593.65
91908,430.15|376.85
91909,216.0|579.0
91910,465.55|450.3
91911,473.65|235.85
91912,586.0|213.4
91913,481.0|514.0
91914,257.1|586.15
91915,365.9|431.95
91916,471.15|291.8
91917,532.5|536.4
91918,358.55|286.45
91919,554.5|531.45
91920,538.5|586.55
91921,407.85|312.8
91922,588.95|366.1
91923,563.75|275.95
91924,308.9|371.25
91925,469.65|294.55
91926,512.95|418.25
91927,584.9|390.6
91928,392.55|464.85
91929,393.45|298.75
91930,338.85|530.45
91931,285.4|372.95
91932,524.45|436.6
91933,524.9|410.65
91934,359.5|441.5
91935,265.05|587.05
91936,258.4|283.7
91937,262.25|502.75
91938,566.5|465.45
91939,588.3|294.0
91940,414.65|392.2
91941,580.9|494.1
91942,344.85|532.55
91943,217.15|506.2
91944,400.05|593.6
91945,282.4|383.1
91946,499.25|432.75
91947,542.8|561.0
91948,363.55|331.0
91949,464.75|384.9
91950,347.35|333.8
91951,391.85|570.65
91952,414.5|458.0
91953,279.2|329.65
91954,575.7|535.7
91955,491.9|343.6
91956,351.75|510.7
91957,503.75|357.85
91958,302.5|402.25
91959,355.3|524.7
91960,329.7|529.85
91961,208.3|392.95
91962,504.95|452.4
91963,517.9|488.5
91964,532.25|437.85
91965,353.2|457.95
91966,572.75|575.1
91967,395.9|478.8
91968,394.85|488.45
91969,408.25|360.9
91970,474.55|453.0
91971,592.45|392.8
91972,465.5|416.95
91973,337.55|575.4
91974,231.35|566.9
91975,390.3|331.95
91976,347.0|587.0
91977,593.5|487.9
91978,566.3|293.5
91979,545.95|223.7
91980,414.45|588.1
91981,513.0|366.75
91982,536.5|547.35
91983,205.3|451.7
91984,349.25|331.4
91985,559.3|527.35
91986,344.9|231.3
91987,592.25|280.6
91988,296.1|453.65
91989,243.7|571.3
91990,584.65|349.9
91991,591.75|374.8
91992,268.95|436.2
91993,445.05|385.0
91994,595.7|260.7
91995,282.9|477.0
91996,394.55|267.3
91997,412.6|231.7
91998,443.0|310.9
91999,588.45|331.85
92000,277.85|363.15
92001,391.6|557.15
92002,553.45|370.0
92003,463.8|309.05
92004,420.85|580.5
92005,562.05|591.85
92006,408.85|330.85
92007,539.05|535.15
92008,586.15|350.3
92009,282.8|469.75
92010,361.5|577.6
92011,319.6|560.3
92012,210.0|515.65
92013,276.75|560.85
92014,432.1|423.55
92015,278.95|537.2
92016,401.95|521.3
92017,400.55|245.0
92018,468.65|276.85
92019,304.0|319.65
92020,580.85|441.4
92021,553.55|219.0
92022,231.1|422.1
92023,452.8|536.8
92024,557.15|593.9
92025,538.4|511.95
92026,501.3|486.75
92027,346.15|311.5
92028,558.8|465.45
92029,559.65|569.7
92030,564.15|224.45
92031,211.05|348.45
92032,522.95|525.75
92033,435.9|551.0
92034,231.9|434.35
92035,381.8|507.15
92036,566.65|224.95
92037,412.4|587.45
92038,450.2|407.35
92039,566.7|445.95
92040,439.4|401.6
92041,444.7|376.8
92042,584.95|568.05
92043,459.2|555.15
92044,278.3|399.95
92045,457.55|385.85
92046,527.35|222.85
92047,413.95|532.35
92048,538.1|406.8
92049,298.25|460.6
92050,355.45|215.75
92051,395.9|417.1
92052,347.4|251.6
92053,481.0|271.65
92054,339.1|441.4
92055,352.7|512.15
92056,500.6|320.85
92057,411.9|238.85
92058,275.1|549.65
92059,244.35|514.5
92060,244.35|553.15
92061,259.95|394.85
92062,431.65|213.5
92063,411.7|564.95
92064,459.35|480.85
92065,291.05|390.25
92066,389.05|243.0
92067,521.1|518.75
92068,391.4|576.2
92069,402.5|438.6
92070,215.85|556.25
92071,352.6|355.9
92072,584.7|434.6
92073,573.35|466.35
92074,433.95|251.1
92075,510.0|509.65
92076,481.0|493.0
92077,265.3|428.8
92078,236.75|584.05
92079,585.85|472.2
92080,594.2|385.15
92081,434.35|221.35
92082,468.5|539.2
92083,462.8|355.65
92084,352.3|453.5
92085,464.9|272.75
92086,220.5|499.7
92087,564.55|319.65
92088,277.5|231.15
92089,291.4|586.0
92090,560.15|286.9
92091,292.3|559.25
92092,315.8|510.4
92093,272.6|547.65
92094,263.15|558.45
92095,544.2|576.3
92096,545.15|441.95
92097,255.35|429.65
92098,583.3|479.5
92099,422.45|256.45
92100,457.85|257.5
92101,245.7|300.7
92102,417.85|567.75
92103,228.1|524.6
92104,237.85|337.6
92105,214.5|256.05
92106,349.3|559.55
92107,365.2|519.25
92108,376.5|488.85
92109,254.9|304.8
92110,541.35|453.25
92111,356.55|520.55
92112,472.05|308.45
92113,255.95|271.6
92114,217.05|296.3
92115,434.4|234.15
92116,290.2|360.6
92117,469.85|223.35
92118,382.35|270.55
92119,536.2|338.5
92120,210.5|510.25
92121,580.0|367.75
92122,561.9|464.25
92123,231.5|574.75
92124,450.0|457.95
92125,449.5|381.45
92126,528.65|537.5
92127,211.05|323.65
92128,346.2|544.95
92129,481.8|513.0
92130,566.15|303.6
92131,259.8|565.3
92132,465.55|590.7
92133,428.25|239.85
92134,409.95|393.05
92135,359.8|212.35
92136,222.25|358.85
92137,471.85|232.85
92138,472.5|413.25
92139,546.45|560.35
92140,222.0|295.05
92141,397.05|510.0
92142,466.65|218.35
92143,378.1|279.85
92144,447.9|364.85
92145,431.05|452.95
92146,584.2|244.75
92147,285.45|480.75
92148,244.7|519.8
92149,232.55|375.4
92150,475.4|276.7
92151,479.0|376.25
92152,576.5|554.05
92153,281.8|329.9
92154,257.5|286.15
92155,451.85|233.65
92156,563.8|473.3
92157,214.3|406.35
92158,421.3|344.6
92159,487.45|472.6
92160,372.05|218.0
92161,274.6|361.65
92162,520.45|547.15
92163,362.6|218.5
92164,275.7|375.55
92165,304.15|438.5
92166,532.2|517.05
92167,228.35|342.2
92168,529.45|566.6
92169,422.2|594.1
92170,230.9|293.45
92171,430.85|551.9
92172,403.4|548.0
92173,345.55|243.7
92174,296.85|575.65
92175,352.0|563.1
92176,422.7|395.0
92177,224.3|575.35
92178,369.65|577.7
92179,557.1|481.15
92180,467.55|311.45
92181,537.2|464.6
92182,368.4|414.2
92183,239.6|549.7
92184,394.55|457.05
92185,230.5|260.8
92186,456.35|288.7
92187,473.5|295.25
92188,436.6|269.9
92189,224.05|375.5
92190,417.05|268.65
92191,249.4|437.85
92192,537.5|333.65
92193,535.2|451.6
92194,246.4|265.15
92195,219.65|464.7
92196,567.4|515.25
92197,475.15|348.15
92198,476.9|273.75
92199,583.25|299.95
92200,580.65|335.05
92201,240.1|226.75
92202,568.5|241.15
92203,536.5|486.15
92204,380.4|428.4
92205,261.45|589.2
92206,325.85|406.85
92207,338.9|584.55
92208,559.3|229.0
92209,409.85|354.85
92210,512.4|308.8
92211,534.3|540.0
92212,208.2|588.7
92213,556.35|334.8
92214,409.5|397.05
92215,388.1|437.95
92216,475.7|466.3
92217,411.9|501.45
92218,436.05|514.1
92219,411.05|333.4
92220,435.7|264.2
92221,544.55|271.95
92222,571.0|406.2
92223,467.85|254.55
92224,307.8|387.85
92225,344.3|564.9
92226,345.7|244.1
92227,592.35|425.8
92228,215.15|588.1
92229,340.75|500.4
92230,452.75|394.95
92231,405.8|225.5
92232,591.05|419.9
92233,374.05|293.6
92234,584.3|527.2
92235,551.45|513.95
92236,273.45|274.85
92237,372.25|386.05
92238,407.55|266.65
92239,211.25|484.2
92240,442.15|489.25
92241,297.2|393.55
92242,278.95|586.75
92243,257.45|596.1
92244,550.95|362.0
92245,348.85|309.55
92246,582.8|285.15
92247,499.3|225.15
92248,353.2|339.3
92249,537.7|396.6
92250,436.7|593.45
92251,575.8|341.35
92252,252.25|457.3
92253,349.3|316.15
92254,443.85|376.45
92255,222.8|223.8
92256,534.55|591.25
92257,529.75|435.25
92258,466.55|267.35
92259,268.6|337.5
92260,245.15|482.55
92261,518.45|515.8
92262,344.5|258.15
92263,580.75|448.3
92264,277.65|269.05
92265,341.6|533.45
92266,421.2|397.85
92267,489.45|242.8
92268,556.7|524.0
92269,251.0|377.95
92270,375.8|325.7
92271,215.65|248.9
92272,370.0|469.15
92273,368.05|287.95
92274,217.95|547.05
92275,436.65|416.7
92276,488.35|343.6
92277,429.65|303.25
92278,376.3|204.25
92279,468.45|567.65
92280,237.75|556.95
92281,563.5|373.55
92282,592.55|361.35
92283,367.75|284.0
92284,294.5|285.95
92285,224.7|519.5
92286,366.5|288.65
92287,205.8|457.8
92288,240.1|478.6
92289,407.7|339.65
92290,522.2|453.05
92291,590.9|373.55
92292,541.25|343.1
92293,269.5|554.55
92294,572.5|539.95
92295,218.75|490.2
92296,267.1|268.25
92297,446.6|583.75
92298,278.0|255.65
92299,570.9|488.65
92300,465.15|445.0
92301,331.0|324.15
92302,571.65|275.1
92303,479.0|302.9
92304,337.15|553.45
92305,400.65|430.85
92306,326.5|343.45
92307,210.7|466.6
92308,434.8|295.95
92309,431.45|488.9
92310,209.1|266.15
92311,455.85|572.3
92312,222.2|437.0
92313,258.1|560.8
92314,304.4|387.5
92315,448.3|542.3
92316,384.3|593.75
92317,440.1|302.85
92318,466.35|363.75
92319,572.85|518.85
92320,478.75|476.6
92321,527.15|439.0
92322,261.55|225.6
92323,559.3|252.8
92324,573.3|223.6
92325,576.95|237.4
92326,396.5|514.55
92327,228.35|462.65
92328,491.25|338.65
92329,468.15|344.2
92330,519.2|400.6
92331,468.75|301.5
92332,451.9|484.35
92333,252.1|562.6
92334,593.4|563.65
92335,300.6|376.35
92336,206.7|589.2
92337,412.55|534.5
92338,434.05|427.8
92339,554.6|579.75
92340,373.85|347.5
92341,209.15|449.85
92342,278.1|373.65
92343,444.6|234.8
92344,559.85|457.25
92345,454.75|568.75
92346,208.75|246.35
92347,463.9|437.05
92348,348.6|289.55
92349,261.05|269.3
92350,577.4|229.7
92351,398.05|232.65
92352,250.05|340.75
92353,480.65|241.35
92354,333.8|492.1
92355,569.1|452.1
92356,578.8|580.4
92357,469.85|222.0
92358,587.0|572.55
92359,420.4|280.3
92360,273.55|411.35
92361,256.8|288.65
92362,277.45|442.05
92363,340.0|241.2
92364,415.65|575.2
92365,486.3|242.25
92366,389.85|586.6
92367,500.85|291.35
92368,334.85|525.6
92369,564.1|213.65
92370,536.5|421.1
92371,370.85|514.3
92372,449.45|496.9
92373,541.5|321.45
92374,461.4|294.7
92375,469.1|318.3
92376,482.5|457.05
92377,520.35|331.9
92378,455.8|396.85
92379,543.8|431.65
92380,285.25|271.85
92381,474.4|242.25
92382,375.05|469.5
92383,499.75|248.95
92384,488.85|522.7
92385,425.15|590.7
92386,419.6|587.55
92387,280.3|339.3
92388,475.45|460.3
92389,210.35|257.35
92390,286.75|487.2
92391,554.65|288.95
92392,368.7|406.55
92393,396.5|549.45
92394,418.85|420.85
92395,538.1|551.8
92396,441.65|552.1
92397,397.15|587.15
92398,406.85|297.7
92399,548.05|242.3
92400,235.55|513.45
92401,557.2|439.65
92402,351.8|405.05
92403,286.5|372.55
92404,210.4|587.3
92405,341.9|217.2
92406,427.6|523.0
92407,336.45|559.05
92408,543.85|594.2
92409,526.85|522.75
92410,296.55|353.9
92411,389.5|298.25
92412,364.5|458.75
92413,540.25|542.75
92414,589.0|267.4
92415,586.15|400.15
92416,251.3|286.0
92417,497.0|305.8
92418,405.0|261.7
92419,225.25|327.65
92420,243.35|334.2
92421,425.6|589.3
92422,343.3|560.4
92423,342.15|353.45
92424,586.3|229.95
92425,276.15|339.3
92426,573.15|422.1
92427,419.35|589.65
92428,586.6|316.95
92429,363.6|377.0
92430,496.9|337.9
92431,249.4|261.7
92432,365.75|357.75
92433,427.3|573.25
92434,315.2|396.8
92435,274.9|453.7
92436,238.9|513.7
92437,385.35|318.7
92438,388.4|585.5
92439,347.95|518.25
92440,254.5|368.55
92441,251.45|497.3
92442,554.2|485.55
92443,251.9|307.8
92444,588.3|589.95
92445,208.55|579.45
92446,420.95|265.8
92447,414.4|307.85
92448,424.5|588.05
92449,550.8|454.4
92450,241.4|221.4
92451,276.25|424.85
92452,236.2|529.5
92453,229.7|493.55
92454,536.5|434.65
92455,385.45|345.65
92456,413.25|580.5
92457,383.3|558.45
92458,449.1|429.6
92459,462.6|450.15
92460,409.7|359.9
92461,228.25|517.65
92462,284.8|325.6
92463,417.35|566.6
92464,569.15|405.95
92465,342.55|376.6
92466,423.0|272.95
92467,224.5|377.65
92468,211.95|578.9
92469,548.2|373.45
92470,530.15|342.0
92471,469.0|545.9
92472,231.4|290.8
92473,559.15|588.0
92474,574.9|501.25
92475,357.85|344.85
92476,410.0|296.3
92477,407.85|499.25
92478,523.25|359.95
92479,337.05|412.85
92480,456.15|529.05
92481,330.05|537.05
92482,473.25|235.65
92483,588.55|480.0
92484,366.3|218.55
92485,209.7|317.9
92486,409.05|230.75
92487,237.5|524.0
92488,216.1|233.5
92489,537.65|569.45
92490,438.9|385.35
92491,584.25|269.85
92492,405.5|324.95
92493,429.3|258.95
92494,451.95|240.6
92495,364.65|386.35
92496,452.6|545.0
92497,377.05|285.55
92498,335.0|333.95
92499,370.05|562.4
92500,459.8|419.35
92501,350.25|369.35
92502,259.35|280.4
92503,570.35|334.1
92504,409.55|439.25
92505,392.4|567.15
92506,383.8|268.7
92507,243.0|579.85
92508,523.8|416.8
92509,206.35|234.3
92510,416.4|577.5
92511,469.45|358.2
92512,438.85|436.75
92513,358.0|338.9
92514,429.55|238.55
92515,453.3|518.65
92516,246.7|400.6
92517,296.65|557.65
92518,403.85|591.85
92519,454.25|510.4
92520,526.15|283.55
92521,372.35|406.35
92522,444.05|573.8
92523,571.35|267.25
92524,363.75|286.75
92525,228.6|527.65
92526,287.7|383.75
92527,228.6|404.25
92528,458.7|353.05
92529,538.15|539.0
92530,561.1|252.5
92531,235.45|357.0
92532,240.8|501.1
92533,514.95|453.5
92534,523.8|337.6
92535,526.85|345.95
92536,554.75|307.85
92537,572.4|496.05
92538,476.8|498.85
92539,551.3|300.25
92540,387.2|488.2
92541,285.55|416.95
92542,535.1|366.95
92543,312.95|416.8
92544,538.2|333.05
92545,379.2|292.45
92546,454.3|566.3
92547,456.25|567.1
92548,345.7|435.15
92549,570.25|436.5
92550,402.2|412.55
92551,385.95|531.5
92552,360.7|538.6
92553,470.35|468.35
92554,551.95|475.9
92555,340.25|532.25
92556,357.25|291.9
92557,269.6|343.5
92558,444.25|369.8
92559,377.7|449.65
92560,472.8|473.15
92561,230.3|368.15
92562,379.6|555.5
92563,219.6|388.5
92564,589.75|209.5
92565,527.65|418.55
92566,520.2|373.9
92567,424.7|515.9
92568,366.55|491.9
92569,439.2|243.15
92570,516.15|501.4
92571,432.25|463.7
92572,454.8|312.4
92573,407.3|350.45
92574,214.35|306.5
92575,414.15|221.15
92576,290.25|330.8
92577,390.1|585.9
92578,349.7|220.6
92579,232.5|579.95
92580,385.7|488.05
92581,477.6|426.0
92582,282.7|245.0
92583,243.15|508.75
92584,260.45|562.75
92585,251.25|591.4
92586,574.2|299.7
92587,551.6|321.9
92588,388.75|265.6
92589,325.6|339.2
92590,530.9|430.1
92591,288.3|494.2
92592,577.7|520.95
92593,256.8|289.6
92594,245.05|266.2
92595,589.2|590.1
92596,546.8|531.2
92597,392.4|270.2
92598,585.8|384.45
92599,540.5|302.65
92600,232.35|342.5
92601,255.1|504.9
92602,260.05|216.65
92603,539.5|286.85
92604,552.1|306.65
92605,445.55|230.65
92606,343.3|413.55
92607,400.35|356.25
92608,586.8|303.5
92609,245.9|508.3
92610,382.2|271.35
92611,239.55|432.6
92612,238.8|567.1
92613,393.45|503.55
92614,243.5|226.65
92615,402.3|219.3
92616,562.8|246.95
92617,209.05|589.7
92618,377.05|408.45
92619,469.95|306.65
92620,266.0|323.3
92621,480.9|456.05
92622,570.75|528.8
92623,285.75|432.3
92624,217.1|527.2
92625,360.15|436.95
92626,592.0|574.9
92627,463.05|403.3
92628,465.15|283.6
92629,333.75|573.6
92630,239.3|498.25
92631,525.55|559.35
92632,454.75|470.15
92633,400.7|538.65
92634,316.2|462.4
92635,307.75|420.25
92636,318.6|358.3
92637,446.5|361.6
92638,408.65|587.35
92639,362.85|249.05
92640,250.55|261.15
92641,218.0|484.3
92642,355.75|532.3
92643,588.25|273.1
92644,355.35|450.9
92645,449.7|271.5
92646,507.15|573.55
92647,251.6|511.2
92648,467.25|282.4
92649,555.65|585.05
92650,404.65|503.25
92651,343.05|387.5
92652,215.8|263.45
92653,578.35|265.25
92654,406.35|305.25
92655,249.3|335.5
92656,575.05|300.8
92657,391.1|322.05
92658,540.35|438.2
92659,420.7|313.1
92660,473.45|284.9
92661,297.8|558.35
92662,361.05|250.0
92663,581.15|360.1
92664,231.3|310.6
92665,460.9|519.35
92666,583.25|452.55
92667,375.25|386.05
92668,383.45|209.85
92669,456.6|233.7
92670,583.2|225.9
92671,478.75|272.15
92672,551.4|329.5
92673,398.9|279.75
92674,250.45|307.8
92675,438.3|264.7
92676,364.55|384.2
92677,268.95|334.95
92678,260.9|222.9
92679,564.0|529.1
92680,452.0|424.45
92681,585.65|377.35
92682,291.75|507.95
92683,227.9|282.1
92684,457.8|537.0
92685,453.9|326.75
92686,527.55|561.75
92687,285.9|446.05
92688,294.3|470.9
92689,553.65|319.75
92690,226.95|292.8
92691,266.65|424.85
92692,378.5|592.7
92693,346.85|595.3
92694,389.75|486.45
92695,581.75|380.65
92696,489.5|464.95
92697,228.95|341.5
92698,500.95|222.25
92699,582.65|269.75
92700,554.6|270.7
92701,293.25|342.85
92702,455.15|401.5
92703,443.95|572.85
92704,216.45|216.7
92705,375.5|226.85
92706,223.45|228.1
92707,405.6|563.35
92708,446.0|300.7
92709,309.35|303.25
92710,473.5|363.55
92711,215.95|251.95
92712,453.2|430.25
92713,381.1|571.9
92714,563.5|321.95
92715,422.5|437.9
92716,233.8|529.6
92717,360.85|575.75
92718,497.25|228.15
92719,230.2|321.0
92720,460.45|224.95
92721,377.35|233.75
92722,219.45|321.5
92723,441.45|573.55
92724,211.35|240.4
92725,214.75|503.85
92726,350.3|277.4
92727,444.25|321.3
92728,407.95|580.85
92729,560.45|288.1
92730,462.15|376.6
92731,229.4|400.75
92732,402.0|513.0
92733,533.0|402.15
92734,528.1|458.0
92735,485.55|209.75
92736,285.8|464.25
92737,437.15|398.85
92738,207.95|585.9
92739,302.05|576.05
92740,589.45|302.5
92741,370.0|290.05
92742,389.95|330.1
92743,390.1|349.85
92744,487.7|435.15
92745,477.65|334.3
92746,567.55|303.9
92747,584.55|562.0
92748,526.55|501.8
92749,468.6|497.95
92750,266.35|422.75
92751,469.8|234.5
92752,345.2|238.15
92753,423.9|385.75
92754,424.1|396.0
92755,590.9|231.4
92756,243.0|554.75
92757,217.5|458.25
92758,591.7|273.7
92759,575.45|218.8
92760,387.4|549.15
92761,489.9|318.05
92762,266.95|545.05
92763,233.6|467.5
92764,496.25|475.1
92765,369.1|543.55
92766,380.65|349.15
92767,414.5|499.5
92768,432.65|545.35
92769,568.4|219.35
92770,367.1|342.3
92771,443.75|257.3
92772,325.25|536.0
92773,347.65|382.95
92774,410.15|299.25
92775,254.9|256.3
92776,586.55|572.95
92777,401.45|519.45
92778,215.4|293.25
92779,257.3|550.95
92780,541.95|324.3
92781,460.2|590.5
92782,255.7|408.65
92783,249.65|354.6
92784,211.9|556.4
92785,536.85|220.35
92786,532.35|435.25
92787,515.6|493.05
92788,422.9|282.4
92789,502.45|365.4
92790,440.3|227.65
92791,501.95|457.3
92792,585.6|226.6
92793,349.3|331.1
92794,577.85|486.0
92795,286.6|412.2
92796,344.55|423.45
92797,382.35|518.8
92798,457.4|535.7
92799,250.7|319.95
92800,551.45|293.4
92801,233.1|386.75
92802,337.85|587.8
92803,324.1|251.45
92804,530.25|550.15
92805,280.85|287.4
92806,236.7|207.6
92807,476.4|380.45
92808,359.25|333.5
92809,501.8|309.7
92810,225.55|213.9
92811,246.5|583.35
92812,358.25|279.35
92813,327.95|246.55
92814,532.65|516.2
92815,374.05|226.6
92816,415.9|313.55
92817,412.1|388.8
92818,213.05|245.4
92819,244.8|246.65
92820,221.8|255.85
92821,568.75|275.25
92822,447.05|590.05
92823,513.25|343.75
92824,398.25|573.15
92825,465.8|472.25
92826,241.0|519.05
92827,396.0|547.65
92828,326.7|408.55
92829,257.3|293.5
92830,209.75|510.75
92831,535.55|318.9
92832,369.2|371.15
92833,483.1|476.45
92834,450.2|444.5
92835,342.8|250.05
92836,388.75|556.7
92837,565.45|400.3
92838,268.05|227.85
92839,595.55|272.95
92840,210.3|585.75
92841,544.0|348.4
92842,422.45|273.85
92843,446.45|392.75
92844,430.95|214.25
92845,231.15|357.0
92846,527.25|423.45
92847,216.75|255.45
92848,467.65|219.6
92849,206.9|461.95
92850,272.55|384.6
92851,568.85|505.1
92852,374.35|579.5
92853,542.7|372.65
92854,354.35|448.1
92855,402.95|378.9
92856,405.45|230.8
92857,466.15|228.15
92858,234.55|462.25
92859,379.5|354.55
92860,232.9|593.5
92861,449.45|445.15
92862,250.9|219.65
92863,458.6|268.9
92864,261.0|222.4
92865,437.2|571.2
92866,426.2|449.4
92867,456.15|442.5
92868,400.6|474.8
92869,247.05|548.1
92870,284.5|453.55
92871,378.85|399.3
92872,591.5|416.95
92873,467.9|458.5
92874,535.5|536.6
92875,353.15|465.2
92876,237.1|212.1
92877,405.15|332.3
92878,360.45|266.3
92879,253.5|229.35
92880,373.55|594.3
92881,571.0|413.05
92882,424.75|285.6
92883,208.8|505.85
92884,538.0|429.85
92885,432.8|586.35
92886,573.15|406.95
92887,378.85|384.65
92888,235.6|239.8
92889,448.3|533.8
92890,587.3|369.15
92891,474.75|234.0
92892,418.75|501.15
92893,345.4|325.1
92894,264.6|307.05
92895,532.45|428.35
92896,579.15|463.1
92897,294.7|527.6
92898,299.7|437.7
92899,352.75|220.2
92900,222.9|285.7
92901,592.65|545.6
92902,483.75|485.65
92903,418.75|404.3
92904,400.25|341.65
92905,395.1|526.1
92906,358.35|498.8
92907,377.4|225.9
92908,380.2|479.75
92909,422.65|211.1
92910,471.35|478.35
92911,291.5|350.75
92912,288.65|429.75
92913,471.15|485.9
92914,345.9|346.8
92915,268.6|374.05
92916,229.6|377.85
92917,466.45|231.4
92918,348.65|306.2
92919,450.55|463.2
92920,399.2|589.9
92921,259.55|274.75
92922,412.8|484.55
92923,372.6|264.55
92924,572.35|542.8
92925,372.25|298.65
92926,257.85|509.45
92927,571.9|543.0
92928,210.95|587.25
92929,563.6|476.2
92930,422.75|463.45
92931,456.65|562.5
92932,401.45|224.0
92933,329.8|527.3
92934,470.1|253.5
92935,269.95|589.4
92936,547.5|584.0
92937,384.95|313.0
92938,531.2|505.4
92939,252.2|263.05
92940,243.15|237.55
92941,588.0|510.85
92942,286.9|310.2
92943,533.2|558.5
92944,430.55|571.4
92945,363.95|577.55
92946,532.05|495.7
92947,509.9|388.0
92948,356.0|338.0
92949,366.1|251.45
92950,565.2|249.75
92951,281.05|409.75
92952,566.35|417.45
92953,349.65|283.0
92954,436.2|588.75
92955,518.9|500.35
92956,390.7|336.0
92957,428.95|475.5
92958,457.0|460.5
92959,471.8|346.4
92960,238.8|361.35
92961,409.6|527.25
92962,384.8|262.9
92963,247.1|262.15
92964,272.0|523.25
92965,587.25|421.6
92966,372.8|465.7
92967,224.5|572.35
92968,218.2|402.5
92969,211.7|493.7
92970,530.45|358.2
92971,241.6|360.05
92972,299.6|424.4
92973,398.05|239.75
92974,367.85|272.2
92975,246.15|559.7
92976,577.9|261.7
92977,544.85|466.5
92978,564.1|241.75
92979,461.65|309.6
92980,580.25|322.1
92981,266.95|276.35
92982,347.35|578.7
92983,371.5|366.4
92984,260.9|438.75
92985,421.45|482.05
92986,579.1|293.25
92987,523.0|573.4
92988,448.45|318.8
92989,299.85|358.35
92990,437.55|517.6
92991,255.2|550.9
92992,454.55|394.65
92993,226.15|391.2
92994,459.35|556.65
92995,207.7|241.0
92996,405.25|574.9
92997,267.95|281.15
92998,343.35|349.85
92999,398.75|419.35
93000,321.0|382.75
93001,536.9|502.25
93002,219.35|590.7
93003,474.75|271.0
93004,208.35|234.0
93005,575.1|323.1
93006,272.25|449.05
93007,460.35|295.45
93008,570.35|305.5
93009,463.3|306.1
93010,473.45|277.6
93011,319.1|546.0
93012,450.45|344.2
93013,474.25|505.9
93014,474.2|214.6
93015,553.95|592.3
93016,352.9|353.6
93017,356.95|527.9
93018,295.5|574.4
93019,225.25|320.8
93020,583.6|373.6
93021,590.15|473.8
93022,430.2|390.25
93023,405.5|452.15
93024,447.95|571.55
93025,216.15|333.1
93026,229.55|287.3
93027,286.8|372.2
93028,230.9|491.4
93029,253.15|494.4
93030,252.2|285.5
93031,552.55|226.85
93032,572.3|250.2
93033,447.65|304.65
93034,231.15|480.7
93035,280.65|585.2
93036,401.1|571.45
93037,548.85|326.7
93038,355.85|393.8
93039,565.4|501.15
93040,403.2|355.35
93041,419.2|356.55
93042,242.85|504.15
93043,239.45|442.85
93044,397.45|278.1
93045,453.1|445.6
93046,592.9|575.6
93047,339.15|360.85
93048,212.65|464.0
93049,245.95|369.0
93050,462.2|426.35
93051,584.7|530.25
93052,435.3|540.45
93053,222.85|280.85
93054,457.75|299.2
93055,435.65|588.45
93056,355.95|221.05
93057,536.5|452.5
93058,287.55|513.6
93059,551.15|269.55
93060,323.35|362.4
93061,383.8|389.55
93062,450.8|438.5
93063,463.8|536.25
93064,207.45|255.25
93065,354.75|445.45
93066,218.35|291.8
93067,218.8|311.4
93068,467.8|215.6
93069,487.6|439.35
93070,426.6|406.95
93071,531.7|443.45
93072,431.85|256.35
93073,293.1|383.65
93074,263.8|469.85
93075,384.65|283.85
93076,244.05|545.6
93077,545.65|515.1
93078,570.45|486.0
93079,325.3|326.5
93080,206.7|510.7
93081,260.95|259.75
93082,317.95|330.05
93083,522.7|531.6
93084,246.75|270.55
93085,441.95|404.9
93086,350.65|304.7
93087,369.9|366.3
93088,364.45|332.5
93089,570.1|417.4
93090,251.45|211.25
93091,293.25|397.2
93092,459.35|311.4
93093,418.35|471.2
93094,414.05|376.4
93095,270.05|377.55
93096,523.95|446.2
93097,230.45|340.0
93098,406.95|527.2
93099,588.2|519.35
93100,480.4|446.65
93101,248.25|222.9
93102,320.85|345.4
93103,289.8|431.7
93104,588.2|500.85
93105,347.35|558.9
93106,546.4|529.4
93107,244.1|500.85
93108,270.4|431.35
93109,370.6|509.7
93110,528.25|476.35
93111,377.45|448.3
93112,429.85|396.55
93113,370.05|208.3
93114,460.15|378.7
93115,354.2|228.5
93116,315.4|336.55
93117,405.4|379.5
93118,577.05|406.85
93119,243.9|263.65
93120,472.0|260.9
93121,563.0|246.2
93122,397.1|581.15
93123,595.55|552.15
93124,390.8|406.6
93125,517.45|526.6
93126,256.2|327.25
93127,317.4|407.85
93128,244.7|395.5
93129,234.35|232.1
93130,460.4|245.4
93131,268.55|336.0
93132,225.2|505.9
93133,515.55|410.1
93134,265.2|399.05
93135,431.95|382.6
93136,354.1|447.4
93137,450.05|454.85
93138,474.4|411.5
93139,316.4|416.45
93140,264.7|256.0
93141,589.3|321.45
93142,202.85|482.7
93143,563.6|239.2
93144,381.4|574.6
93145,343.05|339.0
93146,566.2|436.6
93147,347.95|435.8
93148,458.45|370.7
93149,355.95|289.95
93150,465.95|416.9
93151,549.2|332.6
93152,392.85|590.8
93153,229.0|345.45
93154,453.85|215.5
93155,269.05|350.75
93156,576.85|318.0
93157,479.95|357.65
93158,386.25|484.75
93159,509.45|458.35
93160,560.35|309.25
93161,501.0|357.35
93162,276.85|249.1
93163,265.15|235.85
93164,577.3|324.9
93165,528.8|467.95
93166,301.5|495.7
93167,436.85|550.6
93168,454.05|329.95
93169,266.15|532.85
93170,404.0|223.8
93171,436.9|230.0
93172,461.0|539.7
93173,470.7|339.1
93174,420.2|214.4
93175,259.0|341.35
93176,412.95|563.4
93177,589.1|289.35
93178,550.1|581.45
93179,428.6|358.85
93180,435.4|226.65
93181,269.3|291.0
93182,589.35|376.5
93183,561.8|483.0
93184,574.75|476.55
93185,238.45|471.55
93186,462.25|404.65
93187,210.9|529.2
93188,364.85|211.5
93189,276.0|252.8
93190,220.8|237.2
93191,426.65|486.9
93192,547.05|267.5
93193,401.65|440.1
93194,589.75|386.95
93195,520.75|488.85
93196,303.25|415.5
93197,281.85|262.05
93198,476.65|342.8
93199,469.05|284.9
93200,525.85|481.85
93201,460.05|444.25
93202,253.1|438.05
93203,398.05|356.4
93204,422.9|209.95
93205,457.95|301.35
93206,235.55|223.5
93207,275.4|572.45
93208,547.5|590.25
93209,583.25|508.4
93210,420.35|500.95
93211,207.3|577.3
93212,226.75|471.2
93213,494.3|457.8
93214,446.1|589.85
93215,495.55|586.4
93216,272.1|552.1
93217,556.35|519.15
93218,580.45|505.7
93219,276.05|549.9
93220,512.15|461.8
93221,334.55|557.1
93222,547.15|587.5
93223,590.8|420.3
93224,452.1|387.5
93225,212.35|582.2
93226,229.45|281.6
93227,530.55|548.45
93228,529.75|559.55
93229,272.65|289.5
93230,397.75|392.3
93231,533.05|574.75
93232,441.7|423.75
93233,546.1|311.0
93234,271.35|287.5
93235,337.35|522.25
93236,564.75|425.9
93237,473.7|484.35
93238,391.9|556.3
93239,292.75|299.15
93240,348.2|273.65
93241,335.55|445.0
93242,214.7|340.85
93243,425.65|537.2
93244,582.75|452.45
93245,256.85|406.55
93246,527.45|335.3
93247,420.05|585.75
93248,465.05|225.4
93249,415.1|573.0
93250,542.2|495.0
93251,318.6|343.35
93252,354.2|500.15
93253,398.1|575.85
93254,367.9|370.1
93255,462.7|530.8
93256,234.95|456.55
93257,460.55|523.3
93258,259.05|341.3
93259,428.85|405.35
93260,459.05|437.7
93261,452.8|330.6
93262,287.6|536.85
93263,549.65|236.7
93264,454.35|565.85
93265,466.95|228.65
93266,217.35|251.45
93267,232.6|369.3
93268,592.3|473.4
93269,391.75|406.85
93270,538.5|462.05
93271,269.3|341.35
93272,350.2|470.0
93273,279.85|443.05
93274,308.1|436.85
93275,269.45|583.7
93276,553.85|551.25
93277,352.65|256.05
93278,356.95|268.45
93279,420.2|523.8
93280,568.6|296.6
93281,490.8|231.2
93282,239.9|318.1
93283,279.8|395.9
93284,588.15|474.2
93285,393.2|476.2
93286,580.15|465.0
93287,268.95|527.25
93288,589.6|214.85
93289,383.7|288.1
93290,461.05|217.5
93291,341.45|441.7
93292,234.45|493.4
93293,233.2|291.1
93294,257.45|337.35
93295,356.1|593.85
93296,585.25|454.45
93297,335.85|407.85
93298,254.0|528.5
93299,388.0|252.55
93300,393.95|367.45
93301,407.45|436.5
93302,282.0|428.7
93303,344.7|227.35
93304,449.0|458.3
93305,246.6|475.25
93306,573.05|507.3
93307,422.3|436.7
93308,273.95|575.65
93309,327.7|402.25
93310,406.05|331.15
93311,320.4|384.3
93312,595.15|561.1
93313,280.5|452.4
93314,579.5|466.75
93315,516.65|332.35
93316,373.0|394.1
93317,265.95|312.15
93318,214.15|580.8
93319,423.95|467.15
93320,564.6|588.0
93321,513.25|437.6
93322,509.9|478.0
93323,226.15|408.6
93324,408.55|413.4
93325,406.0|536.7
93326,341.85|562.25
93327,568.6|570.65
93328,540.25|563.45
93329,256.1|529.4
93330,207.45|343.4
93331,381.45|226.55
93332,454.8|437.25
93333,397.85|330.35
93334,565.8|276.65
93335,255.95|346.6
93336,398.4|554.5
93337,452.2|235.35
93338,411.4|268.05
93339,357.1|251.3
93340,225.8|256.5
93341,592.6|210.7
93342,394.5|531.0
93343,269.25|429.95
93344,211.05|455.9
93345,254.95|577.6
93346,464.05|289.9
93347,572.9|447.0
93348,591.55|226.6
93349,474.1|239.85
93350,437.35|374.65
93351,269.3|279.4
93352,268.05|434.2
93353,414.3|372.55
93354,566.25|371.25
93355,399.65|385.4
93356,280.4|240.7
93357,257.85|467.5
93358,494.9|477.6
93359,366.75|546.2
93360,274.9|399.15
93361,229.65|210.5
93362,412.95|229.9
93363,346.5|270.15
93364,212.4|410.75
93365,585.3|584.55
93366,290.7|400.55
93367,493.05|563.5
93368,559.0|540.5
93369,384.75|252.25
93370,578.95|412.15
93371,571.9|324.6
93372,407.75|410.25
93373,417.7|374.15
93374,253.5|482.25
93375,224.7|479.5
93376,227.75|422.25
93377,464.45|535.7
93378,216.3|321.45
93379,550.35|254.05
93380,540.45|497.3
93381,489.35|226.2
93382,315.6|409.2
93383,584.85|501.3
93384,281.65|501.45
93385,422.65|476.05
93386,341.15|562.7
93387,218.25|481.2
93388,235.85|392.55
93389,496.0|555.25
93390,289.15|455.15
93391,390.4|569.95
93392,231.95|371.9
93393,260.3|426.85
93394,405.5|255.9
93395,282.9|546.05
93396,439.55|485.9
93397,245.75|443.3
93398,213.95|526.45
93399,319.95|430.3
93400,328.7|324.05
93401,467.65|477.1
93402,246.85|588.25
93403,317.55|413.9
93404,219.4|460.55
93405,475.9|356.35
93406,472.5|568.75
93407,453.35|323.5
93408,294.6|327.3
93409,212.4|229.3
93410,368.55|335.9
93411,589.7|426.3
93412,348.95|441.55
93413,490.45|495.0
93414,401.55|523.15
93415,578.45|317.5
93416,577.35|380.2
93417,219.15|214.4
93418,460.45|459.45
93419,208.55|515.05
93420,367.75|334.75
93421,230.95|378.65
93422,459.85|455.1
93423,231.95|490.35
93424,587.45|357.0
93425,234.8|216.85
93426,451.45|543.9
93427,209.9|294.45
93428,509.65|457.75
93429,550.4|532.1
93430,468.35|259.75
93431,423.05|533.3
93432,512.7|478.5
93433,282.85|548.95
93434,426.0|527.2
93435,569.7|212.85
93436,338.85|566.95
93437,288.1|264.0
93438,259.6|273.55
93439,525.4|538.9
93440,369.05|563.9
93441,348.1|408.45
93442,276.85|369.9
93443,566.7|417.45
93444,412.45|229.05
93445,467.2|322.05
93446,348.8|522.4
93447,430.55|238.5
93448,253.25|263.15
93449,263.7|405.45
93450,526.6|469.85
93451,586.35|536.55
93452,393.05|561.8
93453,459.65|504.2
93454,218.2|503.35
93455,559.35|305.2
93456,569.05|281.65
93457,396.1|270.35
93458,307.1|342.0
93459,362.85|513.55
93460,349.6|587.3
93461,376.35|248.05
93462,567.05|530.8
93463,370.9|285.1
93464,558.45|282.25
93465,428.3|581.45
93466,515.4|528.2
93467,434.8|534.95
93468,429.1|215.6
93469,541.1|238.2
93470,210.9|587.1
93471,481.55|274.4
93472,352.8|447.8
93473,279.8|394.9
93474,575.25|333.3
93475,420.75|503.7
93476,206.4|481.55
93477,377.25|281.6
93478,411.7|369.05
93479,251.2|577.45
93480,406.65|388.25
93481,211.3|254.6
93482,421.8|587.15
93483,352.95|433.6
93484,549.75|276.0
93485,443.2|563.55
93486,358.25|390.55
93487,394.4|512.3
93488,233.75|349.9
93489,385.85|533.2
93490,540.45|322.55
93491,394.4|339.65
93492,213.2|455.9
93493,577.65|571.65
93494,398.25|475.35
93495,318.6|359.95
93496,240.7|363.45
93497,548.95|295.85
93498,566.4|309.25
93499,246.4|359.05
93500,352.35|434.05
93501,294.15|415.0
93502,450.9|457.05
93503,230.35|293.7
93504,534.4|335.55
93505,359.4|587.8
93506,409.0|583.6
93507,261.0|280.7
93508,204.2|460.8
93509,481.05|298.35
93510,247.6|354.05
93511,299.55|420.95
93512,427.75|314.05
93513,398.25|234.85
93514,450.05|269.9
93515,220.55|458.9
93516,426.1|337.7
93517,216.65|376.15
93518,479.9|310.15
93519,476.8|350.9
93520,575.85|353.35
93521,261.3|345.8
93522,389.45|493.45
93523,211.45|280.9
93524,403.45|382.8
93525,479.95|512.55
93526,452.95|588.05
93527,444.9|230.65
93528,589.05|305.45
93529,427.8|349.6
93530,373.9|461.5
93531,403.45|593.85
93532,274.45|439.9
93533,589.9|430.25
93534,357.5|249.0
93535,213.55|406.7
93536,405.85|546.6
93537,246.7|574.95
93538,286.95|461.3
93539,353.35|408.55
93540,584.9|275.5
93541,220.4|212.8
93542,459.8|238.0
93543,232.85|390.05
93544,464.85|405.6
93545,568.7|482.0
93546,237.5|424.5
93547,234.65|370.25
93548,266.8|210.25
93549,578.95|331.45
93550,545.95|462.7
93551,229.25|498.0
93552,353.4|245.3
93553,414.45|593.75
93554,399.3|262.95
93555,399.35|216.4
93556,499.15|231.6
93557,242.65|371.9
93558,238.15|357.75
93559,501.25|235.05
93560,395.45|257.5
93561,397.3|555.05
93562,317.55|341.55
93563,475.4|356.05
93564,339.1|581.1
93565,560.65|484.9
93566,406.1|250.45
93567,394.75|570.05
93568,449.7|474.9
93569,594.85|279.8
93570,520.35|546.55
93571,469.2|473.05
93572,404.15|231.4
93573,328.35|256.55
93574,537.6|466.0
93575,583.8|580.25
93576,439.7|587.75
93577,224.3|456.4
93578,380.7|254.9
93579,429.9|444.15
93580,258.7|505.55
93581,260.6|343.95
93582,250.0|376.8
93583,471.85|275.7
93584,418.25|465.3
93585,462.0|527.9
93586,548.55|573.6
93587,582.3|450.3
93588,338.7|247.1
93589,591.2|279.95
93590,338.85|355.9
93591,213.65|293.7
93592,587.45|296.4
93593,525.35|571.9
93594,497.2|430.25
93595,286.5|551.0
93596,379.4|232.85
93597,364.5|594.65
93598,382.85|389.95
93599,583.9|589.75
93600,461.35|224.95
93601,209.65|317.7
93602,364.8|326.85
93603,313.75|321.1
93604,543.45|448.75
93605,379.05|484.65
93606,361.95|464.9
93607,426.0|353.95
93608,420.05|593.45
93609,592.7|369.0
93610,503.75|542.3
93611,399.1|503.15
93612,435.95|343.95
93613,574.1|378.65
93614,460.2|564.85
93615,205.5|516.85
93616,417.9|319.75
93617,558.0|220.75
93618,521.85|541.6
93619,214.3|404.8
93620,221.15|505.3
93621,402.35|327.55
93622,230.5|230.95
93623,421.55|239.35
93624,579.25|332.25
93625,539.35|509.15
93626,241.0|310.65
93627,431.2|491.25
93628,469.05|469.85
93629,349.45|470.55
93630,583.55|259.85
93631,431.9|458.5
93632,377.6|324.0
93633,389.45|285.6
93634,348.25|557.3
93635,424.0|326.3
93636,448.1|572.9
93637,432.45|385.85
93638,257.35|502.15
93639,533.65|512.2
93640,520.45|491.5
93641,389.1|514.9
93642,436.3|552.85
93643,524.75|349.55
93644,279.75|575.4
93645,572.15|427.2
93646,354.5|497.4
93647,434.1|288.3
93648,353.8|438.0
93649,214.7|510.45
93650,210.25|582.35
93651,366.85|560.6
93652,567.05|278.55
93653,555.45|584.25
93654,475.15|346.1
93655,230.65|428.35
93656,215.45|405.95
93657,451.35|545.5
93658,241.3|540.95
93659,262.4|319.4
93660,446.1|302.0
93661,541.3|538.85
93662,585.8|590.2
93663,230.75|585.65
93664,405.45|368.95
93665,477.8|350.2
93666,245.2|581.4
93667,375.65|208.3
93668,529.45|557.75
93669,571.8|468.05
93670,401.65|287.95
93671,429.25|265.85
93672,331.9|422.65
93673,562.45|274.7
93674,404.45|557.5
93675,259.4|567.35
93676,401.0|439.25
93677,364.05|425.35
93678,457.75|474.55
93679,536.15|425.05
93680,290.45|445.9
93681,357.15|385.4
93682,390.55|336.35
93683,339.4|488.15
93684,572.4|488.25
93685,354.4|342.6
93686,399.5|505.45
93687,261.6|429.95
93688,263.65|314.55
93689,216.2|317.05
93690,353.35|293.1
93691,582.75|428.95
93692,469.7|346.3
93693,552.8|584.35
93694,559.05|567.0
93695,248.15|424.6
93696,287.35|394.25
93697,326.1|425.9
93698,483.6|343.35
93699,496.35|342.2
93700,339.55|503.65
93701,405.9|582.1
93702,314.85|417.85
93703,525.15|516.65
93704,292.95|458.5
93705,326.05|459.8
93706,226.85|404.65
93707,265.85|428.7
93708,443.2|299.7
93709,459.8|292.25
93710,372.1|551.05
93711,399.3|237.9
93712,370.15|496.95
93713,280.9|255.6
93714,571.0|296.8
93715,359.5|563.4
93716,229.05|406.75
93717,534.65|528.15
93718,235.65|264.7
93719,255.3|224.85
93720,532.75|288.5
93721,581.95|408.0
93722,249.45|335.0
93723,358.8|332.35
93724,346.0|557.95
93725,591.25|219.1
93726,556.95|273.9
93727,255.15|284.6
93728,291.75|518.0
93729,352.0|492.95
93730,474.45|308.5
93731,336.1|411.15
93732,576.55|456.15
93733,591.3|479.8
93734,379.65|278.85
93735,236.4|587.3
93736,547.3|385.8
93737,425.75|573.0
93738,580.7|513.0
93739,468.65|527.75
93740,258.75|558.9
93741,269.45|264.75
93742,364.8|206.35
93743,469.8|570.15
93744,518.85|356.0
93745,589.4|222.45
93746,470.75|290.8
93747,483.05|545.55
93748,358.8|582.05
93749,399.6|584.75
93750,579.4|592.55
93751,416.7|276.4
93752,270.6|368.1
93753,468.15|292.85
93754,278.3|355.45
93755,338.05|380.05
93756,319.55|341.55
93757,302.05|430.35
93758,595.0|589.45
93759,412.85|532.7
93760,268.0|548.85
93761,432.1|491.05
93762,543.55|573.6
93763,213.85|376.1
93764,273.3|586.15
93765,354.1|269.15
93766,210.55|582.1
93767,241.8|506.75
93768,562.2|296.05
93769,584.1|553.35
93770,470.5|460.05
93771,581.7|371.7
93772,457.3|579.5
93773,580.75|263.2
93774,385.05|486.9
93775,244.7|324.4
93776,528.85|484.45
93777,262.35|521.0
93778,528.9|535.2
93779,310.5|416.7
93780,219.55|267.25
93781,587.55|583.9
93782,484.65|322.85
93783,411.15|365.8
93784,216.75|580.75
93785,557.3|306.8
93786,363.6|593.3
93787,529.5|424.45
93788,272.85|433.7
93789,587.0|559.7
93790,345.1|280.8
93791,579.9|357.95
93792,541.4|443.65
93793,407.9|222.95
93794,482.5|305.45
93795,208.65|237.7
93796,251.15|570.75
93797,459.2|489.75
93798,545.95|381.6
93799,413.6|353.45
93800,227.45|370.65
93801,259.05|263.25
93802,551.45|379.35
93803,210.9|286.85
93804,291.8|430.1
93805,552.4|320.25
93806,283.15|542.7
93807,321.4|446.0
93808,246.05|233.25
93809,220.25|286.8
93810,584.15|412.15
93811,516.55|368.5
93812,270.75|443.55
93813,416.5|428.55
93814,349.5|363.1
93815,260.3|518.1
93816,316.85|383.15
93817,417.2|218.45
93818,481.95|322.8
93819,592.0|215.45
93820,310.75|214.2
93821,271.9|405.45
93822,567.4|572.85
93823,563.5|255.8
93824,432.9|291.7
93825,227.75|265.8
93826,300.25|315.7
93827,507.7|441.85
93828,551.7|588.35
93829,265.05|281.55
93830,335.9|559.95
93831,319.05|354.65
93832,238.1|286.7
93833,587.35|311.9
93834,454.3|572.55
93835,222.4|520.7
93836,592.85|407.65
93837,258.5|471.4
93838,591.2|572.3
93839,457.05|501.9
93840,277.5|541.85
93841,438.65|216.35
93842,297.7|566.6
93843,442.6|390.6
93844,539.65|349.2
93845,562.5|440.6
93846,582.95|469.5
93847,252.6|231.45
93848,251.85|561.0
93849,502.95|441.85
93850,248.7|391.65
93851,256.95|574.4
93852,286.3|412.55
93853,498.35|480.15
93854,270.3|576.75
93855,398.15|593.65
93856,368.05|216.15
93857,534.0|343.9
93858,525.8|373.45
93859,233.75|439.45
93860,584.3|408.2
93861,277.2|492.55
93862,429.3|466.6
93863,284.25|454.05
93864,460.8|419.95
93865,339.15|386.3
93866,301.2|544.55
93867,278.15|338.45
93868,356.3|245.35
93869,455.6|401.15
93870,578.05|562.55
93871,571.8|299.35
93872,262.95|384.65
93873,393.5|357.45
93874,230.7|594.45
93875,592.2|385.35
93876,439.25|335.55
93877,472.65|348.7
93878,334.75|447.85
93879,499.0|519.6
93880,243.45|560.15
93881,240.75|300.6
93882,422.0|339.9
93883,488.45|399.1
93884,578.3|463.15
93885,236.05|441.85
93886,310.55|366.05
93887,403.1|245.1
93888,500.35|431.65
93889,511.55|449.0
93890,581.1|509.45
93891,222.85|454.15
93892,553.9|271.35
93893,215.45|327.5
93894,255.15|208.5
93895,278.6|396.9
93896,354.6|557.15
93897,238.15|584.05
93898,434.9|436.55
93899,560.65|581.15
93900,435.2|321.95
93901,510.9|454.9
93902,457.5|502.75
93903,419.05|348.95
93904,453.6|392.85
93905,472.4|454.95
93906,250.7|286.9
93907,438.85|384.55
93908,586.6|531.25
93909,550.05|264.3
93910,245.05|377.7
93911,558.4|237.1
93912,396.35|364.2
93913,495.75|449.05
93914,454.25|593.15
93915,571.2|256.0
93916,384.0|329.0
93917,277.95|334.7
93918,448.45|529.95
93919,580.1|380.7
93920,350.3|320.65
93921,287.6|337.35
93922,291.65|433.2
93923,462.6|340.45
93924,208.35|460.85
93925,457.5|453.15
93926,514.7|500.1
93927,255.15|576.05
93928,429.1|404.2
93929,232.85|218.55
93930,258.8|370.1
93931,242.65|237.7
93932,336.65|295.4
93933,428.35|275.75
93934,266.05|466.8
93935,378.4|234.2
93936,389.3|554.75
93937,529.7|442.65
93938,586.3|377.7
93939,253.65|434.55
93940,229.2|280.75
93941,416.55|283.9
93942,214.4|585.9
93943,577.65|588.95
93944,467.65|554.6
93945,560.3|256.05
93946,455.9|283.05
93947,245.2|459.45
93948,219.3|245.25
93949,583.55|467.25
93950,481.0|451.15
93951,290.95|567.75
93952,566.7|445.3
93953,423.1|330.15
93954,227.7|216.8
93955,480.55|452.35
93956,528.7|301.4
93957,540.85|339.25
93958,377.65|283.85
93959,578.75|586.5
93960,209.7|277.95
93961,589.15|472.8
93962,290.65|402.95
93963,233.35|236.05
93964,466.4|323.3
93965,235.7|312.7
93966,565.3|337.0
93967,478.1|220.7
93968,213.2|257.4
93969,252.1|299.25
93970,523.25|477.9
93971,267.0|207.7
93972,458.65|444.75
93973,539.5|450.7
93974,254.45|215.85
93975,223.7|332.7
93976,263.95|307.2
93977,215.9|209.5
93978,278.25|285.0
93979,287.05|493.6
93980,431.55|221.9
93981,246.2|569.0
93982,359.2|371.8
93983,545.3|231.85
93984,227.15|236.15
93985,595.05|261.05
93986,518.7|501.95
93987,395.35|287.4
93988,593.55|477.95
93989,217.1|227.65
93990,546.05|318.2
93991,573.25|454.05
93992,453.05|586.5
93993,495.7|216.9
93994,237.7|416.4
93995,403.3|359.6
93996,481.95|549.3
93997,348.05|575.1
93998,250.4|255.75
93999,466.95|332.25
94000,474.35|529.75
94001,561.2|448.7
94002,451.9|340.2
94003,406.05|586.3
94004,230.05|265.35
94005,252.7|215.05
94006,588.05|475.55
94007,348.65|209.95
94008,492.75|510.7
94009,405.0|551.15
94010,467.15|340.2
94011,464.5|330.45
94012,593.0|214.8
94013,355.9|558.6
94014,222.55|584.1
94015,543.9|588.65
94016,282.2|373.7
94017,282.4|408.65
94018,356.6|213.2
94019,349.4|247.05
94020,571.25|211.0
94021,503.5|469.35
94022,211.25|304.15
94023,411.7|439.0
94024,334.5|386.0
94025,398.4|469.9
94026,338.0|582.85
94027,343.3|346.7
94028,447.45|448.9
94029,344.55|561.55
94030,238.45|462.65
94031,227.85|464.55
94032,568.2|309.85
94033,465.4|427.0
94034,350.9|312.9
94035,257.35|400.55
94036,411.15|220.9
94037,462.05|378.75
94038,274.35|279.4
94039,226.3|386.15
94040,459.85|504.85
94041,368.75|225.95
94042,425.5|405.35
94043,336.4|557.9
94044,217.95|283.25
94045,213.0|238.9
94046,378.45|378.8
94047,429.15|319.2
94048,484.75|460.75
94049,521.45|392.25
94050,238.65|420.6
94051,579.1|546.35
94052,518.25|494.45
94053,456.35|252.0
94054,361.65|451.1
94055,541.1|430.05
94056,240.6|543.75
94057,414.65|592.55
94058,518.1|563.25
94059,220.2|240.85
94060,260.55|489.8
94061,258.85|373.75
94062,227.1|508.4
94063,256.15|400.1
94064,396.95|504.35
94065,347.8|352.4
94066,260.45|407.2
94067,211.55|309.8
94068,523.15|438.15
94069,267.5|250.1
94070,256.45|221.9
94071,304.95|426.6
94072,434.0|468.7
94073,576.0|230.0
94074,245.5|272.05
94075,388.25|291.05
94076,479.65|279.95
94077,486.25|338.0
94078,366.5|500.45
94079,360.15|291.75
94080,222.7|456.3
94081,522.05|531.65
94082,234.85|223.45
94083,354.3|245.2
94084,373.15|467.8
94085,350.0|314.1
94086,428.5|508.55
94087,471.3|348.8
94088,233.8|355.3
94089,261.25|399.2
94090,422.1|529.0
94091,372.0|492.35
94092,244.3|409.65
94093,232.25|557.1
94094,560.0|442.5
94095,439.35|326.75
94096,379.1|265.95
94097,370.7|228.95
94098,224.7|557.15
94099,273.75|573.0
94100,592.65|577.3
94101,552.55|229.05
94102,257.75|288.1
94103,266.7|276.75
94104,506.15|366.25
94105,251.8|478.55
94106,401.6|558.3
94107,535.0|493.55
94108,421.45|579.2
94109,238.4|277.3
94110,351.55|435.7
94111,371.15|466.15
94112,290.85|382.95
94113,403.05|566.25
94114,396.1|444.45
94115,387.1|493.7
94116,276.0|400.65
94117,552.0|583.3
94118,260.4|397.0
94119,229.1|282.55
94120,395.25|411.8
94121,467.9|240.4
94122,350.6|450.35
94123,537.45|300.05
94124,256.8|314.15
94125,481.15|439.85
94126,518.55|451.75
94127,522.3|446.95
94128,230.85|217.25
94129,540.8|330.45
94130,207.25|250.8
94131,337.55|516.8
94132,570.15|437.0
94133,459.5|216.75
94134,590.35|579.65
94135,268.95|421.0
94136,567.7|407.45
94137,268.45|364.65
94138,395.3|391.15
94139,440.05|482.9
94140,476.35|358.4
94141,481.5|485.5
94142,284.0|351.7
94143,553.3|220.5
94144,277.15|306.75
94145,477.8|318.3
94146,580.1|438.6
94147,578.2|332.3
94148,255.0|421.6
94149,315.3|313.45
94150,435.75|242.4
94151,459.35|433.55
94152,352.65|267.7
94153,532.75|569.5
94154,427.15|340.75
94155,403.45|205.9
94156,523.1|433.1
94157,271.1|338.35
94158,559.35|312.45
94159,563.6|533.4
94160,465.9|463.2
94161,397.4|559.7
94162,546.45|312.15
94163,403.35|226.2
94164,212.5|515.35
94165,482.45|338.95
94166,346.8|316.9
94167,549.8|447.15
94168,539.55|331.4
94169,279.9|349.25
94170,211.0|272.95
94171,458.75|345.65
94172,441.7|326.55
94173,390.15|568.4
94174,371.05|324.8
94175,478.2|363.35
94176,208.8|511.7
94177,541.6|590.5
94178,579.15|510.05
94179,212.65|291.1
94180,473.65|440.5
94181,277.9|313.75
94182,357.25|276.4
94183,409.35|276.55
94184,559.65|230.0
94185,568.05|466.05
94186,246.7|247.65
94187,292.5|419.55
94188,370.95|214.3
94189,429.8|492.2
94190,407.4|556.5
94191,427.9|234.65
94192,330.75|311.4
94193,450.75|391.25
94194,207.75|284.0
94195,519.65|480.95
94196,381.25|216.55
94197,461.9|247.45
94198,235.15|255.65
94199,467.2|311.45
94200,463.15|310.4
94201,221.45|297.3
94202,373.25|236.7
94203,575.8|493.2
94204,238.0|337.75
94205,440.4|564.75
94206,373.35|488.1
94207,572.1|576.9
94208,351.8|555.6
94209,528.75|508.75
94210,208.9|252.45
94211,444.55|294.65
94212,466.25|482.9
94213,256.7|221.1
94214,594.05|373.0
94215,220.3|297.4
94216,350.05|543.6
94217,486.15|359.35
94218,442.05|587.25
94219,589.45|340.65
94220,402.45|359.1
94221,269.3|299.25
94222,471.55|331.95
94223,453.9|380.55
94224,534.65|507.9
94225,211.2|392.75
94226,357.2|274.4
94227,398.8|558.6
94228,576.5|479.6
94229,565.95|442.4
94230,256.85|508.3
94231,357.8|502.15
94232,401.4|472.7
94233,289.45|364.85
94234,319.5|590.9
94235,288.7|411.95
94236,267.7|501.1
94237,251.3|396.6
94238,374.95|221.35
94239,354.5|251.05
94240,539.95|516.75
94241,453.2|395.75
94242,272.95|451.75
94243,580.55|401.35
94244,516.1|515.2
94245,215.2|321.0
94246,388.3|411.65
94247,336.1|552.8
94248,573.8|300.25
94249,397.0|494.45
94250,290.15|532.75
94251,390.6|482.75
94252,452.8|415.55
94253,286.35|490.95
94254,387.2|261.2
94255,399.6|574.4
94256,427.65|511.05
94257,579.6|351.75
94258,459.4|223.55
94259,224.65|293.4
94260,451.0|589.3
94261,472.45|334.6
94262,571.2|397.3
94263,339.05|222.25
94264,590.5|213.05
94265,406.0|555.35
94266,373.3|500.7
94267,256.5|482.25
94268,493.8|356.9
94269,528.5|372.75
94270,437.75|304.9
94271,573.7|234.1
94272,209.55|576.0
94273,376.0|505.9
94274,214.55|581.95
94275,392.8|497.95
94276,539.05|461.25
94277,345.45|276.9
94278,221.4|298.3
94279,524.9|452.65
94280,356.95|439.35
94281,558.15|336.05
94282,479.85|364.9
94283,412.2|281.6
94284,263.4|295.75
94285,588.7|291.95
94286,212.55|479.85
94287,402.6|354.65
94288,214.4|581.4
94289,454.6|434.15
94290,269.25|567.15
94291,427.9|472.3
94292,282.55|264.35
94293,592.95|355.7
94294,381.1|429.0
94295,522.85|506.25
94296,582.3|208.85
94297,413.3|556.25
94298,462.65|245.25
94299,524.05|450.2
94300,412.9|590.35
94301,439.65|371.8
94302,229.95|406.35
94303,491.85|232.8
94304,228.6|539.2
94305,364.0|338.6
94306,278.45|351.0
94307,248.0|268.6
94308,284.95|422.35
94309,379.5|385.0
94310,579.75|440.65
94311,400.2|501.0
94312,478.0|511.75
94313,538.1|509.35
94314,323.35|370.25
94315,445.6|589.6
94316,476.05|333.0
94317,265.7|501.55
94318,228.15|587.85
94319,336.8|262.85
94320,309.65|414.15
94321,558.65|528.05
94322,442.7|380.25
94323,210.1|452.2
94324,323.1|334.6
94325,588.25|294.2
94326,256.55|271.85
94327,411.1|401.95
94328,289.85|388.5
94329,438.25|486.7
94330,400.1|495.65
94331,395.1|451.65
94332,344.8|428.75
94333,563.15|354.15
94334,541.05|280.95
94335,319.85|353.95
94336,334.9|579.9
94337,556.45|484.65
94338,355.35|261.75
94339,387.05|579.6
94340,298.95|398.3
94341,214.55|282.3
94342,364.0|225.55
94343,419.0|374.55
94344,392.75|509.05
94345,595.0|400.7
94346,567.3|528.8
94347,266.35|233.75
94348,242.7|585.9
94349,350.05|504.35
94350,346.8|596.45
94351,326.55|352.35
94352,579.2|319.6
94353,430.25|238.1
94354,432.3|317.85
94355,266.8|539.0
94356,427.7|377.6
94357,438.7|566.7
94358,363.1|232.7
94359,240.6|222.95
94360,580.55|205.6
94361,298.35|388.2
94362,538.95|585.25
94363,519.05|331.65
94364,516.9|439.5
94365,583.8|364.25
94366,422.1|261.05
94367,358.85|232.65
94368,571.6|456.6
94369,532.75|421.35
94370,390.7|587.4
94371,290.7|389.7
94372,537.95|519.4
94373,536.25|476.3
94374,268.15|248.2
94375,230.2|379.35
94376,431.05|225.0
94377,396.25|521.25
94378,208.65|267.0
94379,221.4|478.55
94380,562.25|443.65
94381,433.9|327.0
94382,358.15|504.7
94383,364.1|503.6
94384,421.1|494.3
94385,414.75|209.95
94386,547.85|225.9
94387,422.85|479.8
94388,425.8|480.75
94389,347.8|315.1
94390,389.2|507.75
94391,444.7|369.2
94392,384.35|503.3
94393,520.6|502.15
94394,401.2|417.35
94395,292.0|334.3
94396,258.9|591.85
94397,401.5|320.8
94398,220.7|433.5
94399,563.1|460.1
94400,548.0|425.0
94401,587.5|405.7
94402,585.45|565.9
94403,360.25|523.5
94404,332.25|261.9
94405,220.55|220.8
94406,371.8|388.7
94407,266.15|445.5
94408,248.75|372.3
94409,588.65|466.5
94410,320.4|406.75
94411,436.05|579.4
94412,271.8|556.6
94413,577.75|331.95
94414,561.4|241.45
94415,468.75|515.45
94416,392.9|477.7
94417,452.25|439.75
94418,261.05|253.15
94419,515.2|332.3
94420,520.75|430.4
94421,457.95|367.3
94422,406.15|432.45
94423,218.75|581.5
94424,535.3|330.5
94425,339.65|367.8
94426,541.95|580.4
94427,324.85|557.95
94428,404.35|250.0
94429,480.3|492.05
94430,410.3|567.25
94431,407.3|497.6
94432,428.4|244.3
94433,422.55|385.85
94434,596.15|541.6
94435,584.05|387.95
94436,238.1|595.6
94437,312.0|540.2
94438,395.5|525.1
94439,230.9|411.8
94440,338.15|342.75
94441,221.8|408.9
94442,406.85|475.7
94443,562.05|539.45
94444,238.75|304.0
94445,538.15|421.7
94446,544.0|433.25
94447,394.55|328.35
94448,593.75|512.5
94449,417.3|355.9
94450,219.75|458.1
94451,401.8|531.05
94452,452.3|500.45
94453,271.9|544.0
94454,292.85|490.35
94455,251.2|433.7
94456,284.7|464.05
94457,367.45|237.75
94458,223.25|546.0
94459,480.85|343.4
94460,359.95|307.75
94461,401.05|590.9
94462,258.8|545.35
94463,447.25|589.6
94464,238.45|574.35
94465,420.5|338.4
94466,283.15|443.4
94467,420.2|303.0
94468,299.95|528.2
94469,360.65|587.95
94470,221.75|448.95
94471,335.65|334.2
94472,523.6|540.55
94473,222.4|514.25
94474,583.15|227.15
94475,370.3|533.75
94476,452.7|543.7
94477,459.85|567.1
94478,546.9|323.15
94479,264.15|409.05
94480,455.1|337.3
94481,271.9|499.3
94482,390.9|471.0
94483,326.1|559.8
94484,455.85|457.9
94485,521.15|531.4
94486,242.8|238.05
94487,321.55|315.95
94488,420.0|204.65
94489,349.5|252.0
94490,218.8|312.8
94491,216.3|265.1
94492,400.0|323.65
94493,244.8|328.25
94494,432.65|581.7
94495,220.1|361.05
94496,394.5|359.65
94497,276.4|370.95
94498,210.25|467.7
94499,284.15|494.1
94500,362.45|220.6
94501,591.5|359.5
94502,363.75|452.25
94503,272.6|260.55
94504,536.7|552.45
94505,216.85|468.65
94506,463.85|553.85
94507,438.85|303.85
94508,375.8|210.8
94509,289.1|583.85
94510,479.55|385.1
94511,553.75|553.1
94512,530.75|282.35
94513,220.0|413.0
94514,271.7|302.65
94515,250.6|515.3
94516,482.75|484.15
94517,381.55|373.65
94518,324.35|534.5
94519,405.65|229.3
94520,273.9|270.3
94521,218.55|392.25
94522,549.7|246.85
94523,537.65|581.85
94524,228.4|420.85
94525,574.25|434.55
94526,587.05|350.5
94527,219.0|408.9
94528,390.55|570.75
94529,353.1|319.65
94530,264.55|258.3
94531,227.6|231.8
94532,252.7|404.05
94533,233.0|218.75
94534,486.0|437.75
94535,269.05|287.15
94536,553.9|237.1
94537,459.85|445.15
94538,449.3|447.95
94539,229.9|244.3
94540,220.15|239.25
94541,589.95|558.8
94542,430.9|346.35
94543,368.0|286.7
94544,237.7|216.4
94545,459.05|286.8
94546,389.95|468.15
94547,361.5|425.4
94548,419.9|581.1
94549,382.25|227.7
94550,450.35|398.95
94551,350.4|435.45
94552,584.65|355.2
94553,474.05|266.8
94554,456.3|374.0
94555,248.6|416.35
94556,214.45|583.2
94557,219.45|567.55
94558,376.45|231.95
94559,255.8|235.7
94560,416.35|284.9
94561,449.65|473.45
94562,275.9|440.95
94563,212.9|587.65
94564,306.95|411.95
94565,272.9|454.5
94566,365.1|533.05
94567,367.85|225.95
94568,461.95|520.05
94569,350.25|206.8
94570,538.5|264.45
94571,380.05|434.8
94572,283.05|431.9
94573,403.65|216.95
94574,358.5|225.0
94575,458.85|476.05
94576,290.8|400.7
94577,455.4|399.85
94578,469.35|472.9
94579,443.85|498.9
94580,580.15|353.65
94581,544.85|275.3
94582,525.6|500.2
94583,250.75|377.0
94584,404.2|363.85
94585,534.3|458.3
94586,577.15|312.75
94587,322.4|405.95
94588,348.25|226.15
94589,298.5|333.3
94590,419.85|586.95
94591,567.7|289.35
94592,404.1|263.65
94593,345.45|222.25
94594,359.35|260.15
94595,397.75|549.65
94596,515.1|460.9
94597,471.45|547.0
94598,351.6|582.95
94599,394.3|244.15
94600,380.3|468.35
94601,208.7|587.7
94602,239.4|572.3
94603,584.75|283.0
94604,580.25|520.1
94605,386.8|236.35
94606,438.4|326.5
94607,576.7|499.9
94608,480.35|435.95
94609,391.6|496.15
94610,363.85|222.15
94611,560.7|293.5
94612,414.7|223.2
94613,347.1|455.75
94614,470.15|309.75
94615,371.9|216.5
94616,445.0|565.0
94617,571.85|368.3
94618,249.3|221.8
94619,473.65|286.15
94620,505.65|463.1
94621,427.85|588.65
94622,368.8|332.35
94623,568.0|485.55
94624,273.75|217.6
94625,280.6|495.6
94626,528.05|482.45
94627,227.5|371.9
94628,407.45|438.15
94629,311.6|315.05
94630,373.2|214.3
94631,408.65|293.4
94632,303.0|393.8
94633,472.05|522.85
94634,460.55|588.65
94635,320.65|393.7
94636,224.45|264.2
94637,292.0|337.8
94638,341.45|254.0
94639,229.7|249.5
94640,230.2|471.65
94641,233.85|564.8
94642,397.5|508.1
94643,415.25|243.7
94644,295.35|375.2
94645,452.9|399.3
94646,345.4|397.95
94647,550.2|236.3
94648,592.7|426.05
94649,338.75|507.0
94650,441.3|219.95
94651,221.1|480.65
94652,469.25|508.0
94653,220.55|498.85
94654,288.8|451.7
94655,220.65|498.8
94656,427.45|538.1
94657,247.95|224.0
94658,358.15|222.15
94659,577.75|545.25
94660,478.05|242.15
94661,404.3|533.75
94662,231.0|288.85
94663,526.75|430.1
94664,580.45|211.4
94665,206.15|505.1
94666,243.95|275.05
94667,374.65|579.2
94668,269.3|248.4
94669,213.15|324.4
94670,450.35|392.6
94671,228.15|501.15
94672,263.75|386.05
94673,441.2|442.45
94674,592.45|408.0
94675,444.2|449.15
94676,272.2|447.7
94677,281.4|462.55
94678,467.35|337.7
94679,255.15|412.75
94680,467.3|236.25
94681,457.2|385.25
94682,343.6|494.2
94683,306.9|399.9
94684,291.0|414.15
94685,442.0|490.3
94686,525.9|347.2
94687,484.25|312.3
94688,544.8|545.75
94689,243.1|360.35
94690,320.45|314.55
94691,540.55|347.0
94692,565.65|442.8
94693,223.05|484.35
94694,278.65|247.25
94695,272.0|288.95
94696,348.45|369.85
94697,491.55|468.3
94698,209.7|465.15
94699,542.45|525.25
94700,575.0|242.5
94701,412.9|555.85
94702,245.45|490.5
94703,471.9|529.95
94704,232.5|544.1
94705,288.35|301.35
94706,578.05|399.65
94707,449.9|567.45
94708,585.25|456.45
94709,526.7|261.55
94710,534.45|522.15
94711,383.85|583.0
94712,583.3|215.5
94713,383.9|289.35
94714,455.2|391.5
94715,567.45|450.9
94716,446.7|380.8
94717,457.15|216.45
94718,356.55|226.25
94719,208.25|451.85
94720,439.9|407.75
94721,555.5|279.4
94722,227.35|453.35
94723,278.25|439.55
94724,381.25|316.85
94725,377.4|560.4
94726,421.05|273.0
94727,294.25|442.9
94728,568.3|458.5
94729,368.75|548.8
94730,274.8|461.75
94731,459.35|386.25
94732,283.6|393.25
94733,448.85|298.1
94734,538.5|339.2
94735,586.05|248.25
94736,361.45|438.45
94737,356.15|309.55
94738,222.95|333.25
94739,440.15|506.4
94740,580.3|375.45
94741,282.15|307.1
94742,537.1|499.65
94743,265.1|447.45
94744,471.15|278.65
94745,568.95|248.8
94746,556.5|305.05
94747,215.6|397.4
94748,592.15|377.6
94749,345.1|548.4
94750,252.65|424.65
94751,321.25|313.85
94752,336.2|554.15
94753,533.7|474.95
94754,466.1|218.25
94755,214.65|531.6
94756,294.35|515.15
94757,546.6|546.35
94758,364.35|544.45
94759,284.55|278.35
94760,281.6|436.9
94761,345.45|354.3
94762,424.3|319.85
94763,536.8|573.35
94764,290.1|540.4
94765,569.7|295.8
94766,472.8|238.65
94767,354.65|342.2
94768,587.7|369.75
94769,234.55|542.25
94770,420.1|380.2
94771,345.15|257.85
94772,545.7|441.15
94773,209.75|483.0
94774,279.15|232.25
94775,465.2|447.8
94776,396.95|305.8
94777,570.9|256.7
94778,320.7|394.0
94779,429.35|426.0
94780,289.3|370.25
94781,208.85|493.55
94782,414.5|305.0
94783,400.15|538.2
94784,588.25|211.95
94785,248.05|375.6
94786,416.2|515.7
94787,587.4|252.25
94788,416.4|323.2
94789,295.75|593.05
94790,500.25|361.45
94791,298.7|357.4
94792,348.6|532.2
94793,476.2|313.6
94794,570.3|456.0
94795,446.35|448.9
94796,294.85|457.9
94797,487.0|489.2
94798,267.6|551.7
94799,339.5|330.15
94800,342.35|211.95
94801,330.7|530.95
94802,568.75|228.4
94803,492.7|360.45
94804,525.45|348.45
94805,436.35|565.4
94806,539.7|526.45
94807,244.8|376.2
94808,538.25|547.45
94809,403.25|330.6
94810,222.55|497.25
94811,272.5|556.25
94812,291.7|497.05
94813,545.1|285.85
94814,309.5|349.95
94815,362.2|470.75
94816,412.85|552.7
94817,236.25|481.15
94818,427.2|371.2
94819,352.75|589.95
94820,248.3|277.1
94821,391.05|216.0
94822,370.75|275.85
94823,260.2|526.25
94824,550.65|493.4
94825,558.4|592.65
94826,530.05|415.8
94827,409.8|238.7
94828,500.45|267.7
94829,246.3|373.8
94830,241.65|221.15
94831,377.7|227.2
94832,389.3|388.1
94833,543.25|510.9
94834,454.8|570.75
94835,381.95|429.9
94836,386.25|591.15
94837,566.75|459.05
94838,283.3|447.5
94839,239.1|412.95
94840,410.1|512.3
94841,547.05|549.2
94842,472.15|263.7
94843,217.6|343.2
94844,401.4|462.0
94845,298.35|554.15
94846,578.5|371.2
94847,462.3|434.45
94848,394.1|207.35
94849,416.0|375.15
94850,523.45|461.7
94851,576.5|333.5
94852,557.45|283.45
94853,211.25|387.75
94854,270.05|583.1
94855,281.45|513.6
94856,548.95|434.3
94857,463.2|530.55
94858,581.6|563.85
94859,478.3|282.45
94860,431.05|529.8
94861,353.4|281.65
94862,254.25|475.05
94863,262.05|538.05
94864,542.8|333.4
94865,578.1|259.95
94866,556.0|330.1
94867,456.1|448.55
94868,320.15|366.45
94869,458.35|253.95
94870,568.85|235.45
94871,542.45|339.3
94872,263.35|391.55
94873,240.9|501.8
94874,588.2|352.45
94875,382.55|272.5
94876,552.1|554.15
94877,276.05|548.75
94878,279.15|343.45
94879,254.1|509.4
94880,589.2|545.15
94881,208.65|261.35
94882,450.9|465.9
94883,466.65|571.5
94884,344.7|418.35
94885,227.75|583.95
94886,206.55|330.15
94887,257.95|263.05
94888,346.2|515.25
94889,390.8|362.55
94890,295.0|452.15
94891,452.05|469.0
94892,256.45|332.7
94893,360.4|222.5
94894,568.05|554.8
94895,579.8|340.2
94896,267.4|271.4
94897,246.0|558.55
94898,413.6|219.65
94899,285.3|575.2
94900,584.55|450.85
94901,562.15|340.45
94902,465.95|469.05
94903,356.1|269.85
94904,422.25|401.15
94905,448.4|398.3
94906,402.3|385.1
94907,592.8|577.85
94908,260.6|281.55
94909,239.0|584.45
94910,231.1|467.15
94911,355.4|527.25
94912,584.35|351.7
94913,351.5|458.8
94914,583.45|402.7
94915,448.35|485.55
94916,249.75|382.9
94917,339.85|558.35
94918,237.65|408.15
94919,208.8|548.15
94920,269.65|360.0
94921,360.9|229.85
94922,576.1|395.35
94923,265.05|455.45
94924,405.1|401.6
94925,443.35|370.65
94926,420.8|501.6
94927,530.55|523.1
94928,589.35|220.5
94929,269.55|577.45
94930,526.6|371.95
94931,418.3|410.3
94932,343.75|363.05
94933,369.9|588.95
94934,437.95|575.75
94935,445.7|314.85
94936,410.65|484.25
94937,345.3|451.05
94938,525.1|461.2
94939,290.2|367.05
94940,358.85|504.1
94941,563.25|318.6
94942,290.7|342.9
94943,377.65|287.35
94944,353.55|261.9
94945,472.35|260.5
94946,285.7|441.45
94947,376.55|397.8
94948,369.4|263.55
94949,303.5|325.55
94950,536.55|551.5
94951,268.45|264.65
94952,276.45|588.0
94953,208.65|411.5
94954,548.15|423.7
94955,209.95|580.75
94956,385.05|300.85
94957,522.5|341.6
94958,376.1|557.9
94959,545.05|265.8
94960,414.8|378.9
94961,265.65|334.3
94962,573.1|518.85
94963,595.2|504.05
94964,468.55|346.05
94965,460.75|469.15
94966,374.8|246.5
94967,571.8|443.95
94968,358.2|334.6
94969,411.95|576.15
94970,239.65|338.15
94971,531.5|533.0
94972,447.65|450.85
94973,272.4|235.25
94974,523.45|474.1
94975,375.3|461.55
94976,275.65|374.15
94977,268.2|287.95
94978,350.5|234.7
94979,491.5|319.2
94980,268.75|273.3
94981,581.45|415.5
94982,342.0|441.15
94983,528.85|527.85
94984,388.75|339.15
94985,584.35|395.85
94986,207.35|453.05
94987,471.2|299.65
94988,277.55|588.75
94989,255.0|324.55
94990,380.55|373.05
94991,477.6|360.0
94992,389.55|459.0
94993,300.65|373.3
94994,303.95|375.65
94995,362.75|213.3
94996,418.15|473.55
94997,229.45|479.95
94998,355.95|439.3
94999,466.45|253.2
95000,551.45|511.05
95001,587.25|346.4
95002,569.4|545.25
95003,413.1|395.55
95004,255.2|484.45
95005,454.45|404.85
95006,469.15|488.95
95007,544.45|372.7
95008,350.0|344.15
95009,235.9|340.1
95010,365.35|215.75
95011,266.8|437.55
95012,419.85|295.55
95013,406.6|444.75
95014,291.4|429.05
95015,590.75|417.15
95016,294.7|372.55
95017,408.0|443.95
95018,350.25|292.65
95019,387.95|450.65
95020,464.2|491.15
95021,416.8|502.5
95022,282.3|465.1
95023,210.1|286.85
95024,567.85|240.4
95025,539.15|557.6
95026,437.15|252.4
95027,392.95|366.4
95028,338.35|403.95
95029,588.9|499.8
95030,478.2|522.1
95031,564.1|295.05
95032,384.55|584.7
95033,466.9|227.0
95034,431.3|411.0
95035,212.45|300.5
95036,443.15|243.95
95037,298.7|495.35
95038,543.35|245.25
95039,249.3|415.75
95040,591.7|359.85
95041,409.7|205.15
95042,573.95|387.65
95043,262.65|578.6
95044,361.5|589.25
95045,446.8|352.2
95046,409.55|427.45
95047,284.35|319.1
95048,221.8|477.9
95049,472.8|281.9
95050,242.2|544.95
95051,292.75|504.35
95052,365.55|522.1
95053,437.65|530.65
95054,405.65|536.85
95055,384.15|490.8
95056,226.1|336.65
95057,458.5|431.25
95058,296.5|331.5
95059,261.85|307.35
95060,437.9|310.35
95061,221.1|501.95
95062,377.8|459.35
95063,339.75|242.0
95064,384.6|214.05
95065,419.95|545.95
95066,354.6|551.15
95067,478.35|510.35
95068,269.7|538.3
95069,562.9|271.1
95070,412.85|590.65
95071,371.4|432.85
95072,355.95|356.65
95073,566.65|273.2
95074,216.5|556.6
95075,370.2|467.6
95076,265.3|574.8
95077,440.0|368.4
95078,342.8|248.7
95079,497.2|466.9
95080,295.6|579.65
95081,361.25|504.65
95082,212.05|289.45
95083,300.55|429.05
95084,283.25|442.25
95085,447.9|455.2
95086,221.7|259.25
95087,248.6|447.55
95088,408.2|525.3
95089,383.4|317.0
95090,509.3|555.1
95091,584.25|520.5
95092,355.35|249.75
95093,405.45|233.2
95094,515.25|508.9
95095,528.15|529.75
95096,451.3|229.45
95097,426.5|493.95
95098,431.45|520.9
95099,549.75|548.5
95100,476.1|433.0
95101,358.15|321.2
95102,409.9|334.05
95103,279.85|267.4
95104,568.8|298.9
95105,216.35|559.55
95106,471.45|286.85
95107,465.15|484.15
95108,526.05|497.5
95109,263.35|307.1
95110,207.0|516.15
95111,262.25|551.7
95112,323.4|485.0
95113,429.15|527.6
95114,224.3|588.45
95115,340.0|255.05
95116,443.95|228.1
95117,388.45|293.2
95118,577.25|588.35
95119,291.1|451.6
95120,373.95|389.95
95121,275.15|395.4
95122,387.2|482.25
95123,479.7|501.9
95124,465.6|226.15
95125,532.45|584.15
95126,534.3|569.65
95127,326.85|513.35
95128,206.85|582.7
95129,528.2|444.5
95130,475.05|340.7
95131,479.2|540.5
95132,568.1|331.45
95133,234.5|276.3
95134,424.6|474.35
95135,389.5|407.0
95136,284.95|562.6
95137,210.1|535.3
95138,252.9|383.75
95139,452.0|392.15
95140,450.5|416.5
95141,232.15|592.05
95142,542.5|499.5
95143,227.65|289.05
95144,341.85|343.8
95145,245.65|215.4
95146,415.5|376.0
95147,210.4|494.75
95148,448.3|395.5
95149,464.6|516.35
95150,283.7|487.95
95151,276.15|243.5
95152,398.8|250.75
95153,329.3|260.5
95154,225.95|432.35
95155,462.05|591.6
95156,298.9|588.2
95157,358.8|429.4
95158,432.3|388.7
95159,460.95|336.55
95160,272.45|552.45
95161,365.45|595.65
95162,569.4|436.55
95163,415.3|578.15
95164,589.1|519.7
95165,351.95|543.45
95166,514.55|450.05
95167,320.35|364.25
95168,272.4|582.0
95169,489.15|338.65
95170,564.35|333.45
95171,582.1|364.0
95172,238.9|485.4
95173,397.7|500.0
95174,365.0|576.4
95175,544.2|332.75
95176,527.0|428.7
95177,349.75|338.05
95178,267.4|529.35
95179,327.6|254.6
95180,468.6|273.25
95181,533.55|550.0
95182,471.3|225.35
95183,409.3|584.8
95184,364.55|480.75
95185,554.2|295.55
95186,372.5|372.9
95187,376.15|588.25
95188,252.6|218.7
95189,477.05|279.85
95190,220.45|480.15
95191,576.3|497.2
95192,426.45|467.1
95193,349.45|476.15
95194,579.35|421.55
95195,571.7|514.7
95196,378.35|236.25
95197,575.5|521.9
95198,234.1|269.7
95199,467.55|480.7
95200,589.6|339.85
95201,427.5|257.5
95202,442.85|224.75
95203,523.3|452.75
95204,366.75|272.65
95205,497.4|341.1
95206,301.45|336.3
95207,290.4|507.45
95208,345.55|551.4
95209,427.15|257.55
95210,208.15|484.1
95211,352.45|280.35
95212,401.2|526.3
95213,367.05|450.8
95214,424.8|398.45
95215,585.6|250.8
95216,290.4|335.35
95217,206.1|567.6
95218,472.15|472.45
95219,380.05|368.95
95220,581.3|335.8
95221,548.85|523.45
95222,421.5|497.35
95223,271.35|500.35
95224,387.95|379.9
95225,318.95|362.1
95226,400.35|323.35
95227,458.05|315.2
95228,440.3|502.75
95229,411.55|345.75
95230,406.9|389.85
95231,247.5|549.15
95232,382.4|339.55
95233,283.2|585.55
95234,513.4|473.8
95235,210.35|390.3
95236,300.3|266.85
95237,404.7|358.25
95238,574.45|448.15
95239,442.65|418.6
95240,375.0|245.05
95241,439.6|239.45
95242,352.4|366.3
95243,470.3|233.1
95244,224.75|495.8
95245,269.05|518.1
95246,433.05|490.4
95247,343.85|238.95
95248,217.2|245.2
95249,447.8|426.45
95250,572.3|471.1
95251,586.95|572.65
95252,220.2|247.2
95253,582.25|440.95
95254,367.3|572.8
95255,402.55|509.05
95256,444.9|235.35
95257,417.85|214.35
95258,397.05|472.3
95259,227.0|220.7
95260,214.55|386.15
95261,435.6|377.6
95262,261.8|237.3
95263,490.3|528.35
95264,214.65|536.2
95265,491.15|348.95
95266,258.25|278.45
95267,578.55|540.55
95268,426.1|240.65
95269,473.5|258.5
95270,408.2|468.45
95271,252.05|431.55
95272,410.0|410.9
95273,368.1|215.05
95274,266.7|278.2
95275,445.0|238.35
95276,414.3|311.4
95277,349.45|365.8
95278,383.6|221.05
95279,433.5|539.0
95280,457.65|432.6
95281,228.0|440.3
95282,568.25|494.35
95283,376.2|330.2
95284,361.75|504.4
95285,233.3|571.55
95286,391.1|280.85
95287,301.9|425.25
95288,397.55|383.3
95289,449.95|551.2
95290,528.7|339.15
95291,238.6|307.2
95292,398.2|251.85
95293,564.65|371.85
95294,377.15|265.05
95295,554.5|486.25
95296,454.05|240.05
95297,593.7|480.75
95298,230.0|299.7
95299,534.05|513.7
95300,283.55|401.3
95301,347.75|371.25
95302,294.1|308.6
95303,578.9|212.4
95304,479.25|327.95
95305,309.95|321.9
95306,450.65|392.5
95307,401.1|309.55
95308,440.45|586.95
95309,561.85|469.1
95310,316.9|361.75
95311,300.55|422.15
95312,273.65|585.1
95313,251.55|474.65
95314,554.9|451.85
95315,215.8|551.65
95316,440.2|439.7
95317,452.45|353.35
95318,588.55|557.0
95319,208.7|515.7
95320,565.1|335.35
95321,410.1|437.8
95322,272.4|234.55
95323,560.8|242.1
95324,383.25|557.2
95325,574.0|214.5
95326,350.0|283.8
95327,371.35|511.2
95328,477.9|283.35
95329,579.8|290.35
95330,231.3|518.15
95331,372.75|588.9
95332,371.7|484.45
95333,592.7|384.0
95334,272.45|591.9
95335,450.35|483.75
95336,343.65|227.4
95337,230.0|589.7
95338,400.8|324.7
95339,276.95|471.8
95340,258.0|471.2
95341,425.4|579.15
95342,208.9|459.95
95343,585.95|444.55
95344,261.25|505.05
95345,253.05|312.1
95346,580.45|351.2
95347,549.85|332.6
95348,403.0|335.15
95349,387.15|361.05
95350,213.85|237.65
95351,439.45|299.95
95352,373.65|250.3
95353,548.65|545.75
95354,417.8|536.1
95355,372.3|406.4
95356,535.55|470.4
95357,465.8|429.2
95358,284.2|519.9
95359,280.45|331.3
95360,588.9|581.15
95361,472.8|466.85
95362,341.55|332.45
95363,216.85|485.2
95364,307.4|456.45
95365,469.05|496.15
95366,385.85|446.0
95367,563.5|528.5
95368,219.15|514.25
95369,550.4|440.85
95370,585.05|583.0
95371,301.25|425.65
95372,538.6|510.75
95373,350.0|546.95
95374,219.85|471.9
95375,544.4|461.05
95376,529.45|448.25
95377,427.15|291.05
95378,352.15|257.6
95379,263.2|446.3
95380,209.15|508.35
95381,455.9|590.7
95382,223.5|413.45
95383,569.05|556.5
95384,521.1|537.0
95385,353.35|416.1
95386,367.65|436.25
95387,518.55|528.9
95388,411.5|457.6
95389,368.7|436.0
95390,263.7|551.4
95391,402.35|489.7
95392,439.9|525.25
95393,212.0|325.25
95394,541.55|337.15
95395,239.25|273.7
95396,458.1|278.6
95397,364.85|267.0
95398,576.75|456.85
95399,463.1|409.8
95400,428.9|348.45
95401,529.15|407.2
95402,401.4|553.65
95403,355.55|477.25
95404,370.25|413.85
95405,262.6|360.0
95406,225.2|281.8
95407,591.35|407.05
95408,302.05|379.6
95409,302.4|377.1
95410,321.45|406.25
95411,363.15|388.0
95412,393.55|580.4
95413,356.35|444.9
95414,288.9|499.0
95415,486.6|520.45
95416,448.5|362.65
95417,587.25|348.25
95418,472.3|284.9
95419,459.85|405.9
95420,223.25|490.65
95421,246.15|252.55
95422,544.85|479.85
95423,568.8|413.55
95424,577.3|578.35
95425,291.45|454.8
95426,584.3|409.05
95427,553.0|255.15
95428,261.15|444.9
95429,347.0|370.0
95430,357.7|354.2
95431,586.05|365.25
95432,503.75|342.1
95433,211.55|394.2
95434,205.2|391.0
95435,525.95|547.25
95436,529.45|277.0
95437,477.55|226.15
95438,465.55|359.65
95439,205.95|533.55
95440,435.9|533.35
95441,582.95|287.05
95442,261.0|373.2
95443,359.7|366.75
95444,516.45|518.5
95445,455.55|229.8
95446,249.55|574.85
95447,585.65|492.2
95448,467.8|353.05
95449,451.55|317.6
95450,209.3|241.85
95451,530.25|420.85
95452,471.35|272.4
95453,444.6|395.6
95454,474.1|351.55
95455,532.15|380.0
95456,498.9|222.95
95457,460.25|222.95
95458,469.3|300.45
95459,547.15|554.35
95460,264.95|346.65
95461,423.35|322.5
95462,490.95|346.2
95463,388.7|231.15
95464,391.8|217.7
95465,247.15|576.05
95466,477.75|375.4
95467,390.45|272.4
95468,359.0|381.75
95469,581.45|383.6
95470,418.15|588.8
95471,251.45|586.45
95472,482.05|340.3
95473,584.2|272.25
95474,338.75|402.0
95475,440.8|527.5
95476,373.1|232.1
95477,273.2|420.75
95478,420.5|486.0
95479,253.15|240.9
95480,262.8|582.2
95481,543.3|516.65
95482,277.1|446.35
95483,274.3|348.2
95484,546.8|300.55
95485,268.0|290.9
95486,545.55|242.9
95487,589.1|374.4
95488,317.4|372.3
95489,448.15|310.6
95490,266.2|500.75
95491,271.65|285.55
95492,468.95|467.4
95493,428.2|513.2
95494,361.65|315.5
95495,496.75|485.5
95496,228.35|352.9
95497,265.45|268.45
95498,251.6|266.8
95499,218.05|559.75
95500,391.65|448.1
95501,539.45|571.7
95502,374.65|294.2
95503,572.2|243.65
95504,573.5|264.75
95505,466.25|271.9
95506,509.45|301.7
95507,568.65|575.75
95508,449.0|395.65
95509,263.65|216.6
95510,462.95|342.15
95511,499.85|320.45
95512,354.45|275.25
95513,465.75|462.5
95514,384.0|486.1
95515,475.7|355.35
95516,247.55|442.05
95517,493.65|324.2
95518,233.65|304.05
95519,344.0|329.9
95520,253.35|235.95
95521,391.45|588.15
95522,587.4|538.15
95523,440.4|241.55
95524,289.2|426.3
95525,570.25|584.35
95526,581.05|465.05
95527,330.1|411.5
95528,491.6|314.05
95529,553.9|589.05
95530,416.8|514.95
95531,348.15|225.85
95532,576.7|569.35
95533,535.3|537.75
95534,212.25|457.65
95535,572.2|492.7
95536,217.9|418.3
95537,358.85|369.25
95538,422.65|246.05
95539,379.65|435.25
95540,560.65|228.75
95541,533.35|212.95
95542,381.75|568.4
95543,284.1|479.75
95544,525.75|241.7
95545,432.95|232.3
95546,528.55|325.3
95547,566.45|592.0
95548,343.8|371.55
95549,290.65|405.75
95550,375.55|582.5
95551,414.35|392.1
95552,215.2|502.6
95553,293.15|463.9
95554,576.55|211.9
95555,470.6|455.5
95556,255.45|323.8
95557,232.65|466.45
95558,565.75|243.1
95559,430.35|505.65
95560,585.2|488.05
95561,525.3|380.45
95562,350.2|385.75
95563,285.7|372.55
95564,549.35|481.4
95565,448.35|238.4
95566,536.1|550.7
95567,484.95|354.9
95568,482.55|283.55
95569,458.7|246.0
95570,248.55|411.95
95571,438.65|264.8
95572,380.4|471.05
95573,378.1|594.3
95574,215.0|497.4
95575,456.8|482.25
95576,465.0|527.3
95577,569.1|449.45
95578,453.5|409.25
95579,270.55|410.45
95580,527.2|482.3
95581,398.6|503.3
95582,468.15|478.5
95583,508.05|343.9
95584,536.9|493.0
95585,342.15|542.65
95586,295.45|558.6
95587,386.45|591.0
95588,470.6|379.1
95589,582.15|579.2
95590,214.85|485.6
95591,437.85|282.3
95592,401.55|490.05
95593,407.8|268.95
95594,252.2|370.7
95595,418.4|498.3
95596,474.05|281.65
95597,206.0|517.9
95598,273.6|235.95
95599,407.2|242.05
95600,450.1|337.35
95601,471.2|347.35
95602,414.5|455.75
95603,378.4|586.6
95604,490.55|480.65
95605,261.0|558.2
95606,348.15|310.85
95607,373.0|215.65
95608,221.8|241.6
95609,385.3|205.35
95610,467.2|337.85
95611,456.15|570.95
95612,446.65|481.65
95613,353.25|440.35
95614,243.3|484.3
95615,498.95|271.05
95616,568.85|586.95
95617,388.45|471.7
95618,472.15|217.55
95619,465.0|433.45
95620,533.95|542.65
95621,349.8|563.2
95622,265.1|402.3
95623,444.95|334.0
95624,207.55|299.65
95625,477.6|447.8
95626,429.15|382.3
95627,465.75|571.7
95628,228.35|305.35
95629,447.0|335.45
95630,273.45|441.95
95631,385.15|268.75
95632,209.7|308.75
95633,586.05|548.2
95634,349.55|377.55
95635,549.5|237.6
95636,218.1|382.05
95637,414.25|581.1
95638,267.25|436.55
95639,485.05|504.7
95640,585.65|234.95
95641,542.4|316.8
95642,269.0|428.7
95643,399.85|546.95
95644,592.6|373.5
95645,596.05|493.8
95646,581.45|455.85
95647,461.75|563.3
95648,530.05|564.15
95649,568.45|466.4
95650,339.15|506.8
95651,352.55|258.2
95652,576.55|371.75
95653,383.6|256.6
95654,329.55|214.75
95655,237.55|494.8
95656,527.15|471.7
95657,584.35|273.5
95658,408.85|576.55
95659,440.1|462.2
95660,257.6|486.6
95661,527.55|458.8
95662,469.05|537.9
95663,552.6|317.3
95664,279.65|588.65
95665,552.7|236.55
95666,486.15|481.45
95667,222.45|359.45
95668,260.2|578.7
95669,248.15|278.25
95670,542.75|553.25
95671,343.65|545.25
95672,404.65|458.55
95673,473.15|489.5
95674,475.75|236.35
95675,241.55|564.05
95676,256.55|422.35
95677,570.5|213.8
95678,473.25|470.75
95679,381.4|455.15
95680,466.4|329.55
95681,284.5|334.55
95682,397.35|586.3
95683,406.1|314.15
95684,563.8|479.45
95685,525.2|578.9
95686,586.5|442.75
95687,246.3|225.5
95688,420.3|476.05
95689,585.0|218.1
95690,419.6|400.4
95691,578.15|538.25
95692,397.5|434.85
95693,400.15|497.1
95694,233.2|488.85
95695,437.1|510.4
95696,434.8|536.95
95697,271.3|397.95
95698,343.3|275.05
95699,209.05|234.5
95700,450.2|588.45
95701,446.85|540.15
95702,401.65|563.65
95703,271.45|474.9
95704,595.25|210.4
95705,221.35|464.1
95706,567.3|309.25
95707,544.2|444.55
95708,324.45|377.6
95709,211.5|584.2
95710,490.05|445.15
95711,247.9|530.65
95712,302.25|331.25
95713,472.3|359.0
95714,448.5|412.95
95715,375.6|484.4
95716,574.55|406.8
95717,388.15|495.3
95718,462.35|388.95
95719,266.35|377.4
95720,436.95|512.55
95721,355.0|566.4
95722,435.1|241.45
95723,529.35|515.65
95724,479.6|482.55
95725,221.95|462.95
95726,561.4|300.95
95727,482.0|262.4
95728,378.05|376.55
95729,362.9|589.1
95730,537.0|560.45
95731,544.95|259.5
95732,298.25|402.95
95733,476.95|360.7
95734,464.35|505.55
95735,516.45|328.5
95736,528.9|559.9
95737,380.9|491.35
95738,496.05|374.1
95739,314.25|214.75
95740,238.45|508.95
95741,525.35|278.15
95742,446.75|558.95
95743,352.35|287.65
95744,363.25|257.0
95745,534.45|456.15
95746,468.55|273.9
95747,588.0|564.45
95748,293.3|398.6
95749,355.75|252.0
95750,408.45|319.35
95751,539.95|558.35
95752,399.0|388.7
95753,353.6|510.25
95754,528.3|574.7
95755,215.65|495.5
95756,591.25|422.6
95757,400.9|277.35
95758,225.75|217.95
95759,580.1|336.1
95760,480.75|287.7
95761,333.3|502.85
95762,359.05|415.45
95763,331.55|459.9
95764,459.7|306.15
95765,206.7|508.1
95766,211.1|305.75
95767,585.6|258.4
95768,371.45|584.95
95769,281.5|436.2
95770,312.95|446.9
95771,237.8|560.6
95772,212.85|586.3
95773,303.5|390.55
95774,280.15|328.25
95775,584.95|360.45
95776,470.4|280.05
95777,457.45|560.75
95778,531.9|423.3
95779,252.4|429.4
95780,453.35|558.3
95781,332.15|525.75
95782,246.1|390.85
95783,338.8|395.75
95784,329.4|544.55
95785,413.55|586.8
95786,274.45|556.55
95787,247.85|233.15
95788,581.5|529.45
95789,267.15|512.9
95790,223.3|230.85
95791,565.85|394.2
95792,467.95|297.0
95793,287.25|529.9
95794,540.5|547.8
95795,465.4|317.15
95796,241.55|224.35
95797,224.05|549.9
95798,339.2|508.6
95799,256.35|558.15
95800,566.75|437.3
95801,563.85|221.5
95802,223.3|511.9
95803,234.35|446.75
95804,566.15|238.2
95805,452.3|547.95
95806,592.9|470.05
95807,430.5|276.35
95808,408.65|333.65
95809,226.1|497.2
95810,433.75|325.25
95811,228.55|535.25
95812,213.65|580.3
95813,389.55|223.15
95814,246.55|401.1
95815,255.1|554.6
95816,376.25|358.35
95817,272.5|518.05
95818,313.7|529.75
95819,461.1|344.1
95820,464.55|244.8
95821,253.55|434.0
95822,363.0|444.2
95823,562.65|462.9
95824,448.95|528.8
95825,264.6|453.0
95826,537.55|518.0
95827,234.8|276.45
95828,543.15|539.1
95829,231.75|559.3
95830,355.35|207.85
95831,240.55|244.3
95832,372.25|343.65
95833,334.3|415.85
95834,464.6|513.45
95835,265.55|535.75
95836,567.6|263.95
95837,527.4|393.7
95838,246.05|500.65
95839,555.8|472.15
95840,538.35|242.8
95841,523.0|439.45
95842,463.45|276.0
95843,245.15|495.2
95844,403.9|530.55
95845,489.2|439.5
95846,543.35|432.5
95847,227.95|409.5
95848,474.9|332.05
95849,405.4|244.65
95850,561.85|414.45
95851,237.85|460.9
95852,415.8|358.9
95853,500.6|491.65
95854,546.8|383.4
95855,591.25|423.3
95856,478.05|312.15
95857,526.55|295.2
95858,565.3|408.15
95859,411.75|268.1
95860,371.8|208.8
95861,335.65|533.5
95862,375.85|208.3
95863,445.95|547.05
95864,442.65|559.95
95865,277.15|312.55
95866,498.05|216.75
95867,395.8|589.85
95868,268.7|370.75
95869,271.65|275.75
95870,395.85|315.95
95871,359.45|215.3
95872,586.0|541.55
95873,422.45|453.1
95874,212.45|217.15
95875,593.95|213.5
95876,575.55|336.5
95877,462.05|538.65
95878,435.0|490.25
95879,551.0|439.6
95880,341.25|368.2
95881,439.05|446.8
95882,470.4|290.9
95883,265.75|481.65
95884,343.4|224.6
95885,326.2|397.95
95886,279.9|324.2
95887,474.3|284.3
95888,355.85|366.5
95889,443.75|338.3
95890,261.65|591.5
95891,219.15|253.65
95892,389.9|573.0
95893,443.85|309.75
95894,531.8|325.4
95895,210.95|524.55
95896,210.75|585.55
95897,342.85|354.9
95898,241.4|392.15
95899,566.35|235.15
95900,441.7|445.0
95901,221.9|243.6
95902,575.65|356.0
95903,556.85|241.75
95904,531.95|335.25
95905,258.65|532.35
95906,368.6|572.95
95907,411.8|285.3
95908,564.5|457.75
95909,549.3|295.6
95910,524.25|530.75
95911,207.75|268.9
95912,543.0|344.25
95913,566.15|592.85
95914,281.95|473.3
95915,467.05|459.6
95916,295.9|400.15
95917,254.1|282.1
95918,383.55|553.15
95919,413.0|539.5
95920,235.95|398.4
95921,237.05|575.4
95922,222.05|340.0
95923,428.2|388.4
95924,426.25|322.3
95925,291.05|401.15
95926,348.9|545.65
95927,227.35|325.45
95928,461.5|555.65
95929,458.35|387.75
95930,225.8|295.45
95931,334.4|258.95
95932,359.25|328.2
95933,398.95|204.3
95934,282.45|370.7
95935,587.85|273.4
95936,279.9|503.9
95937,437.05|544.25
95938,431.95|374.65
95939,567.0|418.6
95940,276.85|536.95
95941,554.1|520.75
95942,250.1|234.85
95943,456.95|422.95
95944,472.5|284.5
95945,496.8|399.85
95946,418.75|368.25
95947,289.4|589.15
95948,461.85|545.0
95949,256.75|238.55
95950,578.6|460.0
95951,229.25|549.0
95952,575.75|584.75
95953,225.6|567.0
95954,587.25|368.25
95955,236.3|401.2
95956,284.35|463.75
95957,230.95|299.7
95958,346.45|335.2
95959,261.8|304.0
95960,244.65|446.55
95961,545.6|229.05
95962,230.25|314.8
95963,458.5|420.8
95964,573.85|292.8
95965,479.7|478.2
95966,474.3|473.65
95967,339.7|327.0
95968,468.55|328.05
95969,323.8|520.35
95970,413.3|234.6
95971,453.15|518.5
95972,226.1|297.1
95973,340.15|370.9
95974,535.85|393.05
95975,447.7|294.1
95976,446.4|503.75
95977,406.25|221.8
95978,466.6|291.7
95979,234.15|423.45
95980,467.15|373.75
95981,284.95|435.85
95982,355.2|324.15
95983,306.0|414.1
95984,424.45|431.5
95985,590.6|351.2
95986,218.8|314.25
95987,353.1|452.9
95988,568.55|278.7
95989,480.4|237.95
95990,254.25|530.25
95991,219.05|260.3
95992,442.8|585.3
95993,214.65|323.3
95994,388.2|282.55
95995,279.15|445.85
95996,236.75|577.0
95997,281.55|238.65
95998,530.4|397.25
95999,307.65|384.05
96000,266.9|404.4
96001,389.65|513.05
96002,245.05|286.95
96003,241.6|242.15
96004,274.9|322.25
96005,425.2|494.95
96006,283.65|328.5
96007,389.2|596.3
96008,253.1|430.7
96009,547.35|321.85
96010,584.25|363.95
96011,343.0|535.55
96012,351.1|548.75
96013,582.25|297.55
96014,425.05|443.9
96015,428.65|367.45
96016,213.75|495.2
96017,417.95|552.35
96018,209.3|386.15
96019,210.6|482.05
96020,441.85|533.55
96021,280.05|342.95
96022,256.2|513.5
96023,284.4|335.0
96024,422.4|591.7
96025,553.85|321.85
96026,585.9|510.2
96027,414.8|216.95
96028,235.05|488.85
96029,533.05|235.85
96030,215.25|407.1
96031,310.6|501.85
96032,348.2|588.05
96033,246.4|592.05
96034,460.7|301.6
96035,351.8|248.8
96036,463.6|457.5
96037,260.75|298.05
96038,568.55|319.45
96039,281.1|545.5
96040,358.0|328.15
96041,510.25|321.35
96042,391.55|375.8
96043,593.7|356.75
96044,394.85|216.8
96045,552.85|513.0
96046,413.4|580.05
96047,342.7|543.45
96048,380.95|321.65
96049,541.35|446.55
96050,404.15|578.35
96051,442.6|555.0
96052,558.4|298.95
96053,271.5|313.4
96054,335.7|424.45
96055,524.0|437.65
96056,219.5|460.05
96057,551.65|570.0
96058,445.85|253.95
96059,445.05|226.5
96060,255.15|416.65
96061,295.3|386.4
96062,346.6|251.05
96063,275.75|233.2
96064,274.3|417.0
96065,216.35|266.85
96066,350.55|312.85
96067,349.8|345.45
96068,377.2|355.1
96069,425.0|325.1
96070,240.3|294.7
96071,333.8|301.95
96072,376.0|429.0
96073,445.5|395.85
96074,225.65|319.85
96075,285.6|326.4
96076,376.25|429.35
96077,253.55|477.9
96078,220.85|255.05
96079,366.85|204.1
96080,251.65|581.4
96081,467.2|525.8
96082,208.3|467.6
96083,309.15|423.95
96084,331.8|417.2
96085,550.75|591.2
96086,565.5|352.6
96087,241.6|220.5
96088,273.85|240.7
96089,592.55|294.35
96090,318.3|324.5
96091,238.95|362.8
96092,466.8|413.65
96093,241.4|251.25
96094,359.15|506.9
96095,267.4|405.4
96096,576.15|586.25
96097,388.15|391.45
96098,359.95|342.85
96099,261.7|362.3
96100,567.0|530.9
96101,283.25|467.4
96102,524.9|562.95
96103,465.05|569.35
96104,557.8|229.95
96105,223.1|494.45
96106,341.95|433.25
96107,421.4|554.1
96108,244.85|575.35
96109,565.25|252.95
96110,428.85|319.7
96111,481.75|514.2
96112,460.0|485.8
96113,397.15|578.3
96114,287.4|403.6
96115,578.45|214.15
96116,451.7|481.25
96117,359.75|318.85
96118,430.75|424.15
96119,211.1|411.1
96120,253.6|549.2
96121,264.25|274.4
96122,209.35|457.6
96123,306.55|569.6
96124,389.0|465.5
96125,515.1|483.45
96126,578.05|550.05
96127,434.25|576.75
96128,451.1|358.6
96129,358.1|302.2
96130,340.6|420.2
96131,556.25|478.8
96132,345.65|576.5
96133,529.45|337.9
96134,442.8|376.55
96135,426.4|478.95
96136,430.15|533.9
96137,390.4|586.65
96138,472.55|224.7
96139,239.2|390.8
96140,453.0|561.35
96141,230.35|527.05
96142,403.3|354.85
96143,450.95|413.35
96144,268.3|369.3
96145,211.7|582.35
96146,369.85|590.15
96147,300.7|335.5
96148,467.15|256.55
96149,471.8|469.35
96150,591.45|289.5
96151,248.05|216.85
96152,535.0|297.65
96153,396.8|287.45
96154,217.9|293.15
96155,273.5|548.4
96156,451.3|443.9
96157,218.75|512.5
96158,474.8|284.35
96159,478.85|313.0
96160,381.95|590.45
96161,239.95|377.3
96162,250.25|250.05
96163,469.7|305.75
96164,302.0|379.85
96165,216.45|553.0
96166,272.4|245.75
96167,570.1|374.35
96168,479.5|300.9
96169,398.5|557.95
96170,248.45|508.25
96171,563.7|218.7
96172,330.8|290.25
96173,460.1|354.45
96174,528.2|538.05
96175,425.85|558.2
96176,358.2|221.15
96177,343.65|223.45
96178,493.35|230.05
96179,368.5|329.65
96180,379.0|359.05
96181,263.4|456.95
96182,374.75|341.8
96183,390.15|367.15
96184,225.75|212.75
96185,430.7|475.25
96186,432.6|293.4
96187,331.5|454.6
96188,554.45|366.1
96189,351.85|338.05
96190,471.15|237.5
96191,411.8|480.95
96192,389.25|544.6
96193,216.9|240.1
96194,230.85|491.9
96195,375.6|595.25
96196,207.35|507.7
96197,588.35|484.95
96198,573.65|522.05
96199,493.95|270.15
96200,538.6|549.55
96201,230.25|475.55
96202,408.85|572.25
96203,446.35|412.6
96204,297.95|486.6
96205,427.2|504.45
96206,411.65|468.15
96207,262.6|343.35
96208,357.45|576.3
96209,345.1|214.85
96210,435.85|311.9
96211,466.5|222.05
96212,219.35|211.3
96213,333.7|521.2
96214,537.05|583.15
96215,370.6|589.4
96216,278.8|579.55
96217,281.9|443.95
96218,319.7|408.45
96219,265.95|279.35
96220,363.6|247.9
96221,375.8|378.55
96222,382.65|372.15
96223,281.65|289.0
96224,589.7|467.85
96225,271.6|224.25
96226,410.95|558.85
96227,251.95|378.95
96228,360.75|594.35
96229,457.65|474.5
96230,435.45|560.5
96231,478.75|468.4
96232,269.85|256.25
96233,438.8|356.25
96234,267.85|582.55
96235,472.9|496.7
96236,244.55|270.1
96237,354.5|274.55
96238,223.7|591.7
96239,233.8|398.15
96240,224.0|553.4
96241,353.95|448.9
96242,520.4|446.75
96243,456.4|567.25
96244,472.2|479.65
96245,370.75|406.7
96246,301.7|419.35
96247,458.75|417.1
96248,233.15|587.15
96249,537.35|384.35
96250,373.7|348.05
96251,518.95|335.45
96252,351.55|218.25
96253,231.25|317.9
96254,361.1|368.4
96255,478.85|527.9
96256,229.55|477.3
96257,537.85|288.05
96258,229.1|317.25
96259,376.6|501.05
96260,331.05|315.35
96261,529.75|548.35
96262,410.05|589.8
96263,225.3|360.55
96264,562.9|462.25
96265,468.0|382.85
96266,284.6|409.95
96267,338.45|227.15
96268,264.75|420.75
96269,265.7|572.3
96270,586.75|489.8
96271,579.1|520.15
96272,588.2|422.75
96273,299.4|331.15
96274,559.5|231.75
96275,450.95|229.0
96276,206.2|489.85
96277,471.35|219.3
96278,282.85|236.0
96279,578.15|585.85
96280,461.65|276.75
96281,422.05|456.75
96282,580.95|521.0
96283,483.35|493.4
96284,337.85|340.4
96285,537.85|284.9
96286,421.35|584.05
96287,590.15|274.95
96288,263.7|274.25
96289,211.95|330.5
96290,592.45|486.2
96291,473.25|311.8
96292,413.4|290.6
96293,228.55|420.85
96294,381.35|468.1
96295,352.85|228.0
96296,578.55|223.85
96297,581.65|547.3
96298,387.65|221.15
96299,564.8|508.5
96300,452.1|228.55
96301,540.65|558.35
96302,415.9|209.4
96303,495.2|240.7
96304,489.25|313.85
96305,593.15|357.2
96306,533.7|539.1
96307,492.95|491.55
96308,583.3|345.25
96309,456.65|417.25
96310,371.25|388.55
96311,535.55|292.35
96312,291.05|284.05
96313,548.7|254.85
96314,560.6|566.95
96315,451.1|444.3
96316,434.6|223.05
96317,358.9|397.6
96318,412.55|227.25
96319,470.5|247.9
96320,567.5|401.1
96321,353.6|230.2
96322,570.6|396.25
96323,322.1|546.35
96324,519.45|426.65
96325,550.9|417.55
96326,526.2|333.75
96327,335.25|443.35
96328,585.9|574.65
96329,553.0|554.05
96330,398.15|294.3
96331,228.5|419.85
96332,390.35|466.55
96333,209.7|298.5
96334,320.25|381.6
96335,288.9|338.1
96336,457.35|333.65
96337,494.95|337.1
96338,272.35|537.5
96339,350.0|239.85
96340,424.25|375.3
96341,447.0|305.55
96342,293.2|568.1
96343,245.1|421.85
96344,406.0|226.75
96345,589.6|361.55
96346,427.4|234.0
96347,214.15|419.7
96348,581.75|595.3
96349,392.8|571.7
96350,273.6|552.7
96351,472.3|420.4
96352,427.0|564.3
96353,377.7|243.05
96354,383.15|485.35
96355,537.65|534.0
96356,241.8|504.0
96357,380.8|479.6
96358,209.65|524.1
96359,496.75|499.75
96360,268.15|291.75
96361,343.4|507.2
96362,579.35|294.9
96363,213.7|496.2
96364,537.45|445.75
96365,247.4|341.4
96366,392.3|462.7
96367,380.85|480.2
96368,353.25|542.7
96369,229.65|237.1
96370,230.85|379.6
96371,551.1|424.5
96372,559.2|231.5
96373,407.8|267.95
96374,249.05|569.55
96375,389.95|293.95
96376,475.8|407.1
96377,560.55|237.75
96378,466.4|219.55
96379,556.3|319.6
96380,493.75|486.9
96381,230.8|272.55
96382,408.9|334.1
96383,426.2|572.85
96384,592.2|381.95
96385,585.7|293.5
96386,360.9|589.4
96387,545.7|319.65
96388,573.6|401.6
96389,334.2|422.6
96390,461.3|521.95
96391,260.9|259.1
96392,243.5|575.15
96393,578.9|288.35
96394,587.5|559.1
96395,404.85|359.0
96396,556.75|287.85
96397,479.35|510.4
96398,460.95|570.15
96399,270.7|271.0
96400,263.35|445.6
96401,424.75|213.15
96402,357.7|439.6
96403,568.8|452.4
96404,283.0|433.6
96405,271.2|261.95
96406,315.25|446.6
96407,227.9|497.3
96408,467.4|460.0
96409,441.6|310.05
96410,416.85|314.3
96411,519.25|481.15
96412,222.0|219.9
96413,373.6|487.75
96414,573.55|218.2
96415,271.95|324.7
96416,551.7|496.4
96417,573.35|408.35
96418,217.55|465.75
96419,544.75|427.4
96420,255.8|432.65
96421,356.1|280.8
96422,300.7|379.9
96423,298.0|428.7
96424,486.35|344.05
96425,561.0|271.3
96426,348.4|330.55
96427,453.55|524.6
96428,253.95|388.15
96429,457.1|587.55
96430,411.75|330.15
96431,339.3|562.1
96432,347.35|373.8
96433,443.5|307.05
96434,528.9|561.55
96435,575.2|301.5
96436,417.95|210.2
96437,280.1|441.85
96438,378.95|373.1
96439,537.2|427.25
96440,528.45|539.55
96441,580.5|338.8
96442,452.1|589.55
96443,440.15|239.85
96444,570.85|231.35
96445,529.2|349.0
96446,581.05|397.55
96447,206.35|478.9
96448,249.65|478.1
96449,458.6|290.25
96450,342.95|346.4
96451,228.85|386.6
96452,366.1|398.55
96453,444.65|556.2
96454,367.55|394.6
96455,586.0|216.65
96456,249.35|565.8
96457,304.05|344.5
96458,375.75|341.85
96459,288.05|403.45
96460,472.65|519.55
96461,250.8|270.45
96462,362.0|382.15
96463,344.6|251.75
96464,480.45|213.15
96465,580.0|455.8
96466,234.8|304.95
96467,239.05|431.6
96468,239.15|454.7
96469,573.25|593.75
96470,558.9|230.3
96471,470.35|496.05
96472,220.3|483.45
96473,477.0|320.15
96474,288.9|382.8
96475,326.25|391.1
96476,581.1|513.05
96477,392.45|555.1
96478,479.95|365.95
96479,588.9|294.2
96480,589.3|419.0
96481,258.75|345.1
96482,557.75|264.55
96483,239.4|465.3
96484,453.85|359.1
96485,402.6|508.55
96486,545.65|368.2
96487,366.05|453.0
96488,339.8|339.3
96489,419.25|565.55
96490,584.35|241.95
96491,496.0|484.65
96492,252.85|565.45
96493,452.7|295.75
96494,278.35|547.65
96495,452.7|267.9
96496,550.3|322.35
96497,456.8|365.55
96498,549.8|530.5
96499,556.45|226.85
96500,214.8|579.9
96501,528.25|337.25
96502,545.9|303.3
96503,402.5|561.45
96504,302.15|243.5
96505,450.2|307.9
96506,575.65|588.75
96507,585.95|222.85
96508,496.2|355.75
96509,298.8|547.0
96510,371.15|370.4
96511,581.15|276.45
96512,475.4|370.55
96513,301.7|584.6
96514,472.35|481.65
96515,244.8|277.2
96516,533.05|530.7
96517,304.4|572.05
96518,208.4|542.85
96519,405.1|397.05
96520,401.6|375.55
96521,393.2|589.8
96522,258.05|259.05
96523,388.75|505.4
96524,285.55|357.45
96525,465.5|253.25
96526,338.7|344.65
96527,397.05|548.05
96528,398.5|544.55
96529,411.55|552.55
96530,542.65|451.55
96531,437.5|310.85
96532,255.7|556.35
96533,409.85|421.85
96534,210.45|470.15
96535,451.15|459.95
96536,580.65|360.95
96537,260.65|256.05
96538,425.4|314.2
96539,583.55|234.9
96540,431.9|258.75
96541,588.7|364.1
96542,223.45|496.05
96543,469.95|517.05
96544,380.3|395.4
96545,419.1|553.35
96546,396.85|593.3
96547,515.5|563.05
96548,244.85|260.0
96549,534.65|337.7
96550,369.2|357.55
96551,574.85|376.45
96552,379.9|370.95
96553,210.6|313.35
96554,286.9|452.1
96555,300.25|480.3
96556,432.1|480.45
96557,269.4|254.25
96558,244.05|227.4
96559,398.2|244.85
96560,367.6|228.6
96561,523.75|566.25
96562,531.55|436.2
96563,277.15|332.05
96564,352.2|529.1
96565,571.8|264.05
96566,232.85|590.95
96567,214.85|318.55
96568,381.0|283.1
96569,267.4|335.7
96570,591.3|588.9
96571,291.0|384.3
96572,406.15|450.7
96573,390.65|523.9
96574,577.35|387.15
96575,473.25|218.95
96576,349.0|566.85
96577,285.95|375.1
96578,362.05|275.25
96579,417.65|209.45
96580,568.1|305.15
96581,532.8|419.65
96582,363.9|290.8
96583,386.8|457.75
96584,219.95|570.75
96585,404.6|507.1
96586,470.15|499.4
96587,567.95|272.4
96588,391.05|473.3
96589,352.8|269.6
96590,348.65|346.35
96591,427.55|593.7
96592,215.55|212.75
96593,449.2|309.65
96594,460.45|383.7
96595,428.85|563.45
96596,342.65|348.9
96597,549.1|410.35
96598,568.25|577.6
96599,212.0|459.35
96600,592.75|417.15
96601,434.45|383.7
96602,324.65|440.2
96603,252.5|595.3
96604,249.3|375.8
96605,343.85|386.0
96606,366.3|454.6
96607,289.0|449.75
96608,479.5|430.45
96609,320.4|424.35
96610,343.5|512.75
96611,442.2|556.05
96612,549.75|585.55
96613,380.9|595.6
96614,227.45|493.45
96615,368.3|225.4
96616,409.1|473.3
96617,355.05|273.1
96618,356.55|433.55
96619,265.0|553.95
96620,476.35|217.5
96621,282.6|501.2
96622,585.75|374.4
96623,301.85|375.8
96624,215.7|585.8
96625,338.75|236.9
96626,578.85|499.6
96627,581.8|535.15
96628,249.1|353.45
96629,282.75|437.25
96630,584.0|592.6
96631,369.7|595.4
96632,575.4|214.5
96633,455.55|223.65
96634,337.2|556.6
96635,556.05|281.55
96636,207.45|585.05
96637,571.2|589.55
96638,407.5|366.5
96639,545.35|477.05
96640,466.45|563.7
96641,458.45|291.9
96642,340.95|350.8
96643,583.25|336.05
96644,442.8|295.35
96645,250.65|565.1
96646,369.3|217.4
96647,211.95|404.15
96648,310.65|571.95
96649,568.7|437.1
96650,238.05|395.45
96651,525.8|435.9
96652,580.8|306.55
96653,282.8|336.5
96654,221.3|511.85
96655,280.9|438.35
96656,245.1|385.2
96657,399.4|550.95
96658,384.5|277.45
96659,291.7|421.55
96660,222.3|579.3
96661,498.95|510.25
96662,542.3|482.8
96663,577.2|287.9
96664,550.7|335.75
96665,216.85|476.8
96666,400.8|505.1
96667,368.55|390.2
96668,461.85|469.55
96669,439.65|415.8
96670,332.6|326.7
96671,580.0|437.7
96672,527.2|438.25
96673,481.75|281.55
96674,384.4|239.25
96675,356.65|441.85
96676,569.25|305.95
96677,258.0|560.6
96678,590.3|292.05
96679,246.85|236.15
96680,394.5|206.95
96681,275.85|580.05
96682,407.25|378.4
96683,472.3|336.35
96684,408.5|216.3
96685,467.95|388.15
96686,397.05|398.8
96687,472.3|465.0
96688,354.9|445.6
96689,425.9|368.3
96690,350.1|363.55
96691,443.3|343.85
96692,544.75|589.35
96693,448.65|305.5
96694,410.1|415.55
96695,581.55|507.35
96696,327.0|503.35
96697,516.5|532.45
96698,450.6|540.95
96699,227.75|221.0
96700,304.25|380.55
96701,585.9|301.75
96702,385.6|283.3
96703,215.3|287.25
96704,402.3|262.75
96705,527.85|526.3
96706,360.6|283.65
96707,223.75|244.25
96708,225.3|299.6
96709,375.25|589.65
96710,469.95|490.2
96711,238.35|412.9
96712,361.65|344.3
96713,236.05|395.0
96714,298.6|345.6
96715,298.2|355.55
96716,210.05|273.8
96717,531.85|572.75
96718,350.55|283.95
96719,465.3|218.45
96720,441.45|215.75
96721,544.4|525.65
96722,224.1|586.55
96723,253.7|581.45
96724,278.2|257.9
96725,586.05|403.35
96726,582.4|440.65
96727,342.65|243.55
96728,428.8|592.0
96729,236.35|568.6
96730,517.1|561.95
96731,445.2|370.25
96732,250.05|294.9
96733,559.05|213.7
96734,453.9|580.95
96735,279.8|418.9
96736,231.3|500.25
96737,403.65|410.3
96738,285.6|495.15
96739,281.35|498.2
96740,313.8|404.5
96741,349.6|550.05
96742,563.65|420.5
96743,341.2|529.7
96744,575.9|507.85
96745,300.5|389.25
96746,431.35|373.85
96747,439.55|470.2
96748,261.55|425.5
96749,375.8|249.3
96750,364.0|386.2
96751,409.65|294.15
96752,555.1|279.35
96753,537.15|417.3
96754,290.3|425.8
96755,409.5|576.8
96756,269.4|353.3
96757,208.5|280.9
96758,271.5|374.2
96759,464.35|445.15
96760,397.3|369.85
96761,242.15|255.8
96762,234.65|587.25
96763,271.75|235.5
96764,441.5|400.95
96765,432.15|526.7
96766,262.95|283.75
96767,462.7|530.75
96768,224.55|373.95
96769,476.95|242.0
96770,425.35|350.25
96771,576.2|307.2
96772,272.6|225.35
96773,417.8|467.95
96774,252.65|579.6
96775,377.75|276.85
96776,439.35|303.45
96777,325.35|446.55
96778,349.7|389.85
96779,334.75|541.2
96780,216.95|482.5
96781,318.95|364.9
96782,460.75|242.75
96783,548.05|593.05
96784,303.9|301.95
96785,358.1|447.75
96786,572.2|320.55
96787,350.85|326.35
96788,272.4|397.85
96789,452.25|552.5
96790,224.55|377.2
96791,261.15|244.55
96792,423.3|345.0
96793,215.15|582.95
96794,269.55|591.55
96795,509.2|498.2
96796,542.6|468.6
96797,343.05|559.95
96798,271.8|441.1
96799,462.3|365.8
96800,465.65|293.5
96801,378.35|372.8
96802,413.4|263.0
96803,393.9|346.2
96804,328.3|333.75
96805,270.2|548.9
96806,558.15|587.9
96807,341.9|424.55
96808,383.45|453.85
96809,280.3|225.25
96810,263.8|538.0
96811,341.45|260.65
96812,505.6|463.0
96813,380.3|445.85
96814,460.85|242.75
96815,432.15|334.75
96816,487.2|266.75
96817,574.6|353.2
96818,363.35|258.85
96819,355.25|574.35
96820,468.35|220.2
96821,249.05|228.5
96822,581.8|372.9
96823,347.4|302.9
96824,413.9|469.45
96825,526.2|462.9
96826,446.45|387.35
96827,409.7|536.6
96828,573.8|435.0
96829,212.8|253.6
96830,460.3|433.05
96831,316.7|325.05
96832,541.95|461.3
96833,538.45|317.4
96834,552.4|448.3
96835,296.65|430.05
96836,215.4|307.95
96837,368.35|275.85
96838,268.2|558.2
96839,436.7|306.6
96840,227.05|517.85
96841,216.95|468.65
96842,573.8|540.65
96843,272.35|495.25
96844,549.95|496.7
96845,362.85|280.95
96846,481.25|518.85
96847,258.5|495.05
96848,431.0|392.45
96849,463.75|393.05
96850,351.5|550.8
96851,224.3|476.65
96852,512.6|575.2
96853,381.15|230.05
96854,364.6|226.2
96855,336.05|354.95
96856,262.2|560.05
96857,580.7|257.45
96858,586.65|425.25
96859,533.25|466.3
96860,249.1|376.6
96861,216.75|476.2
96862,219.6|271.35
96863,390.3|218.1
96864,469.5|327.2
96865,400.35|365.7
96866,551.9|488.6
96867,458.6|404.6
96868,468.25|455.65
96869,544.1|584.1
96870,466.75|285.4
96871,440.6|272.8
96872,449.8|509.1
96873,208.95|310.15
96874,512.4|369.65
96875,571.6|583.9
96876,469.35|261.95
96877,464.85|321.2
96878,340.85|392.45
96879,339.35|408.0
96880,372.65|595.25
96881,234.4|505.6
96882,252.1|450.0
96883,571.85|363.25
96884,385.95|483.2
96885,227.05|437.15
96886,278.3|383.3
96887,469.1|377.2
96888,527.55|422.35
96889,595.3|388.0
96890,594.8|360.1
96891,436.55|351.2
96892,570.3|407.25
96893,282.15|212.3
96894,439.05|390.3
96895,441.2|355.85
96896,363.35|332.9
96897,313.6|394.15
96898,276.6|341.75
96899,416.7|551.55
96900,240.1|569.0
96901,478.65|465.5
96902,215.8|389.8
96903,579.8|496.0
96904,351.4|556.75
96905,351.85|410.8
96906,384.8|567.6
96907,354.7|208.85
96908,578.75|522.45
96909,262.3|272.95
96910,350.4|274.1
96911,344.3|421.65
96912,536.55|337.85
96913,221.75|259.75
96914,452.1|310.55
96915,262.1|262.6
96916,549.5|267.55
96917,246.15|240.95
96918,384.6|590.8
96919,396.15|484.8
96920,563.8|278.65
96921,548.45|452.25
96922,537.2|543.65
96923,340.75|257.65
96924,557.05|232.4
96925,386.75|554.2
96926,514.55|516.85
96927,356.95|366.5
96928,253.45|391.1
96929,457.55|350.55
96930,384.05|327.6
96931,226.2|580.8
96932,519.15|391.55
96933,586.9|294.3
96934,537.85|444.6
96935,402.6|314.35
96936,207.95|463.15
96937,433.2|276.1
96938,216.85|373.7
96939,246.55|493.8
96940,574.15|248.2
96941,580.65|349.25
96942,469.1|346.85
96943,242.8|372.6
96944,495.35|447.6
96945,234.35|290.95
96946,269.4|535.2
96947,220.4|286.2
96948,405.9|320.6
96949,539.0|298.75
96950,409.65|569.1
96951,256.25|395.6
96952,425.95|316.0
96953,564.05|246.05
96954,298.25|369.8
96955,412.95|277.55
96956,537.25|518.6
96957,425.7|345.65
96958,552.4|539.85
96959,484.85|317.35
96960,510.85|522.6
96961,593.85|404.2
96962,411.25|542.1
96963,476.65|465.7
96964,245.75|418.65
96965,525.9|528.05
96966,356.4|447.1
96967,570.9|513.1
96968,242.55|230.8
96969,454.9|426.35
96970,233.1|404.0
96971,397.5|487.4
96972,461.15|325.65
96973,409.3|576.6
96974,267.7|563.1
96975,587.85|217.5
96976,472.0|355.9
96977,221.5|523.4
96978,345.6|376.15
96979,434.65|571.15
96980,347.6|590.5
96981,313.95|556.1
96982,438.9|342.15
96983,380.35|393.9
96984,440.05|228.4
96985,333.85|407.2
96986,250.65|415.0
96987,318.75|428.7
96988,462.2|293.3
96989,228.4|583.0
96990,261.25|317.05
96991,258.5|577.6
96992,391.15|510.65
96993,238.45|324.2
96994,564.45|465.85
96995,324.8|355.95
96996,263.1|357.95
96997,468.8|424.65
96998,353.35|461.1
96999,317.45|500.8
97000,404.4|230.4
97001,427.15|245.8
97002,450.85|322.25
97003,334.55|419.05
97004,429.85|387.55
97005,264.35|217.1
97006,230.35|369.85
97007,404.45|546.7
97008,228.8|448.3
97009,233.25|510.4
97010,566.35|225.6
97011,353.6|342.05
97012,591.9|417.95
97013,236.65|382.7
97014,208.75|292.95
97015,262.25|347.5
97016,214.2|478.5
97017,577.75|459.3
97018,208.8|229.15
97019,229.15|425.0
97020,362.55|243.35
97021,529.4|342.45
97022,264.2|289.45
97023,567.45|398.95
97024,468.55|463.2
97025,519.7|504.95
97026,399.85|344.45
97027,352.45|275.45
97028,350.95|563.1
97029,545.45|516.1
97030,471.35|260.75
97031,562.45|315.15
97032,447.0|583.25
97033,457.15|458.2
97034,268.45|550.0
97035,289.05|238.5
97036,235.5|507.2
97037,256.7|560.55
97038,574.85|467.0
97039,366.25|305.6
97040,592.8|563.7
97041,461.65|374.55
97042,547.45|266.1
97043,568.55|266.9
97044,550.6|456.1
97045,359.25|281.0
97046,429.45|242.6
97047,474.3|552.0
97048,301.5|364.9
97049,436.1|217.7
97050,407.9|402.4
97051,270.6|495.9
97052,487.75|365.55
97053,433.4|273.8
97054,222.25|255.65
97055,349.45|435.65
97056,418.45|504.15
97057,292.15|324.15
97058,265.15|575.5
97059,573.7|262.05
97060,389.1|512.95
97061,464.7|383.8
97062,586.85|500.45
97063,227.1|399.05
97064,465.6|343.0
97065,303.2|313.85
97066,543.1|534.65
97067,516.5|442.85
97068,213.0|337.55
97069,341.05|384.05
97070,427.35|550.7
97071,353.95|330.9
97072,289.15|343.45
97073,386.0|552.65
97074,274.35|272.2
97075,239.3|230.45
97076,458.75|342.35
97077,531.95|319.75
97078,309.3|234.0
97079,586.6|383.3
97080,259.55|220.9
97081,281.4|548.8
97082,441.75|224.65
97083,474.05|279.4
97084,341.65|237.35
97085,555.45|240.95
97086,448.0|462.35
97087,374.4|400.5
97088,287.3|572.65
97089,565.1|563.65
97090,340.35|561.05
97091,433.7|401.45
97092,555.9|430.3
97093,556.45|244.5
97094,421.6|483.7
97095,289.3|506.45
97096,238.05|578.2
97097,425.55|384.35
97098,359.9|492.55
97099,214.85|339.7
97100,424.55|389.9
97101,274.15|541.6
97102,536.75|274.35
97103,364.1|550.4
97104,594.25|298.65
97105,222.35|265.75
97106,375.7|553.2
97107,381.6|559.8
97108,565.8|540.95
97109,595.5|357.65
97110,222.2|248.25
97111,346.15|281.5
97112,439.3|461.5
97113,405.05|227.6
97114,386.65|563.95
97115,355.35|376.65
97116,488.6|330.4
97117,461.8|348.9
97118,480.45|466.55
97119,220.3|529.35
97120,380.05|243.9
97121,462.9|309.65
97122,345.65|425.2
97123,577.9|401.85
97124,554.9|283.35
97125,568.7|478.45
97126,436.0|485.4
97127,398.75|577.5
97128,350.7|395.55
97129,563.05|310.75
97130,277.65|526.8
97131,507.75|412.1
97132,589.75|377.1
97133,427.3|245.4
97134,261.95|418.7
97135,562.3|538.6
97136,401.5|507.2
97137,584.45|207.95
97138,415.05|577.65
97139,540.55|592.25
97140,319.1|346.6
97141,437.95|396.0
97142,276.15|386.65
97143,555.8|236.85
97144,355.75|442.0
97145,466.95|552.45
97146,462.4|389.05
97147,584.7|357.8
97148,566.15|260.4
97149,345.15|213.8
97150,258.3|281.35
97151,527.7|233.65
97152,210.7|311.75
97153,360.0|214.95
97154,463.85|381.15
97155,221.7|294.85
97156,371.5|272.45
97157,545.5|459.65
97158,570.05|558.5
97159,463.85|393.05
97160,229.9|299.2
97161,214.5|431.3
97162,574.65|235.0
97163,569.9|587.8
97164,332.4|432.2
97165,326.8|543.45
97166,264.9|477.2
97167,395.6|437.6
97168,255.3|362.65
97169,567.9|579.85
97170,272.4|230.05
97171,209.1|246.95
97172,394.4|465.65
97173,385.4|294.7
97174,276.75|552.8
97175,471.6|224.35
97176,370.75|382.95
97177,387.25|288.0
97178,444.35|455.8
97179,426.15|299.5
97180,205.05|473.7
97181,569.5|465.15
97182,418.8|317.55
97183,577.45|548.9
97184,579.5|270.6
97185,522.9|241.25
97186,407.55|254.65
97187,398.4|277.5
97188,402.4|537.55
97189,460.7|475.15
97190,415.5|536.15
97191,292.35|378.75
97192,496.15|561.25
97193,345.85|307.75
97194,329.05|369.25
97195,295.6|424.4
97196,507.25|559.55
97197,337.05|590.0
97198,433.15|230.85
97199,402.0|473.6
97200,367.65|215.9
97201,275.25|497.75
97202,256.45|212.4
97203,359.65|458.0
97204,450.25|540.75
97205,320.2|524.8
97206,351.3|374.95
97207,463.85|431.3
97208,216.0|394.25
97209,279.85|419.65
97210,242.3|426.9
97211,294.1|455.75
97212,530.45|507.5
97213,250.05|478.55
97214,299.9|575.8
97215,234.95|561.95
97216,228.75|557.35
97217,227.05|482.95
97218,238.35|423.0
97219,243.8|419.8
97220,376.2|333.25
97221,208.45|388.3
97222,265.85|557.9
97223,587.25|577.2
97224,463.1|214.35
97225,252.65|550.8
97226,211.7|255.9
97227,595.0|378.55
97228,442.9|544.25
97229,253.95|493.8
97230,377.3|266.4
97231,453.15|464.6
97232,221.95|499.75
97233,235.4|476.15
97234,592.95|362.4
97235,222.3|400.95
97236,546.3|308.65
97237,404.25|299.95
97238,410.8|302.85
97239,551.45|291.3
97240,406.6|362.8
97241,262.25|573.3
97242,399.2|309.65
97243,355.1|279.45
97244,398.0|312.15
97245,473.85|242.7
97246,364.3|215.2
97247,358.75|224.15
97248,572.25|467.5
97249,589.15|259.75
97250,344.05|324.7
97251,242.05|572.6
97252,366.85|440.6
97253,210.4|395.05
97254,406.0|563.65
97255,575.35|394.8
97256,241.4|306.45
97257,590.7|412.95
97258,252.6|273.8
97259,419.0|322.2
97260,447.85|381.75
97261,286.55|529.65
97262,230.8|417.85
97263,582.9|378.4
97264,280.45|464.3
97265,421.8|549.95
97266,255.75|434.45
97267,561.2|535.3
97268,487.85|250.75
97269,356.9|275.6
97270,494.35|362.8
97271,237.65|448.55
97272,371.0|452.25
97273,450.8|392.8
97274,360.85|576.25
97275,427.3|488.4
97276,396.7|299.15
97277,505.95|438.55
97278,589.85|511.5
97279,428.2|288.05
97280,488.95|257.55
97281,543.1|249.85
97282,363.6|438.4
97283,231.4|316.9
97284,359.0|593.4
97285,373.5|495.6
97286,478.85|238.35
97287,210.05|455.15
97288,413.5|229.6
97289,381.8|352.0
97290,247.5|383.15
97291,457.45|590.1
97292,389.15|287.25
97293,414.9|401.45
97294,551.4|375.4
97295,592.75|267.15
97296,279.85|397.8
97297,461.4|477.3
97298,450.75|542.3
97299,530.05|432.3
97300,222.3|225.85
97301,413.8|347.35
97302,591.4|499.55
97303,589.15|401.7
97304,301.7|558.95
97305,462.2|337.55
97306,573.0|250.55
97307,540.35|470.5
97308,384.45|582.85
97309,297.5|329.6
97310,579.05|219.65
97311,386.9|583.65
97312,265.1|576.25
97313,387.95|364.0
97314,295.95|373.05
97315,471.55|506.35
97316,279.35|532.15
97317,293.3|495.3
97318,465.0|554.3
97319,394.75|404.45
97320,432.6|312.6
97321,272.0|348.25
97322,561.55|559.0
97323,397.45|259.4
97324,580.55|273.05
97325,324.6|367.2
97326,422.4|379.95
97327,339.95|378.05
97328,314.5|368.75
97329,460.75|507.9
97330,337.5|411.6
97331,244.2|334.95
97332,248.5|224.65
97333,497.35|329.05
97334,345.65|550.4
97335,384.35|571.05
97336,580.7|345.6
97337,348.7|326.6
97338,209.4|228.55
97339,243.95|431.85
97340,571.25|454.65
97341,469.05|358.15
97342,401.25|436.9
97343,347.9|591.15
97344,221.75|473.6
97345,335.6|416.1
97346,277.2|230.05
97347,472.15|294.0
97348,386.05|590.95
97349,457.05|589.65
97350,243.1|407.25
97351,442.65|229.1
97352,370.05|364.5
97353,382.35|244.8
97354,372.05|577.25
97355,588.0|591.45
97356,352.4|210.4
97357,377.35|210.35
97358,321.7|326.2
97359,283.9|543.15
97360,413.1|496.35
97361,511.65|458.85
97362,276.45|590.4
97363,242.45|456.5
97364,253.1|225.15
97365,216.7|585.05
97366,297.95|412.35
97367,407.7|490.25
97368,583.25|535.0
97369,211.35|270.0
97370,573.8|581.45
97371,475.55|519.15
97372,304.8|429.35
97373,493.0|367.8
97374,353.75|450.65
97375,482.55|345.2
97376,506.95|453.7
97377,354.6|414.15
97378,527.6|534.9
97379,291.55|441.1
97380,586.7|356.15
97381,556.4|281.45
97382,241.55|385.4
97383,416.8|369.05
97384,586.6|372.45
97385,538.4|234.85
97386,462.25|564.5
97387,263.35|385.2
97388,270.8|323.05
97389,289.4|396.0
97390,504.35|336.75
97391,581.45|472.0
97392,593.2|262.95
97393,343.7|350.55
97394,279.45|380.35
97395,403.65|338.35
97396,413.05|579.55
97397,258.05|496.0
97398,405.35|232.15
97399,591.15|363.45
97400,446.05|312.5
97401,342.85|358.95
97402,349.9|551.55
97403,357.05|516.75
97404,293.0|370.45
97405,422.55|381.4
97406,318.3|292.55
97407,340.8|335.65
97408,580.0|333.95
97409,585.4|560.25
97410,224.15|566.2
97411,209.65|528.65
97412,555.5|433.9
97413,369.2|493.65
97414,584.5|328.0
97415,404.7|579.8
97416,347.4|242.0
97417,355.15|230.7
97418,492.35|375.9
97419,327.35|409.05
97420,402.85|347.75
97421,259.75|259.65
97422,590.6|372.15
97423,470.55|305.55
97424,525.25|501.2
97425,247.1|380.2
97426,355.3|448.6
97427,231.45|437.4
97428,554.35|303.95
97429,375.6|216.1
97430,555.15|272.4
97431,382.85|452.75
97432,223.8|405.05
97433,583.35|277.05
97434,375.95|589.2
97435,480.3|567.1
97436,571.0|262.75
97437,413.1|392.35
97438,434.9|543.05
97439,399.8|483.25
97440,388.1|569.4
97441,289.2|390.1
97442,344.15|559.05
97443,390.4|378.35
97444,282.25|309.15
97445,394.95|248.45
97446,362.0|348.75
97447,241.55|267.4
97448,444.05|517.95
97449,274.95|363.0
97450,590.15|387.5
97451,478.2|336.05
97452,304.8|514.35
97453,354.85|439.1
97454,425.2|428.8
97455,337.2|408.45
97456,427.7|299.05
97457,459.1|391.55
97458,380.45|579.25
97459,361.1|518.5
97460,440.65|510.45
97461,243.6|380.0
97462,253.4|503.55
97463,533.6|542.1
97464,259.95|236.95
97465,470.25|521.95
97466,278.8|469.5
97467,418.1|224.65
97468,358.75|582.8
97469,344.2|255.75
97470,322.35|566.65
97471,213.4|586.1
97472,480.45|421.85
97473,365.35|246.25
97474,526.6|281.95
97475,224.2|482.8
97476,585.1|491.2
97477,349.55|408.8
97478,339.6|225.6
97479,384.5|262.15
97480,444.1|518.85
97481,474.05|393.2
97482,289.45|424.8
97483,414.35|524.35
97484,522.4|533.65
97485,439.1|243.35
97486,400.95|334.9
97487,426.1|313.8
97488,447.55|488.9
97489,400.45|517.7
97490,219.4|584.2
97491,225.35|587.65
97492,229.0|430.4
97493,565.15|568.8
97494,364.25|585.1
97495,259.8|282.95
97496,235.9|215.95
97497,476.3|316.2
97498,506.65|249.35
97499,399.15|224.85
97500,260.35|219.45
97501,427.2|581.5
97502,584.85|266.75
97503,396.2|588.85
97504,248.1|444.55
97505,279.3|386.25
97506,255.35|385.6
97507,246.05|552.0
97508,348.45|236.65
97509,591.3|477.7
97510,286.95|326.65
97511,543.85|335.2
97512,361.7|595.45
97513,538.1|328.5
97514,246.8|359.75
97515,226.85|495.65
97516,415.4|406.6
97517,206.4|471.45
97518,486.4|489.35
97519,462.4|433.75
97520,306.0|499.7
97521,493.0|263.1
97522,252.2|586.85
97523,308.15|335.1
97524,428.3|590.3
97525,258.05|570.0
97526,429.15|515.6
97527,406.9|372.85
97528,370.15|340.85
97529,544.45|535.2
97530,341.05|232.65
97531,426.95|322.75
97532,272.0|405.75
97533,428.2|532.05
97534,445.2|397.5
97535,570.35|583.55
97536,592.8|592.2
97537,262.55|488.65
97538,393.7|555.7
97539,579.05|566.75
97540,216.95|231.0
97541,223.65|495.35
97542,213.3|486.15
97543,588.4|402.25
97544,253.85|528.3
97545,496.8|470.15
97546,343.0|554.35
97547,565.4|586.9
97548,218.1|501.2
97549,290.45|483.9
97550,226.45|293.4
97551,590.9|383.2
97552,251.9|283.1
97553,248.2|267.9
97554,342.5|221.3
97555,557.15|346.75
97556,533.7|430.3
97557,270.5|281.8
97558,418.85|347.9
97559,403.45|546.0
97560,445.7|437.5
97561,403.55|215.6
97562,252.3|305.6
97563,327.9|401.45
97564,213.75|525.45
97565,502.4|388.9
97566,349.55|206.15
97567,411.35|515.25
97568,578.95|491.75
97569,284.95|437.35
97570,283.45|430.65
97571,552.55|574.6
97572,447.6|462.0
97573,339.4|426.75
97574,429.1|345.9
97575,535.0|292.8
97576,529.8|524.85
97577,338.35|409.45
97578,546.8|585.7
97579,322.3|403.3
97580,562.3|526.75
97581,426.5|372.7
97582,473.25|467.1
97583,386.15|294.45
97584,476.35|212.95
97585,341.5|491.2
97586,380.15|319.05
97587,396.35|482.75
97588,460.35|349.65
97589,586.9|355.15
97590,222.75|392.1
97591,318.55|328.45
97592,226.25|337.45
97593,271.75|428.3
97594,344.25|220.75
97595,390.9|463.65
97596,348.95|370.1
97597,287.1|471.5
97598,572.45|526.75
97599,448.1|478.2
97600,228.05|218.55
97601,281.95|449.85
97602,558.6|591.7
97603,212.8|582.9
97604,205.05|586.05
97605,510.4|452.65
97606,286.55|414.85
97607,373.4|563.55
97608,295.2|366.75
97609,535.95|555.55
97610,423.3|434.55
97611,392.8|554.3
97612,274.2|498.8
97613,434.55|562.7
97614,561.9|309.9
97615,376.85|232.8
97616,244.05|290.6
97617,463.9|448.35
97618,273.0|550.95
97619,396.0|278.15
97620,471.55|309.95
97621,537.55|251.2
97622,375.7|212.8
97623,213.45|472.2
97624,454.5|515.05
97625,527.85|531.6
97626,356.4|479.5
97627,375.0|332.5
97628,550.4|588.0
97629,376.35|345.75
97630,211.6|235.9
97631,558.85|453.7
97632,237.8|566.45
97633,210.9|231.3
97634,462.7|352.6
97635,476.9|249.25
97636,568.25|486.35
97637,456.85|586.9
97638,589.2|580.25
97639,591.45|407.7
97640,248.2|362.4
97641,567.7|436.45
97642,348.15|268.75
97643,579.1|332.1
97644,551.65|236.65
97645,215.05|504.15
97646,555.55|530.8
97647,350.95|584.3
97648,442.1|496.65
97649,391.35|502.0
97650,413.9|373.95
97651,388.2|225.15
97652,254.7|491.15
97653,564.55|381.6
97654,258.15|291.7
97655,457.75|329.4
97656,589.35|302.15
97657,365.6|504.2
97658,408.9|582.35
97659,207.1|524.05
97660,453.0|390.8
97661,255.05|301.9
97662,370.55|257.55
97663,526.4|530.25
97664,332.0|331.85
97665,286.85|432.75
97666,250.6|560.95
97667,280.55|542.15
97668,439.35|434.2
97669,552.9|323.45
97670,393.9|518.4
97671,228.55|406.2
97672,559.85|455.85
97673,458.3|533.95
97674,361.15|377.65
97675,271.55|312.9
97676,564.3|520.6
97677,304.3|418.3
97678,365.2|545.75
97679,448.85|392.4
97680,324.5|349.3
97681,353.35|541.55
97682,350.1|444.15
97683,265.3|483.9
97684,408.45|341.3
97685,577.85|243.6
97686,535.3|456.5
97687,342.2|560.5
97688,344.45|259.1
97689,237.65|440.4
97690,375.1|216.5
97691,271.6|297.9
97692,206.65|468.2
97693,567.95|240.0
97694,388.5|399.8
97695,504.35|337.55
97696,203.95|479.35
97697,570.6|388.3
97698,418.55|537.25
97699,232.25|533.55
97700,298.65|399.75
97701,242.55|279.05
97702,593.35|368.2
97703,230.4|536.0
97704,556.3|590.95
97705,545.35|245.6
97706,474.75|351.6
97707,450.85|539.0
97708,274.0|325.3
97709,450.15|562.45
97710,532.95|453.45
97711,274.9|589.3
97712,560.8|315.6
97713,239.35|224.75
97714,562.25|435.25
97715,434.85|370.7
97716,276.6|559.0
97717,384.1|349.7
97718,268.55|396.7
97719,376.95|396.75
97720,550.9|343.3
97721,250.55|237.1
97722,576.75|322.7
97723,351.7|450.7
97724,227.45|577.35
97725,431.55|323.7
97726,460.7|455.5
97727,342.45|414.95
97728,463.3|292.2
97729,269.75|538.95
97730,517.95|359.55
97731,236.3|227.75
97732,221.65|468.35
97733,428.0|574.1
97734,211.85|582.55
97735,420.3|245.4
97736,270.05|584.3
97737,263.55|290.65
97738,207.5|580.5
97739,371.85|257.3
97740,271.3|255.1
97741,212.65|217.0
97742,323.2|469.45
97743,264.1|555.95
97744,462.45|240.45
97745,408.8|505.6
97746,429.25|227.25
97747,415.6|588.1
97748,366.0|376.3
97749,400.9|303.3
97750,571.75|327.2
97751,417.95|471.5
97752,472.95|234.05
97753,247.1|341.8
97754,400.6|339.0
97755,239.45|441.5
97756,520.55|472.75
97757,425.2|362.1
97758,570.85|214.8
97759,239.2|334.3
97760,415.65|470.95
97761,399.45|397.15
97762,374.85|398.7
97763,418.5|296.45
97764,390.8|280.6
97765,521.8|537.95
97766,535.0|498.6
97767,507.95|338.7
97768,224.2|462.6
97769,558.55|465.9
97770,258.05|434.5
97771,540.8|584.35
97772,571.65|558.15
97773,282.25|238.5
97774,391.0|475.85
97775,224.2|410.75
97776,301.3|375.05
97777,590.55|295.1
97778,420.5|369.55
97779,217.5|229.1
97780,501.2|341.45
97781,226.65|215.9
97782,323.8|361.05
97783,479.75|357.3
97784,537.0|348.7
97785,528.95|508.45
97786,516.3|361.25
97787,291.2|425.85
97788,357.25|490.25
97789,538.3|297.85
97790,354.4|254.7
97791,427.7|276.05
97792,459.9|348.85
97793,379.9|547.45
97794,446.85|471.7
97795,215.3|240.0
97796,571.2|373.55
97797,399.35|544.15
97798,580.65|481.5
97799,403.15|531.3
97800,543.4|533.75
97801,485.4|341.35
97802,431.75|245.2
97803,454.55|231.7
97804,563.7|477.25
97805,464.6|220.05
97806,465.05|395.4
97807,572.5|453.85
97808,392.35|315.55
97809,305.15|493.0
97810,478.45|529.5
97811,364.65|520.6
97812,418.5|361.1
97813,566.35|540.2
97814,419.6|430.4
97815,463.4|298.65
97816,209.65|492.25
97817,317.05|306.1
97818,289.05|531.65
97819,420.1|219.1
97820,542.35|220.75
97821,454.3|569.05
97822,269.25|223.65
97823,265.3|490.2
97824,412.1|230.2
97825,458.45|476.7
97826,499.5|246.4
97827,590.1|383.3
97828,471.2|317.5
97829,213.4|508.85
97830,252.45|557.1
97831,242.25|583.7
97832,379.8|539.25
97833,226.95|363.2
97834,440.2|581.75
97835,252.1|556.75
97836,433.4|575.95
97837,459.0|558.2
97838,434.75|592.0
97839,320.45|344.2
97840,590.05|553.25
97841,409.0|261.1
97842,285.35|240.3
97843,409.45|572.75
97844,485.0|347.0
97845,435.05|500.95
97846,561.85|301.4
97847,538.75|532.1
97848,347.4|388.85
97849,434.85|533.9
97850,210.35|329.25
97851,481.15|284.55
97852,462.5|287.15
97853,265.4|241.8
97854,561.1|556.9
97855,290.5|590.7
97856,237.7|356.95
97857,256.15|416.85
97858,215.4|477.65
97859,253.25|562.9
97860,211.7|473.05
97861,440.6|438.45
97862,336.8|355.4
97863,407.9|265.1
97864,445.05|415.35
97865,423.15|262.55
97866,385.55|235.5
97867,584.7|586.1
97868,442.7|212.4
97869,355.95|219.65
97870,245.1|220.25
97871,336.8|498.75
97872,261.85|576.65
97873,560.8|467.3
97874,589.9|358.25
97875,227.2|458.75
97876,374.55|234.95
97877,577.0|469.45
97878,380.4|225.0
97879,279.35|574.0
97880,266.85|405.75
97881,429.3|352.1
97882,530.55|536.3
97883,418.7|528.25
97884,454.1|292.1
97885,460.0|503.35
97886,551.15|530.6
97887,462.35|471.7
97888,349.8|506.4
97889,495.95|266.0
97890,258.4|529.85
97891,537.1|542.4
97892,433.65|429.4
97893,229.9|354.05
97894,385.85|473.85
97895,272.65|355.75
97896,386.15|406.55
97897,341.75|394.25
97898,268.4|558.1
97899,518.65|481.75
97900,493.3|403.65
97901,218.6|406.95
97902,581.15|352.95
97903,456.45|451.95
97904,576.25|430.25
97905,268.05|289.9
97906,512.0|532.7
97907,432.95|398.7
97908,287.4|518.3
97909,594.0|281.75
97910,493.9|330.45
97911,527.75|445.2
97912,264.6|454.85
97913,286.1|235.4
97914,426.7|427.1
97915,437.65|409.9
97916,240.8|322.1
97917,259.7|223.2
97918,211.75|316.1
97919,464.45|474.05
97920,592.8|213.75
97921,245.25|432.25
97922,462.65|390.9
97923,419.05|567.05
97924,322.15|376.95
97925,411.85|289.55
97926,344.45|568.2
97927,422.3|486.15
97928,422.55|396.0
97929,486.7|478.5
97930,253.95|261.05
97931,267.55|242.55
97932,223.0|497.95
97933,474.85|521.0
97934,581.6|510.2
97935,276.5|285.3
97936,349.1|545.25
97937,436.25|388.35
97938,292.4|334.45
97939,570.95|273.3
97940,467.5|332.4
97941,423.1|375.15
97942,350.1|442.7
97943,244.3|397.3
97944,434.65|504.05
97945,580.95|540.8
97946,469.75|255.1
97947,257.35|592.4
97948,329.95|425.4
97949,386.7|210.5
97950,265.05|243.85
97951,357.75|286.85
97952,577.65|312.3
97953,342.4|428.75
97954,562.75|376.2
97955,292.95|428.1
97956,243.1|240.65
97957,214.55|367.75
97958,532.85|572.35
97959,434.5|323.7
97960,590.25|301.25
97961,431.35|420.85
97962,572.35|452.3
97963,278.35|268.45
97964,223.45|583.75
97965,288.0|349.0
97966,256.3|287.6
97967,344.5|515.6
97968,445.75|374.55
97969,224.05|218.2
97970,325.45|249.55
97971,500.55|231.3
97972,444.7|452.4
97973,214.3|326.75
97974,276.85|569.55
97975,300.9|438.15
97976,355.45|493.8
97977,214.2|425.9
97978,280.5|533.8
97979,305.2|357.8
97980,409.15|259.2
97981,236.75|584.4
97982,364.95|357.75
97983,474.5|493.1
97984,363.0|210.3
97985,584.35|216.55
97986,451.05|359.1
97987,360.85|279.4
97988,213.6|498.45
97989,268.4|582.15
97990,416.45|574.6
97991,359.8|554.25
97992,525.6|529.55
97993,529.4|546.8
97994,463.7|255.5
97995,439.0|481.0
97996,379.55|587.85
97997,394.0|495.4
97998,517.3|445.7
97999,251.25|496.1
98000,360.95|590.65
98001,207.7|579.85
98002,528.45|591.45
98003,236.75|451.15
98004,338.35|428.45
98005,380.1|486.3
98006,496.0|278.3
98007,583.45|414.15
98008,325.65|317.85
98009,431.5|422.05
98010,429.85|303.3
98011,341.6|241.85
98012,584.5|504.35
98013,222.75|293.2
98014,459.65|347.0
98015,443.05|586.0
98016,208.75|249.65
98017,412.95|416.95
98018,226.05|389.0
98019,259.0|306.45
98020,450.6|276.25
98021,532.3|418.05
98022,213.05|256.9
98023,571.85|262.9
98024,354.2|451.8
98025,338.2|252.6
98026,532.0|418.95
98027,368.9|509.75
98028,443.0|334.85
98029,452.1|386.85
98030,578.15|221.65
98031,210.7|585.55
98032,574.8|302.1
98033,345.65|524.7
98034,567.35|397.3
98035,463.25|451.2
98036,370.0|592.1
98037,464.05|266.4
98038,493.75|486.7
98039,412.25|209.75
98040,499.45|430.6
98041,461.85|469.9
98042,587.35|594.5
98043,269.55|562.4
98044,299.3|388.7
98045,585.55|525.7
98046,266.85|552.55
98047,396.8|311.85
98048,467.0|520.5
98049,240.15|270.5
98050,256.05|566.85
98051,359.75|426.4
98052,287.2|539.65
98053,588.3|588.95
98054,350.35|416.75
98055,218.35|592.6
98056,468.5|479.65
98057,585.6|500.35
98058,530.6|443.75
98059,337.6|426.05
98060,263.4|259.1
98061,459.7|356.15
98062,473.75|266.25
98063,281.8|441.95
98064,275.45|263.2
98065,354.7|327.55
98066,314.75|317.0
98067,219.2|550.9
98068,350.9|499.7
98069,528.3|444.35
98070,409.9|237.15
98071,398.45|228.15
98072,426.0|393.85
98073,543.55|442.8
98074,406.0|577.45
98075,402.35|536.75
98076,209.1|550.85
98077,238.9|519.4
98078,350.5|216.6
98079,517.4|517.9
98080,335.1|415.9
98081,271.55|417.95
98082,329.95|574.95
98083,529.95|546.3
98084,320.9|382.35
98085,587.55|243.15
98086,351.35|554.55
98087,321.85|385.6
98088,262.65|298.2
98089,411.6|488.85
98090,485.8|501.0
98091,559.4|297.3
98092,299.4|384.0
98093,369.9|211.05
98094,355.65|347.2
98095,347.45|455.75
98096,518.95|456.05
98097,274.9|445.25
98098,416.25|486.95
98099,279.45|450.1
98100,342.6|333.35
98101,582.1|237.35
98102,582.95|332.95
98103,469.0|247.15
98104,224.0|411.0
98105,208.75|228.15
98106,317.3|536.2
98107,261.65|562.7
98108,444.95|548.75
98109,554.05|461.55
98110,248.8|508.25
98111,325.6|335.6
98112,565.05|336.75
98113,536.55|555.7
98114,468.75|451.4
98115,557.8|247.45
98116,470.45|452.35
98117,530.15|525.65
98118,358.45|337.3
98119,290.65|526.6
98120,321.25|412.05
98121,410.45|406.45
98122,215.1|584.25
98123,253.9|269.9
98124,456.1|234.4
98125,426.85|543.35
98126,513.8|459.0
98127,343.95|558.75
98128,225.25|587.65
98129,295.3|361.65
98130,532.05|411.45
98131,217.3|207.8
98132,507.85|443.95
98133,473.55|389.35
98134,483.75|434.25
98135,371.8|333.9
98136,455.9|482.7
98137,469.35|449.85
98138,568.5|578.45
98139,259.3|220.75
98140,443.1|445.85
98141,578.0|511.3
98142,216.25|351.9
98143,276.2|304.3
98144,365.4|230.25
98145,467.85|456.7
98146,413.4|459.3
98147,592.7|429.35
98148,442.25|591.2
98149,579.8|560.25
98150,446.5|395.95
98151,243.35|530.95
98152,406.9|225.75
98153,402.05|510.6
98154,422.35|352.25
98155,205.05|463.45
98156,351.25|227.15
98157,378.65|275.1
98158,485.5|475.05
98159,208.45|544.8
98160,374.45|496.7
98161,467.55|511.95
98162,388.35|342.75
98163,558.85|529.75
98164,439.0|443.15
98165,244.2|215.2
98166,354.85|209.05
98167,232.6|410.95
98168,321.45|494.6
98169,269.4|230.75
98170,392.9|583.2
98171,259.5|406.1
98172,570.75|254.75
98173,338.35|555.7
98174,381.45|377.7
98175,471.2|465.4
98176,540.95|430.35
98177,456.5|220.3
98178,269.3|490.2
98179,240.2|565.8
98180,290.5|378.05
98181,419.15|456.55
98182,522.6|479.4
98183,231.45|486.5
98184,558.95|316.8
98185,494.2|247.25
98186,277.4|456.8
98187,441.55|363.8
98188,581.65|511.95
98189,306.0|427.15
98190,380.4|335.0
98191,354.7|279.95
98192,423.05|398.5
98193,351.75|566.0
98194,378.35|472.55
98195,276.15|591.65
98196,228.15|258.25
98197,272.8|582.6
98198,436.5|379.4
98199,459.65|482.3
98200,413.0|505.1
98201,392.85|578.6
98202,253.05|208.85
98203,526.8|243.95
98204,591.75|568.1
98205,270.6|433.3
98206,451.35|524.35
98207,533.5|482.85
98208,563.3|423.3
98209,464.9|289.05
98210,348.7|568.05
98211,581.95|450.85
98212,228.7|294.45
98213,486.4|352.7
98214,335.2|582.55
98215,330.35|420.2
98216,587.4|501.9
98217,435.1|561.05
98218,529.6|499.95
98219,565.05|341.1
98220,220.65|403.35
98221,531.0|571.6
98222,545.35|311.75
98223,521.05|441.65
98224,421.45|549.8
98225,397.75|590.1
98226,272.25|236.9
98227,530.05|447.3
98228,204.7|465.0
98229,350.65|269.1
98230,518.65|479.1
98231,527.35|439.65
98232,480.55|352.6
98233,420.65|560.75
98234,406.65|387.5
98235,231.15|255.4
98236,573.6|487.6
98237,579.55|374.2
98238,413.65|563.7
98239,338.65|210.6
98240,385.2|503.35
98241,295.85|331.6
98242,363.7|277.65
98243,558.35|588.65
98244,579.95|214.7
98245,452.55|466.6
98246,275.45|403.7
98247,279.15|327.65
98248,407.3|454.05
98249,415.9|382.45
98250,429.0|482.05
98251,578.15|562.25
98252,481.7|236.8
98253,462.65|450.6
98254,469.35|312.05
98255,513.6|517.35
98256,337.8|416.45
98257,337.95|464.8
98258,369.1|265.5
98259,283.25|467.15
98260,296.5|363.95
98261,540.55|589.3
98262,219.1|496.6
98263,406.3|526.4
98264,552.3|423.4
98265,272.55|411.35
98266,333.8|529.95
98267,536.2|253.3
98268,218.35|234.25
98269,244.8|403.65
98270,472.1|317.3
98271,348.95|419.0
98272,424.15|303.55
98273,264.1|246.8
98274,370.1|518.85
98275,538.85|518.45
98276,374.05|485.15
98277,572.05|435.1
98278,266.9|571.85
98279,343.2|319.7
98280,353.25|444.95
98281,426.5|371.9
98282,586.25|496.55
98283,395.7|575.2
98284,476.05|462.3
98285,345.9|329.35
98286,376.65|536.1
98287,401.85|572.35
98288,411.75|586.3
98289,330.15|318.25
98290,346.95|524.35
98291,359.5|591.95
98292,229.4|300.3
98293,359.8|298.1
98294,214.15|452.95
98295,517.5|469.4
98296,345.95|589.5
98297,258.15|423.0
98298,384.75|296.05
98299,237.7|560.55
98300,551.95|248.1
98301,362.45|380.3
98302,283.1|435.7
98303,479.25|275.4
98304,564.9|417.4
98305,281.9|541.2
98306,338.2|255.85
98307,550.05|341.65
98308,432.1|331.85
98309,340.95|400.2
98310,416.85|353.3
98311,543.7|419.25
98312,265.55|276.15
98313,547.1|275.45
98314,397.05|417.05
98315,401.2|482.85
98316,233.7|310.1
98317,571.85|561.65
98318,361.1|374.15
98319,346.9|510.9
98320,380.55|572.85
98321,474.9|318.05
98322,567.9|335.15
98323,421.15|567.9
98324,362.9|433.0
98325,423.75|464.05
98326,447.05|480.95
98327,221.1|515.25
98328,217.1|316.55
98329,532.95|525.25
98330,362.25|332.6
98331,414.9|398.95
98332,521.6|410.4
98333,346.9|330.15
98334,475.8|255.5
98335,241.45|321.8
98336,257.1|239.55
98337,367.9|437.9
98338,362.6|376.65
98339,472.5|416.6
98340,259.15|277.0
98341,214.05|279.05
98342,387.25|369.95
98343,362.05|294.0
98344,462.9|217.65
98345,543.2|369.3
98346,485.9|485.75
98347,240.95|522.35
98348,430.15|352.25
98349,572.75|295.8
98350,352.2|545.1
98351,562.55|508.35
98352,409.8|488.8
98353,478.9|225.7
98354,572.3|470.4
98355,255.3|581.6
98356,426.25|575.8
98357,549.1|543.6
98358,569.4|462.0
98359,538.4|441.25
98360,445.95|222.4
98361,417.45|594.65
98362,207.9|520.2
98363,535.2|270.05
98364,290.8|362.4
98365,209.75|505.15
98366,374.3|550.75
98367,527.8|417.5
98368,234.8|207.5
98369,588.85|217.55
98370,211.75|437.95
98371,551.95|327.45
98372,305.25|308.3
98373,399.8|477.45
98374,476.35|294.9
98375,433.2|301.45
98376,258.65|367.9
98377,318.15|404.4
98378,322.2|335.75
98379,359.75|302.75
98380,276.15|481.85
98381,406.1|367.8
98382,443.1|261.1
98383,550.2|453.25
98384,449.3|589.8
98385,442.75|588.5
98386,227.95|576.2
98387,432.05|378.75
98388,319.8|265.6
98389,244.95|504.8
98390,588.1|433.85
98391,410.25|498.2
98392,426.85|558.15
98393,586.4|419.75
98394,232.9|311.0
98395,280.25|390.45
98396,224.45|513.2
98397,344.05|331.0
98398,274.85|442.35
98399,282.5|502.0
98400,590.85|564.25
98401,467.8|517.35
98402,479.35|350.95
98403,352.85|488.4
98404,470.0|217.4
98405,276.95|413.6
98406,380.2|594.05
98407,404.05|567.15
98408,281.8|445.3
98409,535.1|330.7
98410,326.5|339.75
98411,209.8|573.3
98412,242.3|488.8
98413,263.9|289.5
98414,473.85|280.25
98415,450.35|359.15
98416,410.1|535.1
98417,210.45|554.45
98418,464.15|330.4
98419,287.65|449.15
98420,452.35|541.6
98421,476.1|307.1
98422,444.15|336.9
98423,240.55|475.95
98424,415.1|536.45
98425,538.65|241.25
98426,247.1|578.2
98427,491.05|512.65
98428,556.05|584.0
98429,543.9|580.9
98430,561.0|373.45
98431,564.85|407.6
98432,365.95|257.0
98433,236.2|408.3
98434,346.45|285.35
98435,309.45|237.05
98436,349.4|335.6
98437,256.7|552.65
98438,251.25|259.5
98439,377.3|246.4
98440,548.05|526.8
98441,341.4|267.0
98442,282.05|587.9
98443,571.8|434.45
98444,268.0|375.2
98445,487.35|335.8
98446,476.25|243.15
98447,344.25|328.4
98448,514.65|440.15
98449,571.4|446.35
98450,537.95|534.2
98451,310.6|404.95
98452,464.35|530.3
98453,537.0|476.4
98454,262.15|490.15
98455,419.45|578.75
98456,414.2|569.9
98457,447.7|402.3
98458,352.15|452.05
98459,475.2|463.7
98460,535.8|303.75
98461,254.4|397.65
98462,494.45|387.3
98463,478.05|352.4
98464,457.9|584.35
98465,329.75|382.9
98466,471.65|523.35
98467,467.2|325.0
98468,377.6|575.75
98469,207.5|360.65
98470,569.65|293.35
98471,570.65|513.6
98472,452.65|582.7
98473,421.6|271.0
98474,539.1|520.75
98475,279.45|451.35
98476,560.5|475.8
98477,410.45|481.1
98478,542.8|356.0
98479,222.25|221.4
98480,402.4|384.8
98481,455.95|246.55
98482,570.5|212.05
98483,380.5|491.95
98484,547.7|355.2
98485,406.9|343.25
98486,373.4|592.35
98487,452.9|386.85
98488,217.0|518.15
98489,222.35|478.7
98490,439.55|457.35
98491,402.5|488.75
98492,252.8|490.05
98493,269.5|466.05
98494,210.2|457.7
98495,479.25|308.1
98496,431.55|339.05
98497,429.0|383.25
98498,464.8|479.5
98499,354.9|338.45
98500,213.55|584.25
98501,499.15|485.95
98502,448.55|266.0
98503,264.3|285.0
98504,504.45|350.4
98505,349.15|325.5
98506,396.45|452.1
98507,451.5|452.3
98508,568.85|338.15
98509,225.7|461.5
98510,579.15|524.0
98511,265.8|250.25
98512,388.45|585.25
98513,479.35|449.85
98514,228.75|410.65
98515,211.0|224.15
98516,306.45|340.2
98517,533.45|567.45
98518,582.25|312.45
98519,571.15|466.35
98520,236.15|309.75
98521,442.7|583.0
98522,502.35|346.2
98523,539.1|536.35
98524,566.9|289.6
98525,447.8|587.35
98526,477.85|314.9
98527,351.0|311.35
98528,553.9|561.65
98529,357.9|569.35
98530,503.45|307.05
98531,512.85|510.7
98532,330.75|532.75
98533,573.75|510.05
98534,543.75|255.05
98535,543.15|568.8
98536,341.65|554.15
98537,564.4|550.55
98538,264.0|242.6
98539,404.65|587.05
98540,541.65|437.75
98541,443.6|216.65
98542,404.15|578.95
98543,275.05|539.8
98544,284.2|562.95
98545,530.75|291.75
98546,464.1|291.35
98547,281.9|441.15
98548,387.75|208.95
98549,479.65|228.75
98550,577.75|235.7
98551,549.35|415.1
98552,574.15|487.45
98553,340.7|218.85
98554,584.7|401.85
98555,241.65|571.0
98556,362.45|433.1
98557,469.9|267.2
98558,321.15|234.7
98559,540.6|309.05
98560,257.7|579.0
98561,289.8|515.9
98562,223.45|361.95
98563,216.9|464.15
98564,257.1|286.0
98565,273.3|315.5
98566,353.45|265.65
98567,538.95|541.7
98568,374.2|494.15
98569,551.45|481.2
98570,527.5|560.5
98571,565.9|275.7
98572,406.5|237.05
98573,585.1|390.7
98574,437.6|343.6
98575,272.9|541.4
98576,588.85|268.65
98577,465.25|425.05
98578,326.25|331.45
98579,380.35|365.65
98580,213.2|553.8
98581,432.2|529.25
98582,326.05|415.2
98583,373.85|595.1
98584,436.15|462.55
98585,233.75|512.05
98586,464.7|354.55
98587,563.2|315.15
98588,402.15|449.35
98589,579.05|389.55
98590,277.2|584.35
98591,411.9|259.65
98592,388.45|510.4
98593,390.05|455.05
98594,254.5|277.25
98595,372.0|208.45
98596,401.65|268.85
98597,350.0|253.6
98598,215.8|319.55
98599,448.7|470.3
98600,387.85|514.9
98601,227.35|255.85
98602,490.3|205.7
98603,289.25|380.55
98604,461.35|263.25
98605,525.4|347.95
98606,396.3|459.05
98607,395.75|363.65
98608,541.9|320.1
98609,283.8|585.85
98610,360.75|277.6
98611,221.95|439.5
98612,351.0|442.2
98613,462.9|295.5
98614,370.45|352.25
98615,469.75|321.4
98616,240.75|227.25
98617,263.6|494.6
98618,343.6|223.4
98619,436.85|250.7
98620,410.0|542.6
98621,434.0|494.75
98622,368.1|334.5
98623,406.45|358.25
98624,391.6|271.8
98625,416.05|347.85
98626,435.95|421.95
98627,365.05|363.35
98628,255.7|550.9
98629,309.25|322.2
98630,265.3|432.65
98631,435.0|564.6
98632,573.45|549.1
98633,576.85|219.15
98634,347.85|580.65
98635,221.45|523.3
98636,571.3|325.15
98637,216.75|233.45
98638,587.75|590.45
98639,559.95|287.5
98640,548.6|469.35
98641,403.0|595.85
98642,346.55|424.65
98643,569.75|235.6
98644,580.75|464.85
98645,428.2|444.85
98646,588.95|341.2
98647,461.75|220.35
98648,450.1|453.0
98649,584.1|214.0
98650,266.0|426.65
98651,372.5|526.8
98652,278.45|357.75
98653,549.35|414.55
98654,445.95|300.55
98655,541.85|475.65
98656,572.35|449.55
98657,443.35|320.2
98658,457.15|257.35
98659,221.45|389.5
98660,546.55|330.15
98661,252.7|266.0
98662,459.75|453.3
98663,289.45|376.75
98664,566.2|333.0
98665,592.35|494.55
98666,397.8|229.1
98667,265.65|589.3
98668,255.15|236.6
98669,580.35|222.8
98670,493.95|510.85
98671,573.35|382.7
98672,208.05|582.95
98673,532.6|237.85
98674,291.1|552.7
98675,233.0|585.2
98676,395.55|550.5
98677,590.95|426.65
98678,508.0|492.45
98679,405.9|387.1
98680,236.4|316.05
98681,581.9|411.15
98682,445.95|245.35
98683,518.75|440.1
98684,571.55|579.0
98685,524.8|543.6
98686,420.35|560.6
98687,591.9|471.15
98688,578.3|336.1
98689,522.9|415.85
98690,577.2|440.75
98691,528.65|534.3
98692,255.9|344.45
98693,256.65|373.05
98694,277.1|557.5
98695,303.0|545.8
98696,289.6|547.7
98697,361.95|365.4
98698,592.25|477.0
98699,356.75|316.55
98700,235.3|365.95
98701,405.95|346.1
98702,373.3|455.0
98703,245.95|428.8
98704,548.45|573.9
98705,353.85|374.8
98706,589.55|296.8
98707,548.6|325.4
98708,353.1|476.0
98709,562.55|242.05
98710,241.45|274.55
98711,471.3|272.85
98712,531.15|504.15
98713,437.1|533.3
98714,473.2|328.1
98715,344.9|360.25
98716,396.0|452.75
98717,292.45|418.7
98718,367.6|242.5
98719,534.15|367.2
98720,282.1|363.4
98721,466.7|245.3
98722,455.65|588.8
98723,340.8|227.8
98724,548.1|243.4
98725,271.1|546.4
98726,560.0|250.65
98727,586.85|258.7
98728,406.7|543.2
98729,219.85|223.9
98730,221.4|245.4
98731,568.4|568.5
98732,385.2|592.1
98733,586.6|364.3
98734,410.85|466.95
98735,364.25|241.1
98736,442.3|443.1
98737,547.95|442.75
98738,572.25|452.9
98739,286.95|400.15
98740,488.75|483.25
98741,460.2|592.1
98742,351.35|562.7
98743,270.55|360.25
98744,337.2|365.8
98745,351.75|379.95
98746,336.8|329.0
98747,338.75|490.2
98748,299.05|447.4
98749,285.1|448.7
98750,270.4|398.1
98751,489.65|225.35
98752,291.35|268.75
98753,520.15|534.45
98754,279.95|521.0
98755,238.85|354.9
98756,390.9|333.05
98757,377.4|578.6
98758,370.25|411.85
98759,528.45|559.55
98760,541.25|329.5
98761,367.65|372.75
98762,434.75|409.8
98763,454.15|310.6
98764,569.25|590.1
98765,288.0|326.85
98766,261.6|437.05
98767,562.35|479.85
98768,349.7|552.45
98769,481.5|382.45
98770,220.2|326.6
98771,445.6|218.65
98772,368.95|357.5
98773,224.5|495.7
98774,345.6|586.85
98775,527.4|538.55
98776,416.1|388.3
98777,447.4|353.95
98778,221.85|244.35
98779,289.75|409.7
98780,407.7|342.35
98781,372.2|297.85
98782,518.25|535.95
98783,295.0|390.2
98784,349.95|500.4
98785,580.65|410.85
98786,339.3|502.15
98787,306.4|560.8
98788,476.55|509.1
98789,271.0|543.15
98790,265.25|403.65
98791,387.75|399.95
98792,401.8|500.4
98793,352.5|594.8
98794,229.15|211.05
98795,357.45|495.2
98796,340.4|499.0
98797,425.55|313.0
98798,411.65|482.25
98799,220.05|303.75
98800,568.25|473.85
98801,576.2|244.05
98802,231.8|519.5
98803,574.35|326.4
98804,262.9|284.75
98805,258.35|272.4
98806,449.65|529.35
98807,256.25|291.7
98808,390.7|535.7
98809,568.55|452.3
98810,319.15|524.5
98811,567.45|268.25
98812,444.4|386.4
98813,257.05|222.05
98814,229.35|546.45
98815,449.1|474.2
98816,552.55|494.6
98817,390.0|489.75
98818,269.5|491.85
98819,424.0|590.5
98820,576.75|363.4
98821,442.6|543.55
98822,279.25|338.5
98823,234.65|444.2
98824,382.2|473.55
98825,546.4|452.15
98826,579.25|366.55
98827,547.2|315.85
98828,288.85|408.55
98829,476.3|439.2
98830,210.1|276.65
98831,392.65|334.3
98832,211.45|587.05
98833,376.6|552.55
98834,238.35|509.6
98835,438.2|247.0
98836,468.55|339.75
98837,330.4|435.9
98838,594.0|485.35
98839,488.6|322.15
98840,229.45|504.6
98841,418.8|464.4
98842,445.5|403.0
98843,297.3|441.1
98844,274.85|463.0
98845,422.1|588.6
98846,289.95|376.9
98847,345.95|522.35
98848,534.6|421.75
98849,522.85|524.0
98850,528.05|213.45
98851,230.95|328.8
98852,289.05|403.0
98853,455.6|541.4
98854,539.15|295.35
98855,462.3|325.0
98856,538.5|435.9
98857,240.55|589.55
98858,382.95|594.7
98859,408.55|456.45
98860,362.55|264.65
98861,239.15|236.65
98862,238.7|209.4
98863,585.65|545.3
98864,466.45|270.3
98865,433.45|287.3
98866,531.9|412.45
98867,563.7|398.55
98868,408.45|268.0
98869,205.75|504.35
98870,351.75|574.25
98871,351.45|469.25
98872,353.35|544.55
98873,580.8|399.15
98874,544.3|539.1
98875,329.85|333.25
98876,329.6|305.8
98877,400.15|574.95
98878,376.75|418.85
98879,391.35|580.55
98880,229.4|431.0
98881,260.4|235.9
98882,280.4|326.0
98883,560.6|588.15
98884,263.95|538.4
98885,482.95|400.6
98886,287.15|326.95
98887,572.1|519.1
98888,590.5|400.8
98889,363.9|401.7
98890,451.1|353.1
98891,408.95|549.15
98892,589.5|264.7
98893,252.75|248.9
98894,352.55|227.25
98895,541.4|454.0
98896,227.95|318.35
98897,593.15|348.75
98898,359.75|283.95
98899,212.35|591.9
98900,276.35|333.9
98901,257.65|557.0
98902,254.75|403.95
98903,410.25|462.65
98904,296.0|411.75
98905,551.9|252.65
98906,547.3|294.65
98907,220.5|559.6
98908,485.05|434.6
98909,525.05|566.5
98910,231.25|490.6
98911,540.95|537.35
98912,457.7|384.6
98913,361.45|558.65
98914,409.25|533.65
98915,367.2|218.5
98916,423.45|342.7
98917,330.25|403.0
98918,347.95|476.35
98919,368.95|278.75
98920,573.6|327.5
98921,462.7|378.0
98922,383.05|378.1
98923,453.9|307.95
98924,529.15|495.25
98925,221.25|505.95
98926,562.6|582.9
98927,355.9|308.75
98928,494.9|517.35
98929,364.05|440.2
98930,441.15|413.8
98931,587.75|513.5
98932,342.45|404.9
98933,349.75|220.2
98934,237.2|564.5
98935,429.2|538.7
98936,481.45|579.4
98937,225.5|325.35
98938,459.3|395.2
98939,343.6|454.5
98940,490.4|469.2
98941,265.25|393.85
98942,448.85|507.2
98943,576.4|583.95
98944,485.7|442.35
98945,449.2|299.2
98946,543.6|309.25
98947,537.8|494.9
98948,593.25|280.45
98949,279.75|498.45
98950,389.65|304.45
98951,242.4|226.2
98952,524.95|417.05
98953,220.65|371.0
98954,427.05|324.2
98955,522.7|565.05
98956,217.0|271.65
98957,349.35|516.6
98958,357.5|516.15
98959,313.05|262.15
98960,569.1|443.95
98961,478.95|211.05
98962,411.3|360.95
98963,559.4|571.75
98964,553.1|277.6
98965,421.3|452.3
98966,458.45|543.4
98967,366.7|424.0
98968,589.45|395.95
98969,294.3|323.95
98970,348.6|230.6
98971,215.6|473.4
98972,467.05|464.5
98973,411.3|468.8
98974,362.9|577.35
98975,259.95|268.25
98976,388.7|590.6
98977,339.4|524.85
98978,381.55|358.15
98979,461.35|305.8
98980,476.95|326.0
98981,546.35|297.8
98982,425.25|316.35
98983,318.45|401.25
98984,477.9|348.85
98985,377.05|513.65
98986,456.35|352.75
98987,295.5|432.4
98988,588.65|493.7
98989,215.15|252.1
98990,296.3|379.5
98991,567.5|306.5
98992,556.75|247.05
98993,335.9|261.4
98994,425.65|490.6
98995,368.4|214.75
98996,419.05|364.75
98997,275.0|346.3
98998,540.25|491.65
98999,526.6|493.5
99000,384.85|288.35
99001,238.75|479.1
99002,584.7|418.6
99003,567.55|564.3
99004,283.15|451.35
99005,210.7|253.45
99006,532.8|447.0
99007,375.7|300.0
99008,436.25|230.3
99009,495.25|359.4
99010,543.2|423.2
99011,496.35|471.45
99012,283.6|311.35
99013,327.2|437.4
99014,435.75|412.35
99015,440.3|261.65
99016,588.45|362.95
99017,238.85|243.65
99018,345.35|559.85
99019,244.95|249.75
99020,581.7|590.75
99021,429.25|345.7
99022,386.85|426.95
99023,334.05|225.8
99024,539.0|520.4
99025,362.45|366.6
99026,288.85|587.45
99027,224.5|485.3
99028,404.85|582.5
99029,271.9|508.45
99030,471.4|434.25
99031,392.95|523.15
99032,248.95|213.0
99033,555.75|444.8
99034,256.3|418.75
99035,353.6|373.4
99036,550.25|268.25
99037,212.8|246.85
99038,276.7|299.3
99039,371.35|463.55
99040,473.25|358.05
99041,502.45|431.0
99042,379.2|257.5
99043,225.0|425.95
99044,218.75|494.4
99045,579.5|290.2
99046,349.1|560.8
99047,316.55|357.5
99048,531.85|491.75
99049,372.7|215.35
99050,562.2|459.75
99051,461.65|308.9
99052,429.55|241.55
99053,250.7|316.45
99054,384.2|501.25
99055,270.65|571.05
99056,581.85|481.85
99057,293.95|385.0
99058,458.95|572.2
99059,252.3|223.5
99060,561.15|331.65
99061,395.9|533.4
99062,399.7|340.95
99063,306.4|412.05
99064,537.45|584.0
99065,415.1|576.8
99066,347.05|386.4
99067,265.35|267.85
99068,269.85|565.3
99069,271.3|337.7
99070,554.6|318.8
99071,382.65|237.35
99072,282.9|340.6
99073,319.45|215.95
99074,583.7|216.65
99075,265.4|594.75
99076,521.3|466.15
99077,558.55|229.15
99078,398.05|306.15
99079,394.4|328.9
99080,552.7|239.9
99081,374.1|260.25
99082,385.25|500.1
99083,345.8|507.3
99084,588.3|371.95
99085,338.15|500.85
99086,237.05|497.2
99087,352.85|410.1
99088,578.0|545.0
99089,429.2|503.65
99090,514.4|491.15
99091,383.95|584.9
99092,216.05|590.25
99093,554.0|425.5
99094,527.9|517.85
99095,228.0|436.05
99096,510.3|551.55
99097,225.45|226.2
99098,380.45|458.85
99099,538.05|472.8
99100,354.45|387.7
99101,291.45|452.3
99102,250.2|364.25
99103,258.5|294.9
99104,592.6|491.35
99105,448.9|285.85
99106,342.45|349.65
99107,246.6|488.05
99108,212.4|584.45
99109,455.6|438.8
99110,269.05|486.15
99111,398.0|371.8
99112,258.45|231.5
99113,589.7|497.3
99114,430.1|519.5
99115,269.55|484.85
99116,404.25|295.25
99117,367.45|426.7
99118,297.85|378.95
99119,380.9|212.95
99120,485.3|521.35
99121,565.8|213.4
99122,365.75|481.5
99123,323.75|354.55
99124,208.25|325.8
99125,251.75|373.25
99126,536.95|522.7
99127,409.0|550.6
99128,280.4|452.0
99129,566.5|272.5
99130,568.8|576.05
99131,271.95|364.45
99132,251.2|582.75
99133,263.1|569.95
99134,436.7|227.8
99135,578.75|538.2
99136,592.25|393.1
99137,206.05|457.55
99138,538.95|588.55
99139,206.8|481.8
99140,580.05|288.4
99141,574.1|470.9
99142,550.8|230.15
99143,269.9|360.75
99144,354.35|273.85
99145,556.55|531.85
99146,558.95|560.15
99147,262.2|228.25
99148,524.7|366.05
99149,379.65|491.3
99150,386.05|592.05
99151,211.2|459.25
99152,409.35|235.0
99153,440.85|327.55
99154,552.0|488.55
99155,567.25|319.1
99156,550.85|528.0
99157,253.25|430.3
99158,377.6|325.35
99159,225.0|531.5
99160,218.45|487.65
99161,405.3|541.2
99162,481.4|464.3
99163,553.4|589.05
99164,440.8|399.9
99165,373.3|388.85
99166,431.75|362.9
99167,299.15|367.5
99168,438.05|463.15
99169,429.55|419.5
99170,459.45|436.3
99171,433.85|582.8
99172,227.35|389.15
99173,532.4|287.45
99174,391.15|303.15
99175,375.1|585.55
99176,465.9|238.3
99177,210.6|410.35
99178,351.6|547.4
99179,434.75|259.6
99180,275.75|547.05
99181,590.9|355.0
99182,256.8|533.6
99183,276.95|577.2
99184,359.1|262.4
99185,334.35|387.05
99186,589.15|561.1
99187,234.45|310.2
99188,351.95|324.2
99189,383.2|453.7
99190,579.5|236.3
99191,590.2|459.45
99192,414.95|213.3
99193,588.4|286.5
99194,227.5|553.1
99195,382.6|353.65
99196,446.15|447.0
99197,547.8|475.7
99198,260.7|573.95
99199,421.65|256.05
99200,491.6|332.9
99201,405.15|339.7
99202,273.4|407.0
99203,340.2|372.4
99204,529.95|503.3
99205,271.9|399.65
99206,242.85|381.1
99207,551.95|236.95
99208,399.85|387.1
99209,557.3|582.95
99210,437.5|278.3
99211,584.45|356.7
99212,291.95|298.0
99213,561.85|323.25
99214,337.25|498.2
99215,278.85|341.35
99216,403.4|417.15
99217,441.7|333.65
99218,536.5|520.95
99219,593.5|346.2
99220,407.55|570.1
99221,278.6|460.3
99222,540.2|540.95
99223,466.6|396.0
99224,364.6|592.05
99225,543.25|231.65
99226,391.3|473.55
99227,344.7|212.85
99228,369.05|563.4
99229,573.85|539.65
99230,206.95|503.1
99231,458.45|439.3
99232,331.1|410.55
99233,271.4|544.3
99234,407.7|575.2
99235,382.55|421.15
99236,369.45|404.05
99237,316.9|552.25
99238,231.55|404.25
99239,240.25|415.0
99240,553.35|291.55
99241,255.55|412.6
99242,408.85|246.7
99243,574.0|441.1
99244,576.45|444.75
99245,297.95|460.55
99246,445.75|478.9
99247,362.0|264.35
99248,246.9|295.1
99249,258.15|309.6
99250,404.95|292.0
99251,593.3|394.15
99252,206.75|533.9
99253,304.75|379.3
99254,538.0|292.35
99255,452.1|431.0
99256,213.2|306.6
99257,348.85|431.2
99258,221.05|435.3
99259,423.35|575.75
99260,321.75|420.7
99261,376.1|424.45
99262,582.4|296.5
99263,582.85|309.65
99264,344.95|580.55
99265,264.2|399.75
99266,267.8|218.85
99267,209.05|388.05
99268,482.8|229.2
99269,373.9|361.0
99270,529.75|333.05
99271,334.2|398.55
99272,289.7|498.45
99273,413.8|231.45
99274,595.3|386.85
99275,208.05|536.7
99276,225.85|459.95
99277,324.45|502.9
99278,544.0|571.95
99279,340.65|448.0
99280,552.85|277.05
99281,257.4|343.2
99282,575.05|472.7
99283,556.3|563.1
99284,287.4|440.4
99285,564.8|305.65
99286,529.3|433.35
99287,386.0|587.6
99288,269.6|230.15
99289,281.2|482.75
99290,298.55|367.05
99291,209.35|395.95
99292,445.7|390.15
99293,346.65|340.15
99294,247.6|220.05
99295,464.15|458.05
99296,521.8|486.05
99297,531.6|571.35
99298,539.55|578.65
99299,363.75|214.4
99300,229.45|386.8
99301,488.8|513.6
99302,433.45|575.95
99303,343.95|516.85
99304,371.15|237.6
99305,257.55|305.2
99306,349.35|372.7
99307,577.5|490.95
99308,414.7|295.8
99309,452.25|276.65
99310,432.9|324.35
99311,250.05|327.3
99312,369.3|384.1
99313,420.2|500.75
99314,362.7|208.2
99315,316.6|485.75
99316,391.5|203.75
99317,419.5|223.05
99318,265.0|548.15
99319,460.2|544.3
99320,218.6|303.85
99321,411.2|390.4
99322,437.8|585.25
99323,450.45|482.8
99324,318.6|354.95
99325,461.75|219.85
99326,380.85|353.2
99327,212.75|234.85
99328,578.75|357.45
99329,313.55|381.05
99330,246.6|210.35
99331,576.85|583.0
99332,366.3|490.8
99333,554.25|423.85
99334,217.6|243.8
99335,262.25|584.3
99336,327.7|421.3
99337,471.45|280.9
99338,343.45|227.15
99339,322.65|372.2
99340,225.75|257.35
99341,385.0|310.0
99342,258.3|287.65
99343,285.7|363.7
99344,370.3|555.55
99345,540.85|310.9
99346,231.85|285.7
99347,404.1|510.3
99348,576.25|300.85
99349,409.25|227.95
99350,462.05|325.25
99351,438.6|379.1
99352,377.65|294.85
99353,347.05|580.15
99354,256.1|564.95
99355,337.95|406.4
99356,570.45|322.7
99357,212.9|495.4
99358,340.45|506.9
99359,593.5|396.25
99360,226.55|503.65
99361,454.7|533.45
99362,448.65|497.9
99363,419.9|232.4
99364,217.55|522.0
99365,541.75|465.4
99366,329.6|340.85
99367,566.3|339.35
99368,272.85|432.1
99369,261.2|414.05
99370,457.0|589.95
99371,368.45|277.95
99372,340.55|230.6
99373,330.15|329.2
99374,480.15|478.75
99375,442.85|514.6
99376,489.4|509.45
99377,412.95|489.05
99378,422.4|446.5
99379,274.25|292.3
99380,270.4|449.05
99381,577.95|512.9
99382,547.85|414.35
99383,573.9|289.25
99384,293.55|329.3
99385,567.8|332.9
99386,472.9|504.0
99387,518.95|549.7
99388,410.7|586.55
99389,349.35|459.85
99390,231.4|259.5
99391,418.05|529.85
99392,466.75|295.45
99393,542.75|232.7
99394,382.7|509.65
99395,447.9|590.4
99396,390.7|581.3
99397,269.0|349.4
99398,524.55|498.5
99399,563.5|291.65
99400,567.55|299.8
99401,566.6|524.0
99402,375.65|406.25
99403,226.6|290.25
99404,259.6|406.7
99405,399.15|264.4
99406,499.0|349.95
99407,585.85|252.85
99408,275.5|351.55
99409,432.4|242.5
99410,226.05|435.9
99411,580.4|515.6
99412,349.8|429.15
99413,420.55|437.35
99414,351.65|216.65
99415,377.7|218.1
99416,261.1|350.5
99417,563.45|400.8
99418,406.45|448.65
99419,537.6|417.1
99420,581.4|539.35
99421,454.9|322.55
99422,353.55|590.45
99423,584.15|402.95
99424,208.0|537.2
99425,350.95|284.55
99426,582.25|347.8
99427,372.4|325.1
99428,403.15|555.85
99429,238.55|273.45
99430,258.85|437.5
99431,432.75|415.35
99432,418.1|435.0
99433,261.75|245.8
99434,480.45|270.0
99435,403.15|463.2
99436,280.1|248.0
99437,483.35|353.95
99438,409.0|228.25
99439,547.45|229.55
99440,546.95|221.55
99441,564.25|534.1
99442,325.4|355.2
99443,420.95|373.75
99444,220.1|205.15
99445,453.0|357.1
99446,206.6|525.9
99447,209.6|473.1
99448,527.85|439.3
99449,475.0|315.75
99450,419.0|242.65
99451,231.3|407.0
99452,424.35|483.55
99453,215.75|531.25
99454,272.95|337.25
99455,333.95|432.4
99456,579.6|438.45
99457,583.1|574.45
99458,233.05|524.95
99459,582.05|302.15
99460,578.6|425.4
99461,292.55|534.65
99462,435.05|520.0
99463,547.1|234.7
99464,342.35|544.15
99465,269.05|564.0
99466,332.05|395.45
99467,473.8|480.0
99468,432.5|498.45
99469,553.6|553.25
99470,211.6|277.2
99471,208.1|544.05
99472,222.15|316.2
99473,396.75|338.15
99474,571.25|539.3
99475,410.05|304.0
99476,232.15|580.75
99477,545.15|436.9
99478,578.65|239.6
99479,552.3|431.8
99480,257.2|275.3
99481,382.85|363.45
99482,287.4|528.65
99483,255.0|499.1
99484,586.6|475.35
99485,434.95|302.3
99486,353.85|551.1
99487,291.85|336.45
99488,340.65|549.0
99489,362.85|282.0
99490,556.55|221.85
99491,230.4|420.0
99492,253.8|300.6
99493,439.15|498.5
99494,445.55|591.85
99495,575.9|455.55
99496,421.85|395.45
99497,447.4|312.45
99498,383.7|487.5
99499,380.15|386.5
99500,434.65|425.55
99501,401.25|561.7
99502,435.05|231.45
99503,549.35|534.25
99504,371.75|236.25
99505,379.2|462.25
99506,548.1|591.6
99507,585.35|401.6
99508,429.6|422.1
99509,560.7|579.0
99510,553.7|328.0
99511,469.8|285.9
99512,413.45|334.3
99513,578.75|572.85
99514,436.7|447.6
99515,432.0|444.5
99516,211.35|246.6
99517,393.2|381.75
99518,560.4|585.1
99519,391.5|241.55
99520,414.5|218.9
99521,229.0|545.8
99522,233.45|339.65
99523,283.45|526.2
99524,207.65|235.75
99525,254.95|341.2
99526,549.6|294.4
99527,530.05|573.05
99528,370.55|282.2
99529,367.15|367.0
99530,347.15|519.25
99531,234.35|564.8
99532,232.95|401.35
99533,353.2|450.75
99534,254.75|461.15
99535,575.35|577.95
99536,395.7|295.05
99537,464.45|315.05
99538,402.25|555.7
99539,421.6|496.2
99540,265.95|337.4
99541,239.45|521.95
99542,413.5|293.0
99543,448.25|503.45
99544,393.15|471.6
99545,398.45|449.1
99546,583.35|259.35
99547,389.5|270.8
99548,230.25|371.1
99549,423.1|552.65
99550,485.0|321.75
99551,580.75|516.1
99552,482.55|342.1
99553,578.95|349.45
99554,229.9|293.0
99555,386.55|349.8
99556,406.2|390.65
99557,452.4|588.5
99558,558.65|583.9
99559,423.3|263.15
99560,445.65|378.95
99561,456.4|536.6
99562,468.5|323.45
99563,521.95|520.55
99564,452.7|251.55
99565,526.35|423.1
99566,241.5|384.05
99567,224.6|386.75
99568,590.95|412.45
99569,456.6|507.2
99570,211.9|464.5
99571,402.05|559.25
99572,214.0|415.6
99573,472.15|494.7
99574,226.35|234.4
99575,236.6|213.45
99576,391.35|306.95
99577,373.85|214.2
99578,534.15|558.55
99579,572.35|402.8
99580,354.65|593.1
99581,432.5|483.15
99582,441.0|319.75
99583,415.6|398.3
99584,543.6|437.1
99585,436.2|304.5
99586,461.6|257.35
99587,210.95|583.6
99588,382.4|585.7
99589,440.35|399.15
99590,532.05|303.95
99591,494.7|510.1
99592,256.45|287.35
99593,543.05|454.3
99594,489.7|264.55
99595,381.4|519.95
99596,235.85|248.65
99597,492.65|271.6
99598,568.15|455.35
99599,526.2|489.05
99600,268.8|252.4
99601,225.5|491.6
99602,449.15|391.05
99603,258.1|241.4
99604,340.4|345.8
99605,275.2|365.5
99606,486.05|434.8
99607,283.75|482.15
99608,253.0|585.45
99609,527.5|567.3
99610,475.75|534.05
99611,362.3|274.2
99612,254.0|354.25
99613,488.3|358.95
99614,561.55|442.95
99615,417.55|576.35
99616,577.25|384.9
99617,259.05|223.45
99618,309.75|557.0
99619,242.9|333.2
99620,229.6|577.3
99621,471.9|360.45
99622,260.8|344.7
99623,458.8|343.45
99624,567.05|474.6
99625,350.65|219.2
99626,461.9|517.2
99627,370.5|437.2
99628,390.05|339.4
99629,449.2|593.9
99630,489.85|527.15
99631,259.1|408.45
99632,573.6|215.55
99633,253.1|322.6
99634,572.15|330.65
99635,575.9|468.55
99636,454.4|564.25
99637,552.75|237.45
99638,580.35|340.0
99639,320.4|351.65
99640,456.3|515.4
99641,567.25|212.0
99642,374.95|575.6
99643,245.85|423.35
99644,219.2|507.7
99645,277.1|287.2
99646,287.7|473.65
99647,344.6|343.1
99648,478.0|451.75
99649,423.1|377.75
99650,216.3|418.0
99651,554.7|303.3
99652,586.95|263.95
99653,346.7|418.35
99654,406.2|270.35
99655,540.2|572.75
99656,571.85|471.75
99657,371.85|209.6
99658,538.6|563.65
99659,361.5|524.55
99660,249.0|210.65
99661,504.35|229.2
99662,408.0|469.75
99663,425.3|579.7
99664,453.85|440.3
99665,336.15|244.8
99666,441.5|238.15
99667,405.55|218.65
99668,355.6|244.15
99669,228.15|515.15
99670,509.0|476.6
99671,238.8|250.35
99672,281.15|499.2
99673,475.5|293.4
99674,215.0|272.3
99675,229.25|415.45
99676,389.4|551.4
99677,580.2|214.05
99678,381.1|453.9
99679,383.4|595.6
99680,392.3|336.35
99681,416.05|340.7
99682,568.15|421.8
99683,355.9|330.5
99684,572.5|329.1
99685,275.65|441.65
99686,360.5|355.8
99687,337.65|318.75
99688,455.2|243.05
99689,435.85|373.5
99690,287.4|420.7
99691,463.05|476.55
99692,466.75|442.7
99693,586.7|594.35
99694,255.65|480.75
99695,355.95|215.9
99696,298.45|330.05
99697,280.95|552.1
99698,242.7|345.3
99699,524.9|530.95
99700,225.4|343.25
99701,329.8|321.8
99702,590.75|478.9
99703,532.65|519.35
99704,284.15|430.25
99705,492.45|529.35
99706,445.25|381.4
99707,382.6|497.7
99708,223.55|238.3
99709,532.6|287.5
99710,555.35|593.6
99711,558.65|429.05
99712,358.05|279.7
99713,347.6|327.75
99714,273.05|368.0
99715,465.1|326.6
99716,476.7|256.1
99717,472.7|309.65
99718,235.25|356.6
99719,214.65|590.8
99720,452.05|452.55
99721,445.05|348.5
99722,290.3|360.9
99723,594.5|479.0
99724,358.65|431.05
99725,394.4|259.55
99726,341.35|538.55
99727,584.75|296.1
99728,578.2|322.2
99729,482.45|215.4
99730,237.2|211.25
99731,285.5|335.6
99732,588.85|368.45
99733,590.75|240.55
99734,406.35|589.95
99735,405.5|314.2
99736,419.6|574.4
99737,277.5|332.25
99738,248.25|486.4
99739,236.95|318.8
99740,445.75|305.35
99741,589.05|361.9
99742,255.0|400.25
99743,256.25|458.0
99744,524.95|467.7
99745,449.15|450.15
99746,570.5|243.9
99747,543.15|341.4
99748,374.2|439.5
99749,379.3|266.1
99750,261.65|436.3
99751,461.4|583.8
99752,421.7|226.7
99753,341.0|330.4
99754,398.1|280.45
99755,412.4|294.4
99756,548.2|291.8
99757,388.9|588.6
99758,463.45|382.4
99759,553.3|560.35
99760,545.4|459.45
99761,535.1|301.4
99762,540.65|437.35
99763,586.8|564.35
99764,298.15|413.65
99765,453.95|574.3
99766,516.0|469.65
99767,585.4|215.9
99768,445.1|327.3
99769,588.95|307.65
99770,335.6|328.45
99771,583.95|538.35
99772,366.1|382.05
99773,570.55|502.95
99774,477.35|466.0
99775,409.8|291.55
99776,410.3|550.55
99777,330.4|417.0
99778,583.8|352.7
99779,422.55|417.5
99780,282.55|302.1
99781,269.85|370.3
99782,577.2|336.6
99783,541.85|306.1
99784,380.55|480.15
99785,248.55|263.95
99786,210.05|323.2
99787,362.3|512.5
99788,273.95|421.7
99789,417.75|472.3
99790,218.3|449.05
99791,571.75|443.6
99792,237.65|583.4
99793,528.95|507.6
99794,515.9|461.85
99795,460.6|261.45
99796,345.25|376.2
99797,584.35|325.05
99798,360.55|231.8
99799,572.1|538.5
99800,576.25|570.55
99801,586.4|589.1
99802,283.6|383.8
99803,288.3|361.3
99804,260.85|569.5
99805,294.4|442.35
99806,222.25|254.7
99807,548.95|318.35
99808,349.65|213.4
99809,502.55|518.55
99810,341.8|553.65
99811,439.8|218.55
99812,467.4|514.1
99813,444.2|526.8
99814,211.6|576.05
99815,346.8|549.45
99816,513.75|479.4
99817,418.25|219.85
99818,350.7|460.45
99819,321.7|560.0
99820,541.3|555.15
99821,472.2|317.85
99822,294.1|491.3
99823,278.35|325.4
99824,539.1|359.45
99825,253.1|228.2
99826,270.8|216.85
99827,390.7|544.6
99828,239.55|550.9
99829,591.2|211.05
99830,268.7|270.1
99831,352.7|479.4
99832,368.6|222.85
99833,410.35|228.8
99834,429.15|464.85
99835,437.0|427.05
99836,293.4|417.55
99837,458.6|232.35
99838,588.85|407.7
99839,436.55|312.05
99840,587.85|410.05
99841,454.7|557.65
99842,264.6|218.85
99843,424.55|578.85
99844,472.75|343.3
99845,545.3|532.05
99846,551.15|232.65
99847,272.8|371.5
99848,577.75|515.25
99849,265.2|311.3
99850,374.65|570.65
99851,572.7|334.85
99852,268.0|466.7
99853,587.25|485.95
99854,252.8|563.25
99855,409.5|419.95
99856,596.25|380.5
99857,473.7|304.9
99858,207.1|586.5
99859,397.45|230.95
99860,304.1|379.1
99861,365.55|229.75
99862,346.4|336.1
99863,578.2|515.65
99864,566.0|585.45
99865,279.4|581.5
99866,390.8|580.65
99867,343.3|321.2
99868,578.0|443.3
99869,397.8|525.7
99870,212.0|322.25
99871,245.85|503.35
99872,581.65|415.15
99873,236.7|272.25
99874,459.05|338.0
99875,265.0|366.45
99876,373.0|222.5
99877,342.2|342.15
99878,427.8|569.75
99879,246.8|396.15
99880,477.35|483.6
99881,481.55|365.7
99882,220.8|209.8
99883,417.7|575.65
99884,345.55|489.25
99885,476.7|383.6
99886,287.2|282.55
99887,327.65|414.2
99888,590.45|563.05
99889,399.6|578.25
99890,341.75|586.25
99891,524.5|422.5
99892,356.45|397.15
99893,272.55|571.85
99894,543.7|504.8
99895,546.0|360.4
99896,417.05|392.05
99897,591.35|409.95
99898,363.85|342.9
99899,368.8|400.15
99900,213.15|491.8
99901,260.3|420.25
99902,226.0|587.8
99903,582.75|505.1
99904,586.1|489.7
99905,554.3|344.65
99906,486.45|276.7
99907,267.05|276.7
99908,221.8|405.35
99909,353.2|455.35
99910,426.65|222.95
99911,215.6|224.5
99912,393.2|411.65
99913,271.25|445.55
99914,593.05|507.8
99915,213.95|246.6
99916,549.8|587.65
99917,323.45|539.75
99918,224.55|402.05
99919,472.55|268.75
99920,470.0|433.05
99921,354.6|531.85
99922,530.9|345.7
99923,238.8|282.1
99924,401.65|504.95
99925,448.45|250.4
99926,540.45|296.85
99927,433.15|460.25
99928,341.4|531.8
99929,230.05|478.0
99930,439.65|588.55
99931,496.45|481.35
99932,269.95|555.3
99933,378.1|390.75
99934,581.7|587.45
99935,591.85|279.5
99936,340.2|514.2
99937,348.75|561.9
99938,371.05|448.25
99939,259.8|402.7
99940,377.1|441.3
99941,352.5|259.45
99942,536.85|581.65
99943,385.75|344.75
99944,376.15|488.55
99945,351.7|218.3
99946,410.05|556.7
99947,437.25|497.1
99948,490.95|316.4
99949,580.75|383.2
99950,518.55|361.25
99951,559.95|573.7
99952,241.75|365.7
99953,523.6|439.0
99954,461.6|268.9
99955,298.25|348.55
99956,252.0|418.4
99957,453.45|243.45
99958,341.75|524.25
99959,412.4|493.6
99960,586.4|392.15
99961,370.6|256.95
99962,244.1|265.95
99963,368.95|294.2
99964,365.15|342.2
99965,582.4|574.95
99966,260.15|242.3
99967,530.5|417.7
99968,547.4|451.0
99969,468.7|263.3
99970,302.65|396.65
99971,278.7|536.4
99972,324.35|559.3
99973,293.4|544.15
99974,440.55|325.25
99975,303.65|311.05
99976,470.35|475.9
99977,208.65|583.25
99978,537.9|585.35
99979,305.1|341.25
99980,488.45|433.3
99981,384.05|357.8
99982,457.25|463.75
99983,389.9|585.45
99984,259.6|344.45
99985,528.7|463.05
99986,467.15|231.55
99987,424.35|248.65
99988,230.35|277.75
99989,556.1|229.2
99990,505.15|403.25
99991,274.45|214.75
99992,278.3|277.3
99993,584.3|436.6
99994,344.05|323.15
99995,494.55|493.75
99996,354.35|225.65
99997,451.1|323.6
99998,354.75|217.0
99999,250.8|329.95
100000,283.1|559.7
100001,514.6|514.05
100002,347.5|412.25
100003,223.95|269.4
100004,509.7|510.35
100005,528.75|289.85
100006,453.95|272.8
100007,373.05|521.45
100008,535.85|538.6
100009,424.1|349.25
100010,298.3|490.45
100011,462.15|244.85
100012,400.8|337.0
100013,220.15|420.95
100014,291.4|565.45
100015,580.4|478.6
100016,306.0|405.1
100017,417.05|256.45
100018,226.35|513.15
100019,454.05|241.9
100020,530.55|506.9
100021,277.7|332.35
100022,593.0|252.75
100023,469.45|531.7
100024,342.2|536.4
100025,409.45|546.45
100026,396.15|379.6
100027,576.95|408.2
100028,525.5|554.85
100029,465.65|462.05
100030,340.9|212.7
100031,297.7|455.1
100032,432.0|330.45
100033,405.65|205.55
100034,480.45|287.15
100035,298.5|392.3
100036,579.05|242.05
100037,534.85|501.5
100038,391.75|474.25
100039,565.9|443.15
100040,313.65|398.65
100041,265.55|409.25
100042,437.75|480.7
100043,512.3|326.05
100044,216.7|484.05
100045,265.85|383.0
100046,412.3|207.55
100047,479.85|524.65
100048,276.3|308.25
100049,374.6|341.55
100050,236.7|340.35
100051,402.9|587.35
100052,468.8|263.95
100053,543.95|239.15
100054,484.55|283.4
100055,518.1|542.55
100056,344.45|428.8
100057,422.7|372.5
100058,223.55|506.9
100059,229.6|413.4
100060,461.6|591.1
100061,332.85|313.8
100062,237.35|225.9
100063,211.35|505.8
100064,416.85|415.15
100065,507.6|340.4
100066,437.3|399.35
100067,355.55|492.3
100068,277.2|496.9
100069,458.0|453.5
100070,466.05|551.5
100071,569.1|543.15
100072,435.55|326.15
100073,554.2|482.1
100074,252.15|572.85
100075,386.15|278.8
100076,429.45|301.35
100077,225.15|333.15
100078,587.85|354.9
100079,228.75|266.5
100080,457.5|530.9
100081,363.75|447.6
100082,392.85|559.45
100083,310.05|528.65
100084,232.1|385.0
100085,419.25|313.6
100086,519.4|288.5
100087,293.25|448.65
100088,284.5|443.2
100089,281.9|374.35
100090,442.15|476.55
100091,388.45|506.7
100092,424.95|348.05
100093,473.3|332.35
100094,341.1|253.95
100095,326.3|464.2
100096,526.7|335.25
100097,257.55|256.9
100098,562.6|587.0
100099,324.95|350.3
100100,393.25|393.0
100101,273.85|587.25
100102,297.65|337.9
100103,478.05|473.9
100104,485.9|473.0
100105,297.05|499.45
100106,398.2|354.4
100107,376.7|469.35
100108,297.95|334.1
100109,535.5|446.5
100110,412.3|580.6
100111,305.55|324.95
100112,449.8|218.9
100113,463.15|518.75
100114,466.65|383.95
100115,508.3|458.95
100116,551.5|333.1
100117,584.95|246.45
100118,211.7|414.7
100119,444.65|340.05
100120,579.25|449.15
100121,387.25|287.75
100122,590.0|562.4
100123,222.2|214.3
100124,433.45|225.05
100125,217.15|214.05
100126,573.0|491.9
100127,265.95|352.5
100128,463.1|510.35
100129,389.65|323.15
100130,578.4|525.0
100131,592.1|480.5
100132,264.6|288.2
100133,237.35|579.25
100134,286.4|542.25
100135,572.45|323.0
100136,484.0|305.5
100137,501.45|279.05
100138,298.2|377.6
100139,240.25|539.1
100140,220.65|440.95
100141,493.9|505.7
100142,427.0|308.1
100143,486.15|499.9
100144,348.4|452.45
100145,575.85|418.9
100146,478.3|370.15
100147,561.9|580.5
100148,301.35|512.65
100149,411.8|389.2
100150,390.45|414.6
100151,388.8|278.85
100152,309.65|568.65
100153,371.65|226.2
100154,590.15|367.9
100155,408.6|260.25
100156,524.1|259.9
100157,560.0|578.6
100158,591.0|400.75
100159,365.65|539.95
100160,586.2|284.15
100161,471.2|279.8
100162,283.45|293.0
100163,381.7|503.55
100164,452.45|593.95
100165,548.65|479.35
100166,478.8|340.15
100167,370.85|388.45
100168,324.0|421.75
100169,271.5|406.8
100170,279.85|446.5
100171,413.75|266.75
100172,366.05|218.6
100173,218.85|302.6
100174,348.55|382.1
100175,478.1|344.4
100176,377.75|283.0
100177,504.85|333.3
100178,428.15|464.3
100179,494.0|221.25
100180,345.2|214.2
100181,419.8|469.7
100182,437.3|535.35
100183,421.55|344.6
100184,477.8|508.75
100185,468.0|457.25
100186,403.5|256.05
100187,486.7|286.45
100188,346.15|358.5
100189,547.6|290.3
100190,407.05|357.55
100191,563.95|403.4
100192,366.0|574.95
100193,217.05|306.35
100194,217.05|372.15
100195,276.1|282.05
100196,262.0|237.5
100197,415.65|345.0
100198,591.65|559.55
100199,301.25|561.75
100200,416.35|327.55
100201,531.9|433.75
100202,234.55|579.15
100203,506.95|460.45
100204,562.5|586.75
100205,533.35|572.45
100206,207.65|396.05
100207,406.5|453.7
100208,486.25|359.2
100209,593.75|261.45
100210,228.55|562.9
100211,207.55|533.05
100212,463.95|330.65
100213,399.55|309.5
100214,353.5|441.9
100215,447.45|242.4
100216,446.6|218.35
100217,500.85|259.45
100218,233.4|514.85
100219,385.15|259.15
100220,273.95|390.35
100221,372.8|511.15
100222,397.45|339.0
100223,467.0|222.35
100224,307.7|408.95
100225,334.1|405.25
100226,270.7|454.65
100227,238.6|571.25
100228,356.7|427.75
100229,359.75|522.05
100230,463.55|296.05
100231,287.5|292.9
100232,243.45|210.75
100233,585.85|501.2
100234,460.0|392.05
100235,262.5|565.3
100236,551.6|534.6
100237,438.6|588.5
100238,557.95|383.6
100239,426.95|567.2
100240,411.85|487.15
100241,400.45|567.85
100242,377.2|391.55
100243,436.9|396.75
100244,479.2|464.65
100245,452.25|584.95
100246,577.25|502.4
100247,414.85|231.7
100248,438.7|559.65
100249,441.45|310.8
100250,371.35|400.8
100251,578.5|586.15
100252,283.95|511.75
100253,585.6|570.6
100254,413.6|586.05
100255,220.25|581.95
100256,360.15|461.8
100257,297.65|559.4
100258,343.05|287.2
100259,553.5|548.5
100260,214.45|375.35
100261,263.95|269.05
100262,267.85|299.8
100263,529.5|561.85
100264,285.6|440.75
100265,339.75|420.25
100266,470.4|220.1
100267,273.1|343.75
100268,481.15|487.7
100269,300.1|437.85
100270,344.3|397.05
100271,455.15|589.65
100272,366.65|358.55
100273,485.0|551.7
100274,347.65|536.05
100275,354.95|451.95
100276,470.85|290.05
100277,375.15|399.05
100278,215.85|577.65
100279,379.0|251.55
100280,219.45|536.8
100281,271.75|314.55
100282,214.45|487.3
100283,277.1|536.15
100284,250.75|353.5
100285,323.9|409.05
100286,350.2|230.75
100287,253.85|280.1
100288,228.2|555.65
100289,262.55|296.4
100290,285.5|358.15
100291,218.4|259.7
100292,386.6|561.9
100293,512.95|525.75
100294,581.35|212.8
100295,287.2|357.5
100296,308.15|521.9
100297,371.15|533.6
100298,327.55|556.2
100299,365.2|426.9
100300,297.9|321.2
100301,363.35|448.55
100302,567.65|585.4
100303,469.0|525.25
100304,549.8|255.55
100305,528.1|559.0
100306,417.8|344.6
100307,566.25|474.95
100308,390.8|401.15
100309,255.0|294.65
100310,549.2|451.2
100311,358.35|252.55
100312,588.45|209.35
100313,499.4|491.45
100314,261.5|252.25
100315,206.55|511.3
100316,461.25|546.85
100317,587.2|486.25
100318,559.0|339.7
100319,331.25|433.7
100320,567.35|288.75
100321,558.45|405.85
100322,426.8|590.45
100323,213.45|590.3
100324,493.1|339.5
100325,409.1|521.2
100326,474.3|295.6
100327,245.85|414.7
100328,552.4|381.0
100329,419.5|523.8
100330,414.25|483.65
100331,388.75|590.05
100332,440.1|566.65
100333,228.55|489.8
100334,498.3|455.65
100335,218.55|293.6
100336,467.15|396.7
100337,567.4|319.45
100338,219.8|524.5
100339,564.45|290.5
100340,280.5|370.9
100341,395.7|234.45
100342,471.95|317.35
100343,278.2|431.4
100344,537.25|454.25
100345,245.0|508.4
100346,339.9|365.05
100347,585.35|354.35
100348,327.9|422.5
100349,510.65|353.15
100350,226.25|293.85
100351,261.2|222.4
100352,467.95|425.6
100353,320.55|243.25
100354,552.3|548.3
100355,231.65|557.85
100356,459.8|282.65
100357,521.5|528.25
100358,345.6|350.7
100359,519.65|388.05
100360,269.8|402.7
100361,226.95|376.15
100362,541.8|295.4
100363,302.1|474.5
100364,384.8|511.25
100365,243.45|513.3
100366,395.85|330.3
100367,529.05|518.8
100368,413.2|396.85
100369,209.2|584.35
100370,496.55|362.65
100371,301.5|540.4
100372,245.6|292.25
100373,299.95|385.55
100374,440.85|557.85
100375,371.55|568.35
100376,259.75|418.55
100377,397.15|393.9
100378,366.4|500.4
100379,340.6|376.95
100380,369.7|260.55
100381,256.05|556.75
100382,471.55|455.9
100383,412.35|302.1
100384,567.55|271.3
100385,289.5|454.35
100386,478.9|371.75
100387,552.3|583.65
100388,440.5|436.65
100389,298.55|363.7
100390,255.7|384.25
100391,343.85|295.15
100392,579.4|306.0
100393,286.45|396.0
100394,231.6|430.2
100395,220.65|412.95
100396,584.3|318.05
100397,252.75|420.25
100398,256.0|401.3
100399,507.65|334.2
100400,566.15|379.45
100401,330.05|402.75
100402,278.15|587.2
100403,564.8|366.55
100404,404.35|258.2
100405,481.8|498.4
100406,557.25|517.6
100407,221.6|220.9
100408,527.45|278.65
100409,306.1|454.2
100410,476.8|346.85
100411,581.0|369.75
100412,426.7|469.55
100413,566.0|310.6
100414,338.65|254.85
100415,536.7|511.65
100416,381.65|546.85
100417,538.4|552.25
100418,529.6|569.05
100419,512.6|457.15
100420,361.7|374.25
100421,259.7|410.7
100422,228.2|329.4
100423,400.25|340.8
100424,261.35|570.9
100425,517.45|484.55
100426,533.65|263.15
100427,455.9|450.95
100428,444.6|307.95
100429,231.8|483.45
100430,241.1|408.1
100431,261.25|564.8
100432,260.15|411.2
100433,552.3|271.35
100434,543.7|302.5
100435,559.85|519.2
100436,464.75|241.6
100437,350.2|491.45
100438,219.3|308.5
100439,405.15|381.45
100440,378.95|470.9
100441,556.75|295.0
100442,373.4|280.05
100443,466.9|219.15
100444,246.75|485.4
100445,588.15|221.35
100446,388.4|547.05
100447,267.75|565.4
100448,214.95|269.35
100449,461.05|273.55
100450,592.25|415.05
100451,252.05|556.7
100452,417.85|236.55
100453,377.2|499.7
100454,325.95|369.6
100455,590.55|215.15
100456,496.6|250.2
100457,475.1|530.5
100458,265.05|284.8
100459,432.65|476.9
100460,242.5|368.9
100461,313.6|592.55
100462,251.2|417.95
100463,456.0|222.75
100464,503.3|457.2
100465,439.1|557.75
100466,412.6|433.35
100467,590.95|578.0
100468,313.5|450.0
100469,412.1|209.65
100470,562.7|504.15
100471,413.75|392.05
100472,480.45|431.5
100473,412.25|491.3
100474,297.85|552.1
100475,479.5|492.75
100476,224.55|408.8
100477,232.75|424.85
100478,538.8|430.9
100479,546.95|522.45
100480,552.1|518.55
100481,414.4|292.9
100482,380.85|277.2
100483,461.75|236.3
100484,458.25|530.75
100485,221.9|359.95
100486,353.4|236.05
100487,581.55|368.6
100488,379.45|220.05
100489,354.5|452.05
100490,432.75|497.55
100491,469.1|250.8
100492,515.7|489.15
100493,563.3|578.75
100494,366.8|278.6
100495,418.65|415.1
100496,586.65|590.25
100497,546.0|239.4
100498,419.85|315.35
100499,574.9|298.1
100500,591.85|373.6
100501,281.4|261.7
100502,415.5|441.55
100503,571.8|564.9
100504,310.35|314.5
100505,464.05|283.7
100506,364.35|581.75
100507,459.45|328.8
100508,388.85|496.3
100509,243.05|496.6
100510,223.65|590.65
100511,271.8|397.75
100512,469.05|262.2
100513,372.0|591.6
100514,377.9|204.25
100515,227.7|224.25
100516,286.5|425.35
100517,474.2|334.45
100518,558.4|229.3
100519,514.95|416.2
100520,210.9|240.8
100521,208.7|238.05
100522,206.05|335.65
100523,249.25|337.2
100524,451.0|353.6
100525,343.75|215.7
100526,467.5|459.4
100527,586.9|527.8
100528,414.15|541.3
100529,249.9|367.6
100530,215.95|382.05
100531,235.55|421.3
100532,243.9|214.45
100533,393.7|476.2
100534,447.85|592.45
100535,496.55|294.85
100536,584.55|363.7
100537,507.35|489.15
100538,448.4|545.75
100539,458.3|503.85
100540,337.45|247.05
100541,456.1|240.9
100542,590.25|463.9
100543,567.95|554.9
100544,223.25|414.25
100545,283.85|428.15
100546,521.25|534.65
100547,239.45|564.55
100548,337.8|329.0
100549,573.1|281.15
100550,478.95|332.25
100551,508.75|283.4
100552,436.4|389.35
100553,339.9|503.2
100554,378.1|494.45
100555,362.1|593.6
100556,580.0|516.3
100557,305.25|549.9
100558,585.8|237.0
100559,273.15|355.35
100560,296.05|419.85
100561,549.4|338.1
100562,397.6|354.6
100563,409.05|321.0
100564,352.25|588.1
100565,432.45|242.8
100566,517.0|441.65
100567,399.15|335.85
100568,375.15|592.0
100569,215.95|358.6
100570,361.2|209.7
100571,266.7|376.65
100572,551.15|290.2
100573,562.5|534.4
100574,271.3|388.15
100575,375.9|250.75
100576,321.3|504.85
100577,502.0|465.3
100578,440.95|439.15
100579,281.2|279.45
100580,567.55|248.7
100581,446.15|234.7
100582,343.3|346.35
100583,299.5|423.65
100584,585.35|218.75
100585,421.2|565.05
100586,400.2|230.65
100587,398.45|226.9
100588,589.3|313.7
100589,359.45|348.5
100590,237.05|299.2
100591,453.25|589.4
100592,259.9|250.0
100593,569.2|464.8
100594,452.0|490.65
100595,393.55|589.65
100596,386.1|553.25
100597,547.6|260.1
100598,270.75|441.45
100599,464.3|378.05
100600,474.85|476.55
100601,282.5|584.9
100602,341.75|564.6
100603,556.75|504.85
100604,342.9|331.55
100605,346.95|246.95
100606,568.1|489.65
100607,450.6|439.0
100608,438.1|592.7
100609,366.55|260.3
100610,558.05|270.25
100611,261.1|522.0
100612,352.3|219.6
100613,412.1|454.9
100614,381.85|441.4
100615,283.3|519.8
100616,362.7|342.35
100617,490.25|491.7
100618,581.7|498.35
100619,550.6|329.05
100620,437.4|334.45
100621,561.35|574.2
100622,563.75|240.65
100623,251.3|430.45
100624,228.65|319.6
100625,582.7|350.9
100626,217.6|503.35
100627,448.6|463.05
100628,496.7|222.55
100629,416.8|300.85
100630,243.55|298.6
100631,288.9|378.95
100632,244.0|345.4
100633,522.8|369.65
100634,492.8|212.3
100635,479.4|462.9
100636,344.45|400.6
100637,411.95|371.0
100638,573.2|454.05
100639,590.4|297.5
100640,460.35|527.45
100641,430.8|358.55
100642,227.35|408.1
100643,277.8|407.25
100644,445.45|390.4
100645,443.6|408.4
100646,575.15|210.8
100647,265.7|225.1
100648,284.3|505.5
100649,413.15|299.3
100650,465.15|231.35
100651,263.35|273.0
100652,587.9|293.0
100653,404.2|247.15
100654,571.7|411.45
100655,567.45|320.8
100656,275.55|418.3
100657,330.4|389.15
100658,290.6|338.1
100659,290.35|465.6
100660,360.35|561.15
100661,497.6|493.4
100662,460.25|216.65
100663,510.75|463.1
100664,249.55|230.45
100665,416.95|583.65
100666,274.1|362.95
100667,383.6|216.6
100668,432.2|478.7
100669,251.2|315.6
100670,483.4|455.15
100671,259.3|405.5
100672,518.5|339.8
100673,445.75|229.8
100674,589.55|420.55
100675,404.6|583.65
100676,460.05|446.9
100677,410.0|407.55
100678,582.1|322.9
100679,279.15|537.7
100680,424.9|586.9
100681,360.85|368.7
100682,238.4|223.95
100683,416.6|578.1
100684,537.2|297.75
100685,445.6|353.2
100686,397.75|222.3
100687,392.1|233.5
100688,470.25|517.55
100689,593.15|485.75
100690,515.75|276.75
100691,289.65|508.7
100692,561.15|591.95
100693,271.55|210.15
100694,271.4|258.0
100695,273.2|327.8
100696,336.9|262.9
100697,495.35|283.35
100698,342.5|425.05
100699,554.0|224.8
100700,318.9|399.15
100701,569.55|338.3
100702,346.8|217.1
100703,386.3|501.5
100704,571.1|490.2
100705,281.05|405.45
100706,286.05|374.2
100707,351.55|265.7
100708,373.8|241.25
100709,437.4|255.1
100710,487.95|351.85
100711,383.65|479.15
100712,436.3|587.2
100713,425.35|502.95
100714,439.6|322.55
100715,575.05|539.0
100716,366.7|585.25
100717,440.1|443.75
100718,365.65|216.45
100719,551.3|521.7
100720,259.2|407.45
100721,287.6|441.35
100722,508.35|282.9
100723,435.8|458.25
100724,530.45|531.05
100725,301.65|546.95
100726,407.25|549.9
100727,256.15|581.8
100728,408.35|465.65
100729,361.8|435.2
100730,576.85|325.85
100731,235.1|519.6
100732,348.35|473.1
100733,249.65|206.05
100734,456.4|527.85
100735,480.2|236.45
100736,215.15|477.15
100737,366.2|352.6
100738,446.25|474.7
100739,397.35|333.7
100740,463.1|448.0
100741,289.9|312.35
100742,366.05|594.9
100743,450.4|411.1
100744,449.25|428.05
100745,387.95|452.0
100746,572.0|213.0
100747,275.55|302.5
100748,578.3|242.45
100749,392.6|583.35
100750,219.65|464.55
100751,457.1|483.3
100752,557.35|487.35
100753,282.5|591.75
100754,213.15|461.2
100755,273.2|433.85
100756,366.0|216.95
100757,375.85|454.5
100758,541.75|335.9
100759,310.15|477.2
100760,490.6|444.55
100761,591.85|421.75
100762,328.3|353.4
100763,246.2|438.9
100764,323.75|412.55
100765,482.65|334.05
100766,425.6|325.0
100767,261.2|283.0
100768,401.85|221.75
100769,307.55|495.75
100770,526.15|512.0
100771,290.95|376.6
100772,292.1|508.75
100773,361.15|566.75
100774,476.3|308.1
100775,346.0|397.35
100776,467.95|404.15
100777,219.85|501.65
100778,208.2|496.9
100779,257.45|414.0
100780,476.05|275.8
100781,485.55|342.9
100782,458.05|318.8
100783,268.3|407.0
100784,207.9|559.65
100785,370.2|396.4
100786,541.7|327.3
100787,303.0|398.4
100788,509.85|467.75
100789,407.05|216.4
100790,306.75|389.7
100791,583.65|205.4
100792,234.95|550.05
100793,353.9|443.7
100794,430.5|528.3
100795,435.55|590.85
100796,480.55|278.75
100797,393.8|485.1
100798,429.9|343.35
100799,509.05|462.65
100800,557.9|525.9
100801,245.4|211.45
100802,344.6|268.6
100803,437.45|387.45
100804,435.1|545.35
100805,438.8|389.9
100806,251.85|406.0
100807,341.7|378.0
100808,215.35|317.5
100809,447.55|478.65
100810,468.65|289.8
100811,332.85|338.0
100812,235.35|587.25
100813,472.5|453.9
100814,451.8|248.65
100815,222.25|410.9
100816,252.25|415.6
100817,347.95|233.5
100818,358.3|269.5
100819,590.7|397.0
100820,302.6|447.6
100821,574.35|541.3
100822,270.1|546.65
100823,343.4|236.05
100824,472.25|284.25
100825,516.3|457.2
100826,209.4|317.9
100827,574.85|557.35
100828,472.65|354.85
100829,329.45|415.95
100830,343.75|405.4
100831,399.0|227.1
100832,410.05|218.1
100833,303.05|327.4
100834,226.8|281.5
100835,291.7|569.5
100836,289.7|442.95
100837,242.6|499.6
100838,528.7|362.5
100839,594.55|404.0
100840,353.2|438.25
100841,567.0|454.95
100842,520.85|455.35
100843,277.45|373.25
100844,414.25|375.15
100845,274.0|401.65
100846,234.9|469.35
100847,581.85|468.35
100848,228.4|562.6
100849,265.4|417.9
100850,443.4|424.75
100851,392.55|454.4
100852,577.75|498.9
100853,531.85|331.2
100854,299.5|399.25
100855,392.1|543.05
100856,429.15|316.3
100857,424.75|318.3
100858,445.25|305.85
100859,253.35|436.85
100860,523.1|280.7
100861,362.15|576.4
100862,541.65|425.3
100863,313.25|395.25
100864,576.75|460.75
100865,593.85|407.55
100866,252.2|246.95
100867,316.95|549.55
100868,497.3|442.5
100869,349.65|215.3
100870,223.5|516.35
100871,465.45|440.05
100872,506.15|218.55
100873,410.4|281.7
100874,295.3|347.35
100875,470.45|293.75
100876,567.05|591.25
100877,431.15|589.7
100878,443.15|486.9
100879,451.75|247.75
100880,418.95|215.5
100881,425.9|516.9
100882,559.75|440.7
100883,576.35|221.4
100884,212.85|275.15
100885,351.8|449.5
100886,574.45|452.15
100887,209.15|561.0
100888,546.65|574.2
100889,456.75|324.0
100890,551.35|263.05
100891,228.9|266.1
100892,268.15|260.15
100893,396.65|220.5
100894,522.7|424.4
100895,439.85|542.25
100896,590.85|485.7
100897,528.85|552.35
100898,358.95|296.45
100899,271.6|591.3
100900,396.1|469.95
100901,565.1|411.5
100902,467.15|561.65
100903,286.5|443.4
100904,518.2|467.3
100905,225.0|270.85
100906,336.55|221.9
100907,413.6|276.65
100908,390.15|410.5
100909,534.15|582.85
100910,274.85|528.2
100911,275.25|530.65
100912,378.45|588.5
100913,387.75|274.35
100914,410.95|234.85
100915,590.75|568.45
100916,471.4|354.85
100917,400.15|494.85
100918,384.55|293.4
100919,347.95|258.35
100920,410.9|462.5
100921,279.8|487.3
100922,360.2|288.8
100923,545.15|534.2
100924,223.25|408.55
100925,295.65|369.8
100926,431.75|336.6
100927,575.4|442.15
100928,417.8|567.05
100929,257.6|263.65
100930,427.0|483.75
100931,400.25|492.35
100932,324.8|512.8
100933,394.25|251.0
100934,268.75|501.6
100935,591.55|528.2
100936,449.0|479.2
100937,252.5|402.1
100938,376.15|338.15
100939,349.0|255.9
100940,357.7|272.6
100941,376.7|215.2
100942,267.5|365.65
100943,211.2|549.25
100944,210.95|584.2
100945,232.0|228.2
100946,535.15|336.8
100947,209.75|584.8
100948,432.05|589.4
100949,479.95|217.65
100950,431.85|376.45
100951,585.7|411.35
100952,446.85|482.9
100953,461.8|347.1
100954,237.25|347.8
100955,340.7|374.6
100956,432.2|302.35
100957,525.0|527.0
100958,487.1|457.75
100959,524.2|450.1
100960,585.55|579.85
100961,454.6|473.55
100962,365.8|293.9
100963,472.15|478.25
100964,242.6|362.7
100965,263.8|288.7
100966,338.05|356.1
100967,207.0|580.8
100968,402.05|392.25
100969,568.25|441.15
100970,591.15|263.05
100971,281.0|582.2
100972,345.2|328.45
100973,491.15|515.8
100974,379.1|219.8
100975,214.5|246.5
100976,228.6|293.05
100977,425.95|259.45
100978,241.7|358.65
100979,367.2|263.45
100980,242.8|491.85
100981,433.2|298.65
100982,375.7|561.4
100983,474.85|563.25
100984,263.1|227.95
100985,404.95|423.6
100986,435.0|450.45
100987,214.15|466.05
100988,289.95|262.55
100989,568.55|436.85
100990,463.65|242.05
100991,352.0|278.4
100992,259.15|278.1
100993,471.9|507.2
100994,231.4|394.25
100995,286.5|334.8
100996,211.05|512.15
100997,426.15|373.2
100998,279.65|271.25
100999,428.95|311.1
101000,472.0|381.95
101001,512.0|523.3
101002,447.6|462.8
101003,398.3|568.7
101004,587.1|465.1
101005,378.35|206.5
101006,595.0|491.8
101007,524.7|441.35
101008,209.75|462.7
101009,298.85|263.75
101010,583.15|458.25
101011,366.3|454.95
101012,240.8|585.7
101013,398.25|450.9
101014,539.85|448.65
101015,218.6|390.45
101016,564.4|293.0
101017,348.8|310.75
101018,483.65|333.4
101019,360.9|592.85
101020,443.7|485.85
101021,564.75|246.6
101022,357.4|405.15
101023,349.75|570.1
101024,292.45|291.0
101025,366.3|260.25
101026,246.5|224.05
101027,214.2|298.0
101028,382.45|341.4
101029,388.55|446.8
101030,374.6|229.05
101031,400.6|415.65
101032,510.75|526.8
101033,250.1|565.55
101034,334.8|501.2
101035,539.9|293.05
101036,239.3|499.95
101037,522.7|303.35
101038,592.05|208.55
101039,276.5|281.15
101040,360.4|221.65
101041,445.75|588.95
101042,545.3|233.1
101043,376.05|422.5
101044,363.6|279.8
101045,257.85|573.25
101046,301.15|417.8
101047,277.75|329.25
101048,547.9|350.0
101049,543.85|321.85
101050,364.4|594.9
101051,235.3|560.75
101052,268.4|406.5
101053,278.4|540.3
101054,535.2|402.15
101055,564.55|225.95
101056,346.9|550.8
101057,272.15|290.65
101058,462.9|340.85
101059,534.9|304.0
101060,474.9|374.55
101061,490.95|316.2
101062,338.55|415.25
101063,219.95|402.15
101064,406.3|392.15
101065,287.75|392.95
101066,444.25|343.95
101067,251.25|383.0
101068,414.2|574.55
101069,565.3|470.95
101070,274.6|317.95
101071,433.75|580.8
101072,435.85|391.25
101073,319.0|431.75
101074,270.15|311.2
101075,399.35|560.15
101076,381.25|573.0
101077,239.8|516.75
101078,529.75|294.35
101079,545.7|279.95
101080,378.05|468.3
101081,252.5|570.05
101082,376.75|366.15
101083,220.2|215.6
101084,241.8|225.45
101085,476.3|279.8
101086,284.65|539.65
101087,344.7|315.05
101088,295.9|330.95
101089,409.75|585.95
101090,269.0|307.8
101091,403.6|493.15
101092,258.35|355.8
101093,451.3|316.45
101094,412.35|493.7
101095,470.95|270.95
101096,224.35|220.6
101097,465.3|271.05
101098,237.6|491.95
101099,340.55|501.4
101100,214.45|582.45
101101,350.0|427.55
101102,542.55|294.05
101103,524.75|239.95
101104,464.45|517.85
101105,258.95|336.9
101106,584.4|450.6
101107,351.0|594.85
101108,368.8|287.9
101109,466.7|374.7
101110,351.85|544.55
101111,292.55|342.9
101112,368.25|435.5
101113,374.65|221.5
101114,371.35|495.75
101115,563.85|246.6
101116,428.15|520.9
101117,364.95|556.2
101118,445.95|438.25
101119,458.7|424.25
101120,235.25|577.35
101121,542.1|366.0
101122,220.7|584.45
101123,530.6|429.9
101124,436.1|478.2
101125,419.45|468.7
101126,354.0|282.95
101127,267.45|508.25
101128,399.75|259.8
101129,590.7|219.95
101130,217.5|284.1
101131,331.45|401.65
101132,348.4|541.05
101133,350.0|211.7
101134,566.4|552.75
101135,272.2|564.45
101136,357.9|391.4
101137,354.8|449.85
101138,407.2|397.25
101139,371.5|271.4
101140,582.5|558.35
101141,556.95|429.9
101142,545.25|513.5
101143,370.7|393.85
101144,580.25|303.25
101145,326.1|322.7
101146,279.95|499.8
101147,243.65|354.7
101148,414.7|484.65
101149,534.0|387.65
101150,410.7|262.25
101151,481.75|235.95
101152,403.0|525.7
101153,549.4|531.3
101154,302.65|365.3
101155,439.65|341.45
101156,395.45|503.2
101157,369.45|590.45
101158,582.25|305.0
101159,339.75|562.75
101160,264.45|388.9
101161,379.05|567.0
101162,473.0|323.65
101163,591.05|567.4
101164,269.55|456.55
101165,346.65|425.85
101166,279.7|450.25
101167,392.35|313.35
101168,589.95|395.0
101169,374.7|407.5
101170,557.15|423.2
101171,568.6|279.5
101172,339.3|565.1
101173,583.5|274.75
101174,566.85|442.35
101175,476.65|506.9
101176,554.45|224.95
101177,320.85|368.15
101178,216.2|461.7
101179,352.3|246.4
101180,469.55|543.5
101181,327.8|342.25
101182,383.7|287.65
101183,560.6|233.55
101184,587.0|310.2
101185,456.75|470.25
101186,579.7|461.75
101187,521.7|484.4
101188,413.65|571.55
101189,223.05|499.3
101190,528.35|430.45
101191,544.85|361.45
101192,461.3|316.25
101193,458.35|382.7
101194,389.7|428.2
101195,342.5|557.6
101196,574.3|472.0
101197,575.15|449.95
101198,261.6|426.5
101199,427.1|333.25
101200,224.2|307.75
101201,548.3|254.15
101202,475.55|208.2
101203,344.15|269.15
101204,310.4|398.15
101205,504.55|490.9
101206,406.15|585.85
101207,275.15|448.5
101208,433.8|497.0
101209,450.85|220.1
101210,480.25|517.7
101211,493.05|493.55
101212,389.95|575.6
101213,415.35|488.85
101214,570.45|327.05
101215,570.25|443.4
101216,345.8|338.05
101217,375.65|279.0
101218,504.15|376.75
101219,487.1|479.05
101220,416.9|217.05
101221,421.05|237.95
101222,441.1|482.85
101223,280.25|570.35
101224,567.5|218.3
101225,537.6|589.05
101226,583.8|359.95
101227,384.95|352.4
101228,269.9|365.4
101229,280.35|533.55
101230,228.8|407.65
101231,415.9|520.85
101232,389.1|513.6
101233,367.95|516.2
101234,478.65|433.6
101235,340.75|329.8
101236,565.5|277.45
101237,212.2|428.6
101238,591.75|384.0
101239,234.15|230.2
101240,438.75|395.05
101241,319.35|351.55
101242,273.3|456.0
101243,544.95|269.15
101244,216.25|492.3
101245,537.75|357.35
101246,552.95|236.5
101247,269.7|366.45
101248,497.0|298.0
101249,468.95|280.45
101250,275.3|521.05
101251,401.85|584.85
101252,396.6|225.0
101253,207.05|508.2
101254,558.3|530.7
101255,532.15|555.4
101256,278.05|354.7
101257,469.95|311.75
101258,547.85|278.4
101259,207.9|589.9
101260,339.35|319.1
101261,213.85|217.7
101262,467.0|242.25
101263,399.05|497.15
101264,309.55|391.1
101265,385.8|308.2
101266,246.15|367.85
101267,509.05|344.3
101268,399.45|238.6
101269,466.55|329.25
101270,255.55|368.0
101271,223.3|267.35
101272,255.25|437.5
101273,354.9|246.1
101274,210.7|526.0
101275,374.45|447.35
101276,564.9|220.95
101277,243.05|502.15
101278,527.2|538.25
101279,373.4|486.7
101280,561.85|447.8
101281,213.55|589.5
101282,355.85|381.7
101283,442.6|583.6
101284,466.0|210.35
101285,399.3|402.8
101286,546.35|589.7
101287,367.7|482.55
101288,350.95|558.0
101289,541.2|358.2
101290,257.8|422.95
101291,584.95|265.7
101292,547.9|239.05
101293,356.3|307.25
101294,362.45|339.95
101295,446.0|546.45
101296,223.2|360.35
101297,386.45|518.4
101298,449.0|522.65
101299,377.85|362.9
101300,407.7|576.65
101301,280.45|536.0
101302,415.0|414.95
101303,537.4|286.25
101304,289.4|524.45
101305,577.2|443.15
101306,466.3|367.1
101307,587.2|323.35
101308,448.5|581.6
101309,255.05|503.0
101310,413.25|490.2
101311,268.25|289.55
101312,207.4|333.45
101313,448.45|524.15
101314,247.3|265.9
101315,345.6|512.45
101316,321.4|401.6
101317,565.7|297.2
101318,257.75|377.1
101319,292.2|532.5
101320,243.5|304.95
101321,454.25|285.3
101322,378.55|574.7
101323,341.5|224.7
101324,467.85|349.95
101325,413.65|438.25
101326,289.2|390.15
101327,366.3|212.1
101328,585.4|368.85
101329,559.95|342.8
101330,268.8|295.15
101331,405.2|468.45
101332,541.4|383.65
101333,577.05|262.75
101334,586.9|585.35
101335,411.4|247.45
101336,373.1|594.9
101337,207.1|456.55
101338,487.35|361.75
101339,554.5|315.85
101340,345.0|390.4
101341,335.4|501.1
101342,333.15|292.4
101343,285.0|338.7
101344,407.8|594.15
101345,394.5|589.85
101346,547.8|279.2
101347,265.85|276.1
101348,517.65|499.2
101349,390.8|401.9
101350,275.0|549.7
101351,223.45|267.95
101352,534.35|434.35
101353,590.4|517.3
101354,364.15|444.8
101355,534.2|319.05
101356,286.85|288.0
101357,417.2|434.8
101358,570.95|521.2
101359,455.8|550.75
101360,233.75|543.9
101361,551.15|279.65
101362,426.05|400.8
101363,457.0|376.1
101364,398.65|547.55
101365,263.7|371.65
101366,575.2|471.2
101367,493.3|483.55
101368,537.05|561.1
101369,266.45|284.2
101370,592.05|261.45
101371,327.4|525.35
101372,404.6|506.05
101373,377.0|278.1
101374,458.95|452.05
101375,459.3|229.7
101376,228.6|412.6
101377,384.95|556.75
101378,543.0|226.8
101379,490.55|235.4
101380,571.7|595.15
101381,244.9|508.65
101382,532.9|524.35
101383,280.3|573.4
101384,415.95|312.85
101385,396.15|297.95
101386,439.5|257.95
101387,406.7|471.05
101388,261.35|316.15
101389,476.9|340.05
101390,384.85|320.05
101391,238.4|433.5
101392,354.95|552.85
101393,531.45|422.0
101394,380.05|234.85
101395,557.25|540.7
101396,584.35|404.8
101397,415.4|429.2
101398,357.85|367.4
101399,552.1|378.2
101400,348.4|509.85
101401,237.2|328.05
101402,591.9|552.4
101403,440.85|539.35
101404,271.4|463.3
101405,391.7|315.7
101406,274.85|373.25
101407,385.3|517.2
101408,402.5|478.3
101409,458.9|527.05
101410,588.05|511.85
101411,229.9|259.15
101412,473.8|519.6
101413,385.8|450.45
101414,560.15|594.9
101415,566.5|538.2
101416,585.75|292.75
101417,507.55|483.5
101418,268.55|300.65
101419,571.25|280.95
101420,399.85|594.5
101421,228.2|282.45
101422,382.5|583.45
101423,267.3|273.0
101424,351.35|253.0
101425,473.6|287.35
101426,402.55|538.45
101427,555.4|576.25
101428,461.85|220.35
101429,236.65|421.1
101430,403.7|527.7
101431,285.3|356.15
101432,459.15|394.95
101433,356.2|224.4
101434,374.75|443.35
101435,337.85|249.15
101436,295.1|440.65
101437,398.65|314.35
101438,270.1|275.15
101439,228.35|474.45
101440,406.75|496.55
101441,440.55|540.2
101442,373.8|277.85
101443,429.45|431.7
101444,380.15|327.3
101445,426.5|337.9
101446,211.8|296.8
101447,338.15|343.65
101448,463.1|232.35
101449,212.5|491.9
101450,218.3|290.5
101451,343.45|410.35
101452,585.95|384.75
101453,226.7|376.2
101454,250.7|286.2
101455,214.85|496.05
101456,562.1|352.05
101457,265.25|432.05
101458,367.25|284.65
101459,366.5|521.55
101460,451.55|415.15
101461,252.5|292.7
101462,222.6|404.9
101463,434.55|445.4
101464,432.65|586.7
101465,410.0|238.85
101466,536.1|338.2
101467,595.25|475.8
101468,277.45|533.7
101469,579.05|399.25
101470,581.35|542.4
101471,535.3|314.1
101472,589.85|254.6
101473,243.25|236.4
101474,285.25|587.3
101475,352.2|392.55
101476,427.0|330.55
101477,459.2|407.5
101478,270.5|309.4
101479,256.65|303.2
101480,253.0|410.85
101481,481.35|500.7
101482,380.15|246.2
101483,347.75|260.05
101484,382.6|326.55
101485,408.85|547.15
101486,249.65|394.7
101487,398.4|247.75
101488,377.95|457.8
101489,286.2|430.75
101490,538.65|448.0
101491,378.8|212.95
101492,474.8|344.95
101493,438.85|492.1
101494,478.55|337.05
101495,567.25|277.6
101496,564.55|593.55
101497,386.05|322.4
101498,481.55|297.45
101499,347.55|526.35
101500,341.65|525.6
101501,574.55|222.9
101502,556.35|268.2
101503,578.15|388.0
101504,572.75|575.1
101505,462.7|268.7
101506,544.9|530.05
101507,369.95|490.7
101508,467.05|272.1
101509,537.75|416.3
101510,466.65|210.8
101511,263.6|525.65
101512,208.35|450.15
101513,271.15|471.75
101514,205.95|477.8
101515,470.5|573.8
101516,445.4|344.6
101517,548.6|594.9
101518,453.05|589.85
101519,593.55|400.5
101520,270.85|535.5
101521,372.35|237.3
101522,267.8|380.15
101523,425.75|393.95
101524,317.65|530.7
101525,213.2|468.5
101526,284.05|314.05
101527,455.1|588.45
101528,366.45|264.25
101529,534.85|236.4
101530,339.25|323.05
101531,457.1|508.5
101532,429.7|373.45
101533,407.85|378.4
101534,267.6|235.9
101535,570.4|214.15
101536,474.2|293.45
101537,480.5|382.75
101538,229.1|580.35
101539,277.15|594.1
101540,429.0|393.8
101541,593.45|208.45
101542,287.6|450.1
101543,465.6|430.0
101544,225.95|442.2
101545,576.6|211.9
101546,324.1|493.7
101547,243.3|316.1
101548,400.1|369.95
101549,592.6|369.55
101550,402.4|497.55
101551,206.75|457.85
101552,582.5|211.85
101553,268.45|238.9
101554,458.55|579.25
101555,390.8|341.45
101556,589.75|504.1
101557,228.65|296.15
101558,559.05|589.45
101559,209.7|574.7
101560,289.25|320.3
101561,479.85|495.3
101562,227.0|474.55
101563,543.95|504.7
101564,333.4|367.45
101565,214.3|312.3
101566,297.5|433.8
101567,393.1|293.85
101568,434.8|500.8
101569,248.7|372.25
101570,227.7|433.95
101571,588.75|226.4
101572,320.1|326.0
101573,589.55|212.4
101574,317.1|240.95
101575,444.95|441.1
101576,223.0|554.2
101577,240.25|391.15
101578,368.55|345.15
101579,464.95|559.1
101580,379.75|459.15
101581,497.65|452.75
101582,277.45|381.95
101583,357.1|275.25
101584,418.85|433.85
101585,453.55|555.3
101586,421.1|234.9
101587,443.05|393.55
101588,339.55|366.35
101589,340.0|489.35
101590,352.6|310.45
101591,231.95|426.3
101592,290.55|262.95
101593,244.9|301.7
101594,585.45|495.7
101595,236.45|349.8
101596,521.2|463.75
101597,303.05|405.35
101598,361.1|319.65
101599,312.55|357.6
101600,272.45|411.65
101601,215.65|301.85
101602,296.75|570.0
101603,235.45|568.85
101604,404.6|576.45
101605,473.7|246.1
101606,477.5|335.15
101607,370.65|215.75
101608,336.45|407.95
101609,459.35|425.1
101610,413.95|490.75
101611,470.5|279.2
101612,228.6|364.8
101613,208.9|464.2
101614,236.6|590.2
101615,430.45|589.0
101616,237.85|560.45
101617,588.45|207.5
101618,221.05|498.95
101619,471.8|343.65
101620,511.2|490.7
101621,218.15|380.6
101622,241.4|521.25
101623,396.95|391.95
101624,392.85|319.0
101625,465.3|520.15
101626,211.35|449.2
101627,508.75|220.5
101628,215.05|292.8
101629,213.3|263.0
101630,470.45|355.65
101631,486.35|364.3
101632,386.7|389.4
101633,415.65|293.3
101634,588.45|213.4
101635,211.35|571.55
101636,241.4|221.05
101637,208.85|240.25
101638,348.55|318.05
101639,253.05|555.4
101640,428.7|248.5
101641,460.15|431.7
101642,344.2|593.95
101643,342.15|375.3
101644,391.65|395.75
101645,420.45|411.7
101646,404.8|358.7
101647,533.3|320.35
101648,427.0|282.3
101649,254.3|570.0
101650,470.55|379.5
101651,550.7|277.3
101652,216.35|589.75
101653,350.75|276.35
101654,381.8|314.4
101655,245.25|556.0
101656,223.4|435.95
101657,286.45|568.2
101658,587.35|566.0
101659,244.05|498.4
101660,488.0|321.8
101661,399.6|315.25
101662,343.4|571.0
101663,439.0|570.1
101664,233.3|505.75
101665,550.25|272.9
101666,361.45|587.6
101667,348.9|225.15
101668,562.2|445.9
101669,392.1|562.5
101670,391.95|360.7
101671,450.5|368.6
101672,531.0|442.8
101673,338.5|266.35
101674,576.7|593.2
101675,521.95|491.55
101676,210.95|584.3
101677,465.3|461.0
101678,228.6|300.4
101679,410.05|388.15
101680,246.8|567.5
101681,482.8|435.55
101682,272.5|384.4
101683,233.55|586.4
101684,282.6|438.25
101685,537.5|281.6
101686,482.8|391.55
101687,208.85|590.1
101688,260.95|297.4
101689,568.05|292.95
101690,583.05|355.9
101691,481.0|485.5
101692,434.0|409.9
101693,248.35|585.9
101694,469.25|300.3
101695,427.45|506.15
101696,525.7|504.8
101697,289.1|351.2
101698,405.55|580.8
101699,271.4|299.4
101700,343.15|541.65
101701,437.25|228.1
101702,464.45|546.55
101703,230.05|426.05
101704,377.8|403.5
101705,469.2|456.65
101706,208.7|313.1
101707,215.8|298.7
101708,583.25|583.75
101709,550.95|249.65
101710,235.15|532.2
101711,554.1|266.65
101712,309.1|228.4
101713,428.4|425.55
101714,295.85|533.0
101715,353.9|280.25
101716,249.45|413.1
101717,366.15|206.2
101718,453.5|302.2
101719,367.1|314.2
101720,214.85|313.2
101721,578.85|395.2
101722,380.2|487.25
101723,500.55|332.65
101724,584.0|496.35
101725,345.7|369.15
101726,248.9|367.8
101727,459.1|521.2
101728,328.5|567.5
101729,215.35|257.45
101730,222.1|505.45
101731,435.15|397.35
101732,587.5|579.75
101733,552.2|569.75
101734,534.8|583.85
101735,345.45|486.1
101736,223.4|268.55
101737,285.45|533.3
101738,402.4|427.55
101739,208.15|383.65
101740,245.95|576.65
101741,218.75|472.5
101742,351.9|330.05
101743,539.65|433.75
101744,470.95|276.1
101745,449.25|568.3
101746,574.05|556.5
101747,480.15|309.15
101748,588.7|221.45
101749,233.6|555.75
101750,554.9|577.35
101751,565.8|541.15
101752,370.45|283.45
101753,275.2|279.4
101754,384.15|356.25
101755,497.2|226.8
101756,408.4|418.4
101757,563.6|218.0
101758,338.0|542.8
101759,389.4|291.55
101760,586.25|468.95
101761,532.45|387.65
101762,374.45|584.0
101763,230.55|463.25
101764,343.0|233.05
101765,559.15|505.45
101766,228.2|224.8
101767,223.2|305.3
101768,342.5|592.9
101769,496.65|341.1
101770,412.45|578.8
101771,537.75|551.6
101772,594.05|390.55
101773,449.95|514.1
101774,529.2|502.85
101775,506.4|365.5
101776,584.3|481.3
101777,284.65|464.65
101778,269.85|452.5
101779,259.65|243.25
101780,332.75|421.55
101781,578.7|386.15
101782,341.2|266.05
101783,301.3|386.85
101784,374.55|438.5
101785,349.9|287.5
101786,296.95|348.0
101787,430.35|394.55
101788,466.95|425.65
101789,528.35|521.6
101790,387.7|572.75
101791,405.35|351.0
101792,541.9|344.2
101793,527.1|521.35
101794,381.45|593.45
101795,531.05|322.95
101796,534.95|591.0
101797,422.0|469.75
101798,544.55|326.6
101799,473.8|334.25
101800,526.85|583.2
101801,581.45|343.95
101802,467.7|450.1
101803,591.0|575.2
101804,420.1|379.55
101805,531.8|404.15
101806,273.95|414.0
101807,525.9|369.0
101808,393.65|564.5
101809,468.45|434.3
101810,236.8|215.6
101811,581.9|275.8
101812,336.75|373.35
101813,505.85|479.65
101814,218.35|472.25
101815,578.9|559.65
101816,231.25|586.25
101817,532.4|560.75
101818,523.7|519.7
101819,352.4|562.75
101820,535.55|460.35
101821,571.45|295.55
101822,263.6|420.15
101823,282.7|429.0
101824,578.4|441.3
101825,258.75|262.35
101826,469.35|325.15
101827,581.55|411.0
101828,448.65|261.35
101829,457.35|568.5
101830,242.2|540.1
101831,577.65|369.7
101832,404.2|382.55
101833,534.5|441.65
101834,256.35|214.15
101835,245.55|233.3
101836,427.0|473.75
101837,491.9|511.4
101838,551.75|406.1
101839,271.1|364.0
101840,416.8|539.95
101841,571.75|328.65
101842,234.8|381.25
101843,587.95|383.6
101844,343.75|534.7
101845,592.1|265.2
101846,477.15|272.2
101847,222.65|480.2
101848,280.45|441.65
101849,277.85|374.9
101850,365.45|256.5
101851,474.9|470.25
101852,401.4|476.55
101853,215.5|465.8
101854,266.5|327.1
101855,296.2|442.85
101856,378.45|482.35
101857,412.85|471.7
101858,403.25|525.9
101859,359.25|516.05
101860,584.8|525.8
101861,400.85|389.5
101862,353.25|469.25
101863,482.75|438.45
101864,590.8|376.3
101865,359.95|338.8
101866,525.2|422.6
101867,384.0|571.5
101868,522.55|431.9
101869,243.8|324.0
101870,374.4|303.4
101871,355.95|435.2
101872,213.4|255.05
101873,383.3|558.9
101874,399.65|339.95
101875,340.1|450.1
101876,231.5|590.45
101877,523.05|448.95
101878,287.05|485.7
101879,263.45|486.3
101880,464.6|406.15
101881,286.9|457.65
101882,546.2|561.35
101883,238.05|439.75
101884,552.1|451.05
101885,368.95|589.3
101886,496.8|478.6
101887,238.4|419.6
101888,382.35|222.15
101889,418.65|478.65
101890,464.35|225.0
101891,373.6|339.05
101892,437.5|276.55
101893,474.4|294.35
101894,472.9|455.3
101895,450.15|374.9
101896,544.25|584.1
101897,547.65|279.55
101898,486.5|223.45
101899,444.6|491.15
101900,209.85|584.05
101901,502.55|483.7
101902,343.9|340.15
101903,472.05|444.25
101904,588.8|399.15
101905,489.7|485.0
101906,475.5|332.95
101907,355.2|547.4
101908,374.2|205.55
101909,479.8|518.8
101910,406.3|581.3
101911,537.2|552.5
101912,258.2|330.9
101913,566.2|249.35
101914,396.35|564.95
101915,264.6|284.75
101916,568.3|228.65
101917,426.05|515.65
101918,570.3|297.9
101919,224.65|592.35
101920,364.6|359.4
101921,451.6|258.1
101922,216.9|459.0
101923,248.85|539.4
101924,525.15|438.0
101925,548.8|281.9
101926,370.85|463.05
101927,337.35|262.45
101928,249.85|220.15
101929,381.6|481.45
101930,353.15|409.8
101931,593.05|365.7
101932,468.6|264.95
101933,289.35|312.75
101934,418.45|465.6
101935,274.05|277.0
101936,438.1|241.25
101937,552.3|234.1
101938,460.85|582.45
101939,542.4|437.5
101940,463.1|446.1
101941,472.25|378.0
101942,221.15|428.2
101943,551.25|584.35
101944,261.25|412.7
101945,215.2|275.0
101946,312.55|376.2
101947,463.55|492.45
101948,451.55|453.0
101949,520.7|526.95
101950,502.05|345.95
101951,217.4|585.75
101952,456.9|268.9
101953,389.55|510.65
101954,390.8|377.8
101955,338.55|502.35
101956,449.3|414.4
101957,467.2|464.4
101958,418.6|259.2
101959,583.0|282.45
101960,531.5|330.65
101961,377.2|486.9
101962,227.7|339.15
101963,556.6|521.4
101964,593.55|402.1
101965,389.0|299.3
101966,447.25|547.9
101967,219.35|275.05
101968,572.85|295.75
101969,355.75|250.0
101970,375.4|265.65
101971,281.85|572.45
101972,399.25|571.05
101973,433.05|316.55
101974,369.15|377.05
101975,206.75|559.6
101976,401.8|495.1
101977,488.35|312.8
101978,563.65|431.15
101979,284.45|375.35
101980,340.95|343.15
101981,419.6|365.05
101982,403.3|333.1
101983,241.3|532.1
101984,548.6|335.35
101985,217.7|498.7
101986,459.85|412.45
101987,556.3|305.8
101988,558.5|311.1
101989,265.55|307.7
101990,340.75|344.25
101991,209.1|483.15
101992,289.35|364.0
101993,250.0|498.85
101994,263.55|572.45
101995,503.45|437.5
101996,545.8|510.15
101997,575.0|259.7
101998,394.75|544.75
101999,214.6|582.7
102000,347.05|268.05
102001,583.2|400.15
102002,444.95|475.5
102003,287.45|536.4
102004,361.9|278.25
102005,231.15|263.55
102006,364.4|394.95
102007,211.6|247.4
102008,428.4|330.3
102009,555.05|306.3
102010,281.45|454.1
102011,255.5|276.1
102012,266.7|274.25
102013,261.05|422.4
102014,275.25|561.45
102015,379.25|295.3
102016,344.85|272.35
102017,386.45|470.2
102018,290.55|338.45
102019,447.4|490.25
102020,543.15|484.15
102021,452.3|278.15
102022,241.75|243.05
102023,542.4|546.05
102024,472.35|220.05
102025,421.85|212.75
102026,371.4|580.35
102027,538.2|481.35
102028,360.3|444.7
102029,540.0|460.85
102030,408.65|218.7
102031,558.1|229.5
102032,586.7|559.45
102033,265.95|314.1
102034,407.4|336.85
102035,276.4|555.15
102036,495.85|288.45
102037,322.3|553.15
102038,284.5|547.35
102039,548.7|560.7
102040,408.65|321.05
102041,562.85|511.95
102042,583.6|401.5
102043,461.65|223.25
102044,550.6|592.5
102045,208.75|322.95
102046,416.25|280.75
102047,494.15|343.85
102048,226.4|290.9
102049,335.4|523.2
102050,427.95|474.9
102051,438.55|559.55
102052,513.6|488.55
102053,368.2|398.35
102054,443.7|246.0
102055,498.3|375.05
102056,549.3|568.15
102057,425.35|353.6
102058,592.0|261.4
102059,432.0|297.55
102060,360.9|513.15
102061,427.6|432.7
102062,548.6|350.35
102063,259.95|307.2
102064,270.45|239.25
102065,402.55|442.2
102066,558.9|462.05
102067,410.45|572.15
102068,568.7|256.05
102069,213.0|490.5
102070,390.6|568.4
102071,494.3|282.0
102072,420.6|378.65
102073,558.0|457.7
102074,305.2|376.8
102075,356.55|279.9
102076,555.75|567.8
102077,387.45|583.6
102078,343.95|547.9
102079,212.65|231.1
102080,572.6|410.45
102081,585.7|213.3
102082,382.85|361.85
102083,424.4|461.3
102084,242.4|216.55
102085,470.4|357.85
102086,520.05|449.85
102087,278.75|508.1
102088,235.5|411.05
102089,409.0|370.65
102090,276.55|269.55
102091,275.35|549.35
102092,343.8|402.2
102093,281.25|334.95
102094,344.25|563.7
102095,518.7|355.55
102096,564.45|577.5
102097,354.75|535.6
102098,256.1|455.5
102099,471.65|296.25
102100,263.15|490.2
102101,412.95|436.25
102102,305.75|508.95
102103,394.8|392.95
102104,337.85|258.4
102105,411.75|536.25
102106,383.2|247.6
102107,521.35|513.55
102108,533.65|418.15
102109,593.25|410.25
102110,415.15|330.15
102111,212.2|215.55
102112,283.15|274.05
102113,353.05|423.15
102114,246.95|273.2
102115,406.1|520.05
102116,579.6|498.65
102117,395.65|294.95
102118,339.65|585.05
102119,541.0|382.35
102120,528.95|494.35
102121,525.65|432.25
102122,244.15|374.3
102123,454.35|587.25
102124,375.75|258.35
102125,257.35|268.55
102126,236.2|425.35
102127,581.8|379.55
102128,294.1|332.75
102129,222.35|427.1
102130,353.3|216.05
102131,461.4|539.55
102132,342.1|373.8
102133,306.4|377.95
102134,496.25|490.2
102135,229.55|433.3
102136,231.5|559.0
102137,588.45|504.2
102138,425.15|293.5
102139,247.35|494.1
102140,566.55|509.9
102141,551.0|494.85
102142,436.15|446.9
102143,249.55|262.25
102144,368.8|499.4
102145,536.45|538.4
102146,361.9|422.6
102147,343.8|569.65
102148,377.35|404.1
102149,245.25|239.1
102150,408.05|378.35
102151,411.55|393.2
102152,291.55|307.65
102153,585.0|366.85
102154,463.45|495.25
102155,370.25|543.2
102156,281.15|445.6
102157,523.85|221.75
102158,226.85|227.25
102159,552.85|341.65
102160,544.55|535.15
102161,563.85|416.8
102162,214.35|406.1
102163,357.8|467.9
102164,540.6|337.3
102165,537.55|341.35
102166,424.65|416.05
102167,304.15|402.1
102168,335.25|347.25
102169,460.7|225.55
102170,485.5|459.8
102171,426.1|243.4
102172,577.2|372.2
102173,324.75|567.75
102174,334.95|323.8
102175,244.85|241.15
102176,564.95|484.25
102177,428.15|406.6
102178,291.05|506.15
102179,478.0|215.7
102180,360.8|214.55
102181,266.35|433.55
102182,349.7|271.85
102183,557.75|418.5
102184,382.7|323.75
102185,380.55|557.25
102186,217.2|513.7
102187,525.6|501.2
102188,590.5|210.6
102189,430.75|559.05
102190,576.35|469.25
102191,487.2|354.8
102192,384.05|582.0
102193,456.2|383.1
102194,258.6|302.25
102195,434.55|246.3
102196,382.9|591.85
102197,345.65|224.3
102198,223.8|397.45
102199,288.0|347.5
102200,420.05|522.5
102201,559.85|222.8
102202,372.75|334.6
102203,208.95|512.65
102204,425.7|400.35
102205,378.7|370.75
102206,419.4|584.0
102207,352.35|592.2
102208,262.0|214.2
102209,590.4|346.8
102210,407.3|440.5
102211,244.55|356.2
102212,359.15|435.2
102213,236.3|236.2
102214,463.3|375.35
102215,440.95|360.65
102216,523.95|356.5
102217,216.7|279.3
102218,408.75|332.65
102219,362.6|302.0
102220,568.05|328.85
102221,404.2|393.75
102222,272.85|336.95
102223,548.05|287.5
102224,250.0|243.35
102225,556.35|590.2
102226,342.75|337.45
102227,522.45|351.25
102228,361.6|207.8
102229,540.2|400.1
102230,258.15|273.5
102231,250.2|307.5
102232,374.2|493.55
102233,466.5|269.2
102234,536.6|481.75
102235,397.95|235.05
102236,503.95|331.95
102237,529.65|465.1
102238,444.15|484.85
102239,398.0|547.4
102240,378.15|333.45
102241,212.55|520.9
102242,475.55|475.25
102243,365.5|595.4
102244,387.6|584.1
102245,219.75|582.7
102246,533.6|342.2
102247,551.6|263.25
102248,220.25|485.5
102249,210.9|536.4
102250,242.4|296.1
102251,392.5|386.65
102252,430.35|554.25
102253,551.7|493.2
102254,277.6|566.1
102255,229.0|479.2
102256,374.1|274.3
102257,586.7|379.7
102258,478.75|552.8
102259,285.55|278.35
102260,407.05|319.6
102261,394.2|588.2
102262,558.35|543.15
102263,291.55|546.75
102264,578.1|334.5
102265,370.55|450.8
102266,587.95|526.35
102267,414.6|216.75
102268,401.7|381.55
102269,593.5|279.0
102270,432.6|452.9
102271,456.25|592.0
102272,493.05|321.95
102273,386.55|204.55
102274,268.5|260.45
102275,361.4|573.1
102276,401.0|291.4
102277,521.8|449.95
102278,497.1|460.75
102279,288.0|290.0
102280,227.35|579.9
102281,397.0|584.55
102282,280.45|578.0
102283,456.75|296.1
102284,526.65|551.0
102285,557.8|233.1
102286,465.0|272.3
102287,462.5|267.65
102288,402.55|386.7
102289,469.9|241.95
102290,462.05|377.35
102291,579.6|211.75
102292,254.8|433.4
102293,574.9|237.4
102294,308.75|368.25
102295,259.7|255.35
102296,407.15|437.8
102297,589.7|378.5
102298,581.35|566.3
102299,360.1|326.9
102300,246.35|388.1
102301,483.05|246.0
102302,433.3|226.6
102303,272.6|481.45
102304,539.75|298.1
102305,387.8|501.35
102306,412.35|302.6
102307,552.4|545.4
102308,512.55|487.8
102309,594.75|273.65
102310,311.65|398.25
102311,526.25|537.0
102312,256.9|219.4
102313,286.35|356.95
102314,204.45|482.75
102315,222.15|416.25
102316,366.35|370.95
102317,398.95|560.15
102318,416.1|415.7
102319,583.3|526.0
102320,280.9|364.45
102321,233.8|272.4
102322,334.2|257.9
102323,578.15|541.35
102324,356.0|288.65
102325,448.15|321.8
102326,547.8|283.1
102327,255.55|251.85
102328,456.0|586.3
102329,236.9|481.3
102330,279.5|373.5
102331,566.15|235.05
102332,579.3|449.85
102333,211.9|290.9
102334,234.2|564.0
102335,480.95|328.15
102336,221.75|355.55
102337,489.65|533.3
102338,415.2|495.8
102339,462.75|312.05
102340,556.3|479.05
102341,375.85|367.9
102342,299.6|367.9
102343,364.95|278.75
102344,472.8|284.55
102345,455.25|453.1
102346,427.3|455.75
102347,472.65|334.35
102348,350.5|543.45
102349,381.9|319.1
102350,589.05|532.55
102351,398.35|574.35
102352,548.2|441.7
102353,231.1|590.1
102354,566.7|569.7
102355,447.85|474.6
102356,328.7|321.0
102357,230.4|275.8
102358,232.25|413.05
102359,390.0|448.25
102360,216.6|330.15
102361,583.3|391.1
102362,470.65|311.0
102363,398.6|505.0
102364,260.95|471.3
102365,234.05|534.6
102366,267.3|453.15
102367,329.85|444.2
102368,564.75|233.2
102369,360.35|331.25
102370,353.0|442.6
102371,587.65|275.7
102372,572.35|374.55
102373,351.1|416.4
102374,246.0|311.4
102375,276.4|428.1
102376,259.95|419.15
102377,303.45|350.3
102378,550.45|238.15
102379,545.25|321.15
102380,248.1|429.7
102381,342.95|215.35
102382,478.7|349.25
102383,374.65|250.65
102384,300.2|300.3
102385,345.5|521.9
102386,478.35|466.0
102387,349.75|396.7
102388,408.25|232.45
102389,463.4|311.65
102390,364.45|399.0
102391,221.65|584.1
102392,450.35|461.05
102393,469.3|313.65
102394,348.95|227.35
102395,358.95|591.65
102396,229.6|500.35
102397,341.6|588.95
102398,591.9|559.15
102399,583.6|287.45
102400,286.75|388.9
102401,516.3|446.8
102402,273.95|281.4
102403,413.9|418.4
102404,218.75|243.3
102405,223.15|521.6
102406,348.35|318.7
102407,220.3|224.5
102408,549.1|539.05
102409,419.2|378.1
102410,411.65|216.95
102411,429.3|396.05
102412,353.65|365.8
102413,433.25|583.85
102414,575.05|404.95
102415,526.85|465.85
102416,415.75|395.0
102417,481.35|384.85
102418,577.95|544.55
102419,592.0|388.45
102420,524.25|562.65
102421,528.0|557.15
102422,292.0|441.3
102423,294.5|341.45
102424,290.15|460.05
102425,528.5|533.0
102426,444.55|559.25
102427,566.55|243.35
102428,475.0|532.4
102429,211.35|323.05
102430,441.65|343.4
102431,530.25|396.9
102432,396.9|351.65
102433,446.8|567.5
102434,279.3|439.5
102435,547.8|562.1
102436,540.35|542.35
102437,540.2|256.25
102438,578.15|276.55
102439,573.2|538.95
102440,589.15|345.6
102441,434.4|317.15
102442,476.65|475.15
102443,563.35|542.15
102444,495.85|460.7
102445,424.1|310.65
102446,270.2|281.7
102447,372.0|377.7
102448,558.75|587.95
102449,544.45|582.3
102450,244.05|387.55
102451,269.3|429.65
102452,352.0|216.15
102453,324.05|431.15
102454,574.05|535.25
102455,340.45|328.85
102456,281.3|525.15
102457,255.8|549.65
102458,208.25|397.6
102459,271.4|439.3
102460,216.4|397.2
102461,451.35|459.5
102462,575.4|446.15
102463,582.1|290.45
102464,542.15|538.55
102465,423.5|450.6
102466,211.8|472.9
102467,571.15|278.95
102468,588.5|592.95
102469,575.85|442.25
102470,263.3|215.55
102471,212.95|588.0
102472,217.35|495.05
102473,410.45|387.1
102474,317.8|349.25
102475,426.0|248.95
102476,483.35|356.8
102477,548.8|585.9
102478,452.2|389.75
102479,590.9|255.0
102480,219.4|563.9
102481,240.05|574.05
102482,423.8|319.3
102483,356.5|397.7
102484,499.25|279.25
102485,557.5|434.2
102486,256.25|284.6
102487,407.75|580.65
102488,461.25|416.3
102489,392.6|266.75
102490,380.85|593.75
102491,352.4|474.3
102492,241.6|293.25
102493,482.0|466.25
102494,397.75|302.15
102495,228.15|413.75
102496,357.75|553.3
102497,378.8|398.15
102498,526.75|425.95
102499,292.0|440.85
102500,452.0|564.75
102501,425.6|382.45
102502,570.5|469.75
102503,297.25|346.2
102504,432.2|555.6
102505,487.85|450.15
102506,405.5|344.0
102507,229.55|466.85
102508,531.35|432.85
102509,528.0|352.95
102510,400.6|525.5
102511,434.6|480.75
102512,346.75|272.05
102513,285.4|401.65
102514,253.1|230.5
102515,413.85|571.3
102516,320.2|375.6
102517,547.8|283.2
102518,483.25|428.7
102519,561.25|584.2
102520,267.6|387.8
102521,221.3|579.55
102522,525.3|532.65
102523,565.35|227.0
102524,351.05|592.45
102525,473.05|356.55
102526,373.1|473.35
102527,328.9|526.7
102528,427.2|427.25
102529,219.8|335.1
102530,382.95|474.5
102531,386.4|241.25
102532,284.95|417.55
102533,360.1|213.55
102534,474.6|493.95
102535,256.2|497.3
102536,421.55|508.8
102537,393.45|558.0
102538,425.3|494.5
102539,221.45|378.85
102540,427.9|380.55
102541,438.9|568.35
102542,432.7|221.0
102543,473.4|479.55
102544,275.15|538.9
102545,444.5|373.9
102546,405.9|287.0
102547,433.2|422.2
102548,423.2|359.05
102549,316.65|413.0
102550,241.55|503.4
102551,546.4|265.95
102552,351.65|436.1
102553,593.15|434.65
102554,423.85|469.55
102555,349.65|275.5
102556,263.4|313.8
102557,412.4|534.1
102558,454.3|519.3
102559,443.35|443.9
102560,244.05|371.9
102561,400.45|519.55
102562,587.65|423.35
102563,348.85|282.6
102564,367.7|478.8
102565,441.2|258.25
102566,555.3|225.7
102567,358.85|352.05
102568,302.3|438.9
102569,347.35|329.15
102570,413.35|559.55
102571,548.25|583.65
102572,257.0|369.7
102573,460.85|478.25
102574,381.55|581.0
102575,486.25|493.05
102576,269.45|586.0
102577,391.9|513.7
102578,541.15|309.95
102579,340.15|366.3
102580,400.05|222.85
102581,575.7|420.2
102582,375.5|495.2
102583,313.4|531.05
102584,564.15|529.35
102585,385.0|579.6
102586,353.6|333.4
102587,577.95|371.05
102588,535.6|577.4
102589,457.05|443.95
102590,272.5|239.4
102591,344.35|411.05
102592,427.95|406.05
102593,264.35|458.85
102594,456.9|591.65
102595,465.75|245.95
102596,354.6|334.25
102597,536.55|429.4
102598,275.65|229.85
102599,205.5|547.2
102600,373.4|495.3
102601,477.3|512.9
102602,589.25|405.55
102603,243.85|427.45
102604,229.85|568.35
102605,349.35|262.55
102606,430.9|385.3
102607,451.55|440.7
102608,472.3|484.65
102609,253.15|216.45
102610,280.5|313.85
102611,256.55|452.9
102612,296.1|377.25
102613,563.05|208.2
102614,230.65|403.65
102615,569.85|328.85
102616,544.8|506.05
102617,266.2|279.45
102618,425.5|244.95
102619,404.8|579.45
102620,522.85|542.35
102621,586.1|420.2
102622,434.75|479.85
102623,529.7|444.1
102624,348.75|438.65
102625,500.05|221.9
102626,540.15|282.75
102627,375.65|246.0
102628,444.7|580.95
102629,334.15|236.9
102630,207.55|345.8
102631,354.3|298.55
102632,217.45|357.0
102633,432.1|386.25
102634,419.8|594.25
102635,453.1|564.7
102636,582.6|310.45
102637,466.45|437.25
102638,276.25|214.35
102639,285.65|567.5
102640,351.35|380.55
102641,401.3|447.7
102642,358.15|285.0
102643,574.9|286.0
102644,281.3|355.5
102645,472.0|351.8
102646,452.3|226.75
102647,248.55|401.05
102648,500.8|211.75
102649,258.65|268.5
102650,344.6|364.0
102651,375.95|561.05
102652,551.95|582.0
102653,523.65|551.25
102654,351.85|557.6
102655,405.6|563.15
102656,476.5|231.75
102657,363.25|592.8
102658,289.2|587.2
102659,210.3|587.9
102660,246.25|518.0
102661,226.55|413.5
102662,582.9|435.15
102663,575.55|372.8
102664,430.55|526.4
102665,466.8|240.1
102666,540.9|336.7
102667,241.7|588.15
102668,240.5|570.95
102669,260.25|567.65
102670,219.1|444.55
102671,451.95|407.05
102672,214.8|587.7
102673,353.55|246.45
102674,472.6|333.05
102675,275.4|516.3
102676,387.1|490.95
102677,209.25|292.45
102678,206.75|259.6
102679,475.15|273.4
102680,466.8|464.35
102681,589.15|352.3
102682,454.25|453.0
102683,521.85|512.05
102684,532.25|441.85
102685,350.4|404.8
102686,431.15|484.75
102687,235.0|439.6
102688,405.15|587.05
102689,477.95|280.15
102690,396.4|318.55
102691,535.05|233.35
102692,534.85|512.35
102693,404.85|373.65
102694,447.0|484.75
102695,426.0|450.35
102696,254.0|216.4
102697,212.55|236.5
102698,465.05|573.6
102699,436.2|364.4
102700,390.0|369.95
102701,489.35|287.9
102702,574.95|300.0
102703,274.55|253.9
102704,462.3|389.25
102705,290.1|334.85
102706,493.9|252.05
102707,413.1|271.6
102708,404.15|396.2
102709,323.9|363.6
102710,482.4|489.4
102711,321.5|374.65
102712,556.25|325.0
102713,399.7|490.55
102714,575.15|314.55
102715,342.45|426.55
102716,467.65|447.1
102717,247.2|291.35
102718,386.7|368.2
102719,473.9|446.6
102720,305.45|382.7
102721,387.05|276.1
102722,389.4|444.25
102723,216.1|258.1
102724,596.5|568.35
102725,358.0|385.0
102726,414.4|588.15
102727,262.25|482.15
102728,337.15|527.4
102729,475.2|455.25
102730,218.95|239.85
102731,582.85|379.85
102732,342.75|349.9
102733,490.9|517.05
102734,465.45|282.25
102735,404.95|588.4
102736,441.9|565.45
102737,253.2|314.95
102738,374.7|230.9
102739,383.85|234.8
102740,578.5|211.3
102741,218.05|581.25
102742,259.45|348.55
102743,479.65|544.15
102744,367.05|433.45
102745,228.05|522.3
102746,377.2|228.15
102747,453.25|422.6
102748,271.05|365.5
102749,568.25|291.0
102750,413.15|569.2
102751,215.55|459.95
102752,455.8|559.7
102753,583.5|208.5
102754,478.55|433.95
102755,281.55|509.4
102756,432.9|448.05
102757,576.7|382.45
102758,357.75|319.5
102759,222.0|267.6
102760,349.4|469.6
102761,370.1|496.4
102762,275.55|253.05
102763,247.9|405.15
102764,343.25|224.5
102765,382.8|252.85
102766,234.25|574.0
102767,446.35|261.55
102768,286.9|323.0
102769,237.0|261.95
102770,214.15|349.2
102771,539.75|445.6
102772,219.75|309.35
102773,459.95|423.85
102774,373.8|564.15
102775,250.1|343.6
102776,591.25|213.55
102777,399.3|244.0
102778,475.4|547.85
102779,222.3|589.3
102780,475.8|399.3
102781,410.9|363.15
102782,578.6|490.9
102783,501.5|510.4
102784,399.0|406.15
102785,590.15|433.4
102786,210.8|580.4
102787,535.6|302.45
102788,240.65|489.5
102789,577.95|221.2
102790,247.15|587.1
102791,579.9|519.7
102792,409.5|493.15
102793,449.3|425.2
102794,547.45|522.05
102795,577.15|260.45
102796,270.75|426.0
102797,403.3|283.6
102798,431.6|457.15
102799,406.0|455.7
102800,567.75|437.8
102801,354.8|424.8
102802,243.75|388.35
102803,328.6|247.85
102804,243.95|424.15
102805,245.9|297.4
102806,479.75|512.2
102807,569.05|211.0
102808,531.8|392.55
102809,522.15|215.9
102810,383.65|208.1
102811,430.95|454.15
102812,564.65|235.4
102813,401.9|364.95
102814,246.95|479.55
102815,248.7|509.05
102816,446.4|446.8
102817,270.65|280.35
102818,545.7|480.65
102819,251.0|419.2
102820,272.8|377.8
102821,416.0|401.85
102822,247.95|407.95
102823,425.45|436.35
102824,435.95|325.35
102825,288.45|456.7
102826,396.05|247.2
102827,415.45|380.0
102828,528.65|364.55
102829,397.35|481.1
102830,554.9|309.6
102831,516.55|452.55
102832,284.8|434.9
102833,420.8|464.55
102834,479.7|562.75
102835,360.9|325.35
102836,478.6|561.35
102837,571.6|234.1
102838,374.8|398.25
102839,418.2|234.2
102840,436.45|536.15
102841,396.65|330.1
102842,402.35|587.1
102843,580.0|405.0
102844,480.95|457.0
102845,232.65|282.35
102846,565.85|324.85
102847,289.15|464.1
102848,424.6|234.25
102849,570.55|349.35
102850,461.7|335.25
102851,407.9|563.65
102852,230.5|425.5
102853,592.75|480.15
102854,559.8|405.65
102855,287.05|579.7
102856,274.3|281.75
102857,498.9|462.9
102858,288.2|438.5
102859,379.4|299.25
102860,587.75|277.3
102861,594.35|500.15
102862,221.75|226.7
102863,418.55|588.05
102864,514.25|376.85
102865,479.95|322.8
102866,236.8|488.3
102867,531.75|537.85
102868,550.3|571.9
102869,242.1|337.05
102870,556.25|400.55
102871,229.45|427.3
102872,452.85|483.7
102873,458.3|490.2
102874,463.95|287.55
102875,456.45|438.8
102876,534.75|385.4
102877,245.25|275.45
102878,240.35|446.15
102879,387.3|218.4
102880,538.4|556.85
102881,216.45|399.5
102882,561.8|401.65
102883,290.4|446.7
102884,561.75|585.25
102885,463.25|450.05
102886,416.1|387.2
102887,306.65|418.85
102888,591.85|391.55
102889,285.15|329.85
102890,327.75|490.8
102891,529.5|585.05
102892,581.15|209.35
102893,371.6|233.65
102894,226.55|317.35
102895,564.25|452.0
102896,451.65|326.5
102897,573.75|467.6
102898,585.95|467.65
102899,413.3|364.35
102900,543.05|528.35
102901,482.05|269.6
102902,591.05|557.3
102903,359.5|245.6
102904,332.2|412.55
102905,435.9|428.9
102906,444.65|536.35
102907,352.2|337.35
102908,471.8|316.35
102909,566.7|468.8
102910,406.9|576.75
102911,449.0|210.85
102912,543.35|580.8
102913,230.0|365.35
102914,248.25|570.35
102915,370.95|580.15
102916,288.4|459.75
102917,458.4|437.0
102918,512.5|483.55
102919,489.85|406.75
102920,556.7|292.4
102921,250.7|227.15
102922,378.7|575.85
102923,383.9|568.15
102924,216.45|394.35
102925,215.5|310.15
102926,565.85|445.85
102927,446.45|479.0
102928,346.1|347.75
102929,466.05|559.3
102930,564.75|543.1
102931,210.65|316.0
102932,589.5|593.3
102933,220.6|417.5
102934,515.45|525.75
102935,280.75|421.95
102936,258.95|354.25
102937,240.25|572.5
102938,253.7|487.8
102939,361.5|594.95
102940,387.75|514.15
102941,367.75|325.9
102942,244.3|250.6
102943,560.05|298.45
102944,330.2|350.35
102945,353.95|449.1
102946,363.4|579.7
102947,592.3|273.55
102948,295.2|297.0
102949,412.3|212.05
102950,354.25|539.3
102951,383.0|279.05
102952,319.6|546.2
102953,456.3|547.95
102954,580.3|215.6
102955,468.15|349.4
102956,546.05|295.65
102957,463.5|459.4
102958,358.3|229.45
102959,341.95|206.75
102960,298.55|558.25
102961,296.7|570.95
102962,562.45|477.8
102963,504.45|514.8
102964,576.05|595.25
102965,231.8|590.05
102966,586.2|221.75
102967,445.65|541.5
102968,449.4|500.45
102969,235.1|463.1
102970,222.9|573.0
102971,345.1|534.15
102972,406.45|331.5
102973,319.45|371.3
102974,253.6|404.9
102975,213.15|254.25
102976,404.05|539.15
102977,245.6|477.7
102978,555.5|231.45
102979,387.2|308.75
102980,271.65|588.85
102981,346.4|519.75
102982,425.85|480.15
102983,212.35|586.3
102984,270.0|418.95
102985,240.75|409.35
102986,550.8|234.4
102987,302.8|421.0
102988,554.25|542.9
102989,462.1|226.75
102990,557.05|541.85
102991,453.75|266.9
102992,583.75|410.85
102993,439.7|590.7
102994,271.45|367.5
102995,241.85|498.2
102996,428.8|491.1
102997,363.65|413.45
102998,473.45|478.4
102999,473.1|462.5
103000,389.65|480.8
103001,277.4|375.55
103002,479.45|266.35
103003,262.9|225.55
103004,316.6|243.8
103005,376.0|267.65
103006,353.2|265.8
103007,402.1|464.55
103008,585.7|352.5
103009,390.2|594.0
103010,342.75|389.65
103011,285.15|460.9
103012,525.8|515.0
103013,437.7|500.35
103014,578.25|552.5
103015,330.5|564.2
103016,417.2|361.3
103017,595.45|385.2
103018,476.7|307.4
103019,582.4|313.35
103020,583.5|457.8
103021,215.05|450.85
103022,357.35|213.85
103023,441.25|355.35
103024,459.85|385.2
103025,530.75|541.75
103026,351.95|376.35
103027,341.95|211.0
103028,580.25|411.65
103029,582.55|523.1
103030,380.25|568.5
103031,220.5|302.3
103032,421.75|581.1
103033,575.25|398.65
103034,222.15|414.85
103035,218.2|479.85
103036,475.75|231.6
103037,549.75|545.5
103038,246.65|488.15
103039,417.95|566.5
103040,492.8|467.65
103041,418.9|420.05
103042,475.95|313.15
103043,213.8|281.1
103044,245.45|481.55
103045,285.05|537.65
103046,578.15|234.5
103047,508.7|230.0
103048,339.55|527.7
103049,427.05|237.65
103050,269.75|281.45
103051,353.4|589.45
103052,246.15|296.05
103053,585.35|422.5
103054,467.75|458.25
103055,526.35|566.9
103056,404.95|356.4
103057,480.15|245.7
103058,296.2|271.55
103059,586.1|496.9
103060,488.55|351.2
103061,286.3|414.05
103062,462.05|348.6
103063,447.95|401.3
103064,537.3|265.65
103065,416.1|505.75
103066,419.0|524.9
103067,398.4|425.85
103068,590.65|305.5
103069,397.65|265.25
103070,344.5|413.5
103071,500.2|455.5
103072,246.0|524.45
103073,401.7|462.8
103074,208.65|485.4
103075,393.6|267.25
103076,377.45|587.4
103077,593.95|413.7
103078,209.3|518.0
103079,223.4|473.65
103080,208.4|588.0
103081,539.8|427.15
103082,283.7|434.9
103083,435.15|351.95
103084,567.35|497.1
103085,306.15|385.9
103086,364.9|433.65
103087,354.3|521.95
103088,217.5|529.05
103089,376.0|464.4
103090,294.4|327.95
103091,227.5|409.85
103092,407.5|568.55
103093,397.95|374.85
103094,263.1|232.1
103095,470.9|255.95
103096,241.05|453.3
103097,247.3|246.3
103098,268.05|580.05
103099,580.5|446.0
103100,569.95|318.75
103101,592.85|210.55
103102,405.3|383.55
103103,234.2|457.1
103104,436.1|516.4
103105,379.35|592.75
103106,434.85|226.3
103107,579.75|471.7
103108,210.9|243.65
103109,270.1|396.35
103110,371.2|412.65
103111,426.8|498.3
103112,343.1|593.85
103113,549.05|273.05
103114,407.7|409.2
103115,316.35|418.9
103116,240.45|230.35
103117,344.5|231.4
103118,251.5|250.25
103119,212.6|249.5
103120,476.95|320.4
103121,348.3|395.0
103122,282.4|369.2
103123,537.25|325.0
103124,437.25|587.0
103125,369.8|388.5
103126,233.95|364.35
103127,534.6|489.8
103128,409.25|535.8
103129,568.4|442.5
103130,409.6|570.2
103131,228.8|337.2
103132,241.2|592.35
103133,229.35|548.8
103134,447.3|471.55
103135,437.45|590.95
103136,577.3|540.95
103137,572.7|591.7
103138,461.55|385.3
103139,410.15|254.25
103140,438.6|556.3
103141,561.3|432.45
103142,220.15|524.0
103143,302.1|365.95
103144,420.65|322.7
103145,593.9|584.5
103146,572.4|320.25
103147,585.45|257.2
103148,254.55|585.2
103149,410.2|594.8
103150,448.45|517.55
103151,358.6|501.5
103152,422.55|337.7
103153,433.1|538.65
103154,553.2|472.4
103155,241.0|558.2
103156,513.3|562.5
103157,538.25|419.3
103158,410.6|288.75
103159,237.4|475.15
103160,302.6|371.3
103161,294.45|422.1
103162,468.35|419.85
103163,328.65|527.8
103164,404.95|510.3
103165,462.6|451.55
103166,401.3|554.5
103167,397.25|361.85
103168,462.65|434.4
103169,520.95|473.45
103170,396.7|255.5
103171,279.85|402.85
103172,560.5|373.65
103173,395.95|374.45
103174,234.65|486.8
103175,396.45|503.95
103176,534.95|578.65
103177,327.1|467.4
103178,383.55|572.8
103179,425.65|426.3
103180,296.65|311.95
103181,569.25|232.2
103182,583.6|360.4
103183,381.2|379.6
103184,499.95|393.9
103185,257.2|565.5
103186,458.6|554.45
103187,547.5|284.3
103188,587.45|426.05
103189,478.4|228.95
103190,400.65|437.25
103191,580.7|505.15
103192,492.6|348.8
103193,540.25|398.95
103194,512.8|354.0
103195,585.1|502.05
103196,233.05|319.9
103197,358.9|489.1
103198,364.9|282.8
103199,214.65|222.15
103200,445.7|213.3
103201,345.2|581.35
103202,508.45|521.5
103203,490.55|372.7
103204,213.45|590.2
103205,565.5|234.5
103206,470.6|455.3
103207,586.75|508.7
103208,282.3|446.1
103209,364.2|591.7
103210,554.55|481.8
103211,478.2|285.8
103212,209.4|584.2
103213,394.4|244.1
103214,405.1|495.6
103215,459.45|214.0
103216,345.5|328.4
103217,207.35|524.6
103218,313.55|427.0
103219,230.5|553.9
103220,298.95|241.3
103221,226.65|331.85
103222,298.75|358.95
103223,218.25|559.55
103224,576.75|264.65
103225,355.95|207.35
103226,487.05|264.25
103227,403.2|533.8
103228,588.55|505.15
103229,556.2|543.25
103230,348.0|260.85
103231,331.55|440.85
103232,302.4|486.4
103233,431.75|459.8
103234,556.35|221.45
103235,233.1|509.2
103236,568.8|433.55
103237,456.8|222.85
103238,474.65|391.5
103239,340.9|330.0
103240,340.15|531.4
103241,514.8|425.65
103242,425.65|223.85
103243,414.8|574.2
103244,582.6|398.45
103245,351.1|329.05
103246,585.85|345.35
103247,372.65|345.65
103248,442.3|223.85
103249,381.25|223.0
103250,270.3|423.6
103251,573.7|381.75
103252,207.45|489.6
103253,422.25|354.25
103254,389.2|260.95
103255,472.75|219.35
103256,398.45|439.3
103257,352.35|257.35
103258,541.75|391.8
103259,297.5|372.9
103260,470.0|456.15
103261,392.45|502.45
103262,264.35|347.7
103263,292.45|495.4
103264,279.85|331.35
103265,410.95|537.5
103266,207.4|237.15
103267,440.95|398.4
103268,350.1|514.5
103269,557.55|243.2
103270,353.35|380.8
103271,472.65|224.7
103272,405.1|356.2
103273,367.0|377.8
103274,541.2|551.9
103275,226.1|515.05
103276,550.35|540.85
103277,294.6|301.95
103278,410.05|576.5
103279,269.2|451.15
103280,456.6|577.8
103281,569.4|519.4
103282,482.8|279.4
103283,283.85|528.7
103284,325.85|339.85
103285,420.25|463.85
103286,435.15|304.65
103287,387.25|461.45
103288,518.25|499.65
103289,328.0|319.35
103290,459.85|507.45
103291,463.15|262.9
103292,240.15|266.7
103293,480.8|279.7
103294,217.45|457.45
103295,285.25|328.7
103296,554.05|300.75
103297,253.1|475.9
103298,257.75|285.45
103299,217.6|569.6
103300,395.1|551.1
103301,412.5|566.4
103302,473.05|234.15
103303,472.8|284.65
103304,585.35|566.7
103305,596.4|563.5
103306,441.6|543.45
103307,578.05|382.5
103308,580.75|485.45
103309,229.25|511.7
103310,419.4|394.0
103311,430.95|454.4
103312,303.05|398.65
103313,551.05|507.65
103314,585.35|442.55
103315,234.9|587.6
103316,361.45|362.05
103317,413.0|551.3
103318,396.4|558.1
103319,434.5|402.0
103320,261.05|348.6
103321,221.35|394.75
103322,424.95|463.9
103323,589.75|414.9
103324,441.5|406.7
103325,370.2|436.65
103326,574.7|271.1
103327,386.7|210.35
103328,543.75|250.3
103329,282.3|423.15
103330,222.6|223.15
103331,374.6|581.25
103332,258.1|286.8
103333,215.65|559.45
103334,544.65|233.5
103335,470.1|477.15
103336,255.9|487.7
103337,510.05|481.65
103338,559.2|518.1
103339,289.45|546.7
103340,578.8|558.05
103341,589.3|503.4
103342,491.5|447.55
103343,432.45|588.65
103344,347.9|513.4
103345,230.4|223.85
103346,465.85|449.75
103347,271.3|368.55
103348,582.25|254.6
103349,338.1|239.4
103350,445.85|484.85
103351,213.45|533.85
103352,381.4|350.65
103353,551.15|326.0
103354,348.15|505.0
103355,593.95|374.95
103356,533.75|340.95
103357,456.35|559.8
103358,240.4|282.05
103359,340.95|235.8
103360,472.45|496.9
103361,384.1|567.4
103362,276.0|277.05
103363,237.15|402.7
103364,227.9|576.95
103365,340.2|409.0
103366,557.85|308.3
103367,594.05|413.75
103368,373.15|207.0
103369,282.3|452.1
103370,522.6|448.5
103371,355.45|394.0
103372,535.3|297.95
103373,524.4|431.45
103374,397.75|589.15
103375,350.05|213.65
103376,543.9|487.25
103377,552.1|546.2
103378,524.05|554.65
103379,446.55|510.85
103380,249.15|582.9
103381,250.4|279.25
103382,536.2|337.2
103383,473.0|226.85
103384,430.05|396.7
103385,470.15|327.85
103386,225.9|449.9
103387,394.7|407.4
103388,280.65|538.85
103389,591.35|377.05
103390,586.3|232.15
103391,419.35|298.5
103392,450.65|388.65
103393,566.45|439.85
103394,412.7|588.65
103395,291.2|398.7
103396,366.15|341.25
103397,211.95|403.25
103398,441.55|456.8
103399,247.25|424.65
103400,351.6|251.35
103401,476.55|280.65
103402,354.75|514.65
103403,461.05|553.85
103404,261.8|559.6
103405,468.35|247.2
103406,317.1|373.35
103407,471.6|304.4
103408,594.2|210.35
103409,208.3|327.5
103410,331.05|410.3
103411,582.95|556.65
103412,563.95|418.65
103413,576.6|332.8
103414,340.85|209.45
103415,225.85|288.05
103416,250.75|438.95
103417,223.8|493.8
103418,447.0|470.5
103419,445.3|310.45
103420,370.1|219.45
103421,242.2|316.95
103422,582.9|237.9
103423,211.85|448.3
103424,244.55|297.25
103425,471.5|432.9
103426,289.7|574.3
103427,257.7|478.8
103428,395.55|296.15
103429,293.7|443.7
103430,585.45|478.7
103431,453.15|347.55
103432,230.9|345.1
103433,492.55|227.15
103434,367.75|346.8
103435,208.5|216.45
103436,561.15|455.05
103437,364.8|280.15
103438,440.2|558.1
103439,387.95|400.75
103440,248.25|544.0
103441,274.85|266.1
103442,480.85|326.95
103443,420.5|455.05
103444,402.6|276.7
103445,460.4|364.9
103446,409.15|451.45
103447,272.2|583.6
103448,425.25|327.15
103449,573.05|441.85
103450,237.3|589.75
103451,443.6|249.0
103452,473.8|339.95
103453,325.3|419.9
103454,564.95|308.85
103455,377.25|494.6
103456,541.9|373.1
103457,582.4|507.35
103458,524.7|418.35
103459,388.05|275.75
103460,490.65|487.1
103461,270.35|417.1
103462,385.05|286.3
103463,270.6|346.6
103464,400.1|335.0
103465,284.55|457.4
103466,506.25|523.05
103467,542.2|435.75
103468,449.55|354.6
103469,399.65|439.35
103470,338.2|336.55
103471,355.95|240.65
103472,269.65|593.4
103473,408.8|321.85
103474,443.55|543.25
103475,212.7|517.5
103476,446.5|528.65
103477,472.8|234.55
103478,359.6|347.5
103479,255.7|264.2
103480,557.9|580.5
103481,378.05|596.15
103482,571.35|430.45
103483,458.2|433.15
103484,484.8|340.2
103485,578.15|328.9
103486,363.9|257.6
103487,530.9|359.45
103488,226.25|563.15
103489,283.25|449.25
103490,403.55|444.1
103491,567.4|243.55
103492,547.2|452.2
103493,269.2|472.15
103494,343.85|549.1
103495,420.65|379.25
103496,435.65|322.75
103497,348.9|303.4
103498,310.2|356.85
103499,557.8|483.75
103500,358.0|581.95
103501,482.8|229.0
103502,233.2|580.85
103503,588.0|474.4
103504,593.45|354.9
103505,283.9|487.85
103506,342.15|232.65
103507,409.15|214.25
103508,558.35|238.4
103509,480.5|446.25
103510,571.3|335.2
103511,403.0|581.35
103512,394.95|400.35
103513,217.65|290.9
103514,512.65|384.45
103515,365.0|464.0
103516,555.8|247.35
103517,228.25|513.6
103518,591.85|388.25
103519,249.2|426.6
103520,328.9|326.7
103521,537.75|448.1
103522,549.4|378.4
103523,460.6|448.5
103524,215.0|252.05
103525,407.8|327.95
103526,475.2|461.0
103527,417.15|402.45
103528,567.15|246.35
103529,586.55|382.1
103530,467.6|270.2
103531,264.6|418.1
103532,274.3|586.1
103533,442.05|335.25
103534,392.6|459.25
103535,351.1|351.1
103536,353.05|223.6
103537,458.05|411.8
103538,531.0|542.8
103539,371.5|587.3
103540,551.95|232.0
103541,389.0|558.95
103542,351.4|311.65
103543,374.3|453.5
103544,408.25|488.7
103545,275.65|254.75
103546,251.7|480.8
103547,240.95|426.15
103548,426.4|488.15
103549,494.65|215.4
103550,389.15|399.1
103551,287.25|317.15
103552,238.95|574.55
103553,379.3|479.35
103554,289.4|510.0
103555,379.0|557.8
103556,393.6|458.5
103557,469.6|294.05
103558,389.7|287.6
103559,545.15|227.4
103560,588.45|405.6
103561,347.2|269.9
103562,425.7|263.75
103563,343.05|412.85
103564,336.05|403.8
103565,575.6|288.35
103566,415.7|226.75
103567,319.25|387.5
103568,509.2|551.35
103569,356.7|349.8
103570,431.35|243.4
103571,430.6|295.1
103572,471.5|439.25
103573,348.7|434.85
103574,268.4|428.8
103575,473.6|461.95
103576,249.45|406.85
103577,471.65|316.3
103578,415.8|536.4
103579,222.45|411.35
103580,490.4|274.1
103581,452.65|380.7
103582,448.85|394.45
103583,363.65|451.4
103584,347.45|400.25
103585,378.85|397.2
103586,243.9|306.45
103587,393.5|320.45
103588,526.1|435.25
103589,413.95|476.55
103590,241.55|229.15
103591,297.05|593.4
103592,420.5|322.05
103593,295.0|357.25
103594,593.7|353.6
103595,425.35|574.15
103596,250.5|542.4
103597,367.4|228.6
103598,366.5|502.75
103599,449.35|511.8
103600,448.4|360.2
103601,582.1|290.8
103602,549.65|539.5
103603,396.65|379.85
103604,360.65|537.2
103605,582.25|585.65
103606,480.85|388.5
103607,355.3|515.45
103608,343.8|537.55
103609,576.55|589.75
103610,402.75|503.95
103611,239.35|294.65
103612,264.45|271.05
103613,267.6|416.65
103614,280.6|446.3
103615,393.85|292.05
103616,221.4|325.0
103617,214.15|254.5
103618,501.85|361.25
103619,251.6|232.1
103620,466.5|289.6
103621,579.4|588.4
103622,349.5|309.9
103623,216.2|235.15
103624,237.0|344.45
103625,273.1|549.7
103626,507.7|451.5
103627,554.25|476.6
103628,397.5|235.65
103629,569.7|477.7
103630,430.7|446.85
103631,335.25|312.95
103632,343.1|334.9
103633,584.25|525.15
103634,421.4|352.35
103635,461.75|387.6
103636,526.2|574.4
103637,560.1|298.3
103638,323.1|364.5
103639,546.85|579.7
103640,220.15|308.1
103641,435.75|345.85
103642,275.1|235.05
103643,456.25|230.55
103644,481.8|526.3
103645,349.8|276.15
103646,381.35|555.95
103647,409.95|268.0
103648,239.2|211.05
103649,294.1|428.7
103650,567.8|405.15
103651,403.75|340.85
103652,353.7|437.4
103653,368.0|453.3
103654,502.55|211.6
103655,442.95|241.2
103656,367.6|207.65
103657,269.85|368.55
103658,555.25|461.45
103659,529.65|505.2
103660,580.5|330.1
103661,531.9|262.45
103662,225.9|322.45
103663,228.85|516.15
103664,214.65|308.7
103665,463.55|300.5
103666,575.9|468.1
103667,220.45|511.15
103668,335.0|219.4
103669,428.95|420.55
103670,478.65|507.0
103671,462.2|568.65
103672,226.3|518.2
103673,399.7|506.85
103674,578.05|321.45
103675,280.5|507.7
103676,401.15|254.45
103677,321.05|318.45
103678,374.15|479.65
103679,354.15|501.9
103680,383.15|380.1
103681,396.4|547.75
103682,253.35|297.1
103683,265.65|282.25
103684,428.0|577.45
103685,457.45|516.35
103686,235.15|386.7
103687,282.35|411.55
103688,572.65|317.45
103689,470.4|442.15
103690,242.6|373.05
103691,575.0|549.75
103692,342.15|237.0
103693,578.6|456.55
103694,244.45|273.9
103695,289.55|402.3
103696,451.9|569.25
103697,365.9|363.05
103698,229.75|591.35
103699,348.15|345.9
103700,457.15|246.75
103701,555.0|252.15
103702,344.2|388.2
103703,362.1|279.4
103704,279.25|452.4
103705,497.4|479.0
103706,282.05|532.05
103707,564.2|427.1
103708,462.85|514.1
103709,340.95|272.45
103710,389.5|504.6
103711,407.6|534.6
103712,413.7|283.65
103713,266.9|281.2
103714,269.8|592.65
103715,480.9|539.9
103716,350.1|590.8
103717,208.5|303.25
103718,237.5|404.1
103719,569.95|440.05
103720,473.15|325.3
103721,284.5|254.95
103722,573.75|364.2
103723,404.8|585.3
103724,477.2|558.8
103725,508.65|501.75
103726,384.7|243.0
103727,288.4|374.3
103728,233.0|223.45
103729,215.6|241.55
103730,476.0|487.65
103731,429.15|577.7
103732,467.75|235.05
103733,289.95|533.9
103734,285.75|364.1
103735,242.0|285.5
103736,272.7|217.7
103737,369.6|355.7
103738,244.3|552.85
103739,288.15|428.7
103740,465.95|479.2
103741,266.9|561.8
103742,468.75|218.55
103743,231.85|581.55
103744,340.0|354.4
103745,527.7|346.6
103746,526.25|499.4
103747,459.9|529.4
103748,246.05|487.0
103749,447.6|272.65
103750,273.8|226.0
103751,365.6|244.2
103752,302.55|328.45
103753,276.1|583.2
103754,235.8|380.85
103755,443.3|543.65
103756,527.35|414.75
103757,396.8|442.65
103758,448.05|490.8
103759,584.05|427.1
103760,589.0|491.9
103761,589.7|574.9
103762,429.55|357.1
103763,425.7|511.65
103764,435.05|238.7
103765,584.65|523.65
103766,587.05|296.95
103767,264.1|320.25
103768,233.25|572.45
103769,464.35|248.05
103770,422.1|215.75
103771,419.6|587.6
103772,302.95|548.3
103773,280.85|584.5
103774,581.5|479.35
103775,417.35|585.85
103776,341.55|330.9
103777,570.35|294.6
103778,276.05|582.85
103779,558.3|266.95
103780,526.5|535.5
103781,428.45|300.6
103782,535.25|321.4
103783,357.8|281.9
103784,289.5|404.5
103785,449.2|243.05
103786,481.15|238.55
103787,541.8|347.35
103788,365.25|560.6
103789,383.7|404.0
103790,226.9|219.4
103791,591.1|297.8
103792,393.25|560.9
103793,348.5|419.45
103794,453.35|553.25
103795,575.4|575.7
103796,306.9|528.55
103797,247.45|272.8
103798,470.85|277.05
103799,461.05|437.2
103800,240.7|240.45
103801,548.95|376.65
103802,257.1|592.2
103803,510.4|491.35
103804,273.6|366.8
103805,411.7|364.75
103806,581.1|252.8
103807,593.1|213.35
103808,523.65|353.25
103809,528.35|526.0
103810,467.55|302.7
103811,351.35|240.2
103812,235.0|518.3
103813,422.2|269.4
103814,536.1|566.35
103815,353.75|217.15
103816,229.9|224.5
103817,353.5|446.15
103818,430.55|464.05
103819,575.7|381.35
103820,449.85|445.75
103821,472.8|291.6
103822,244.5|553.35
103823,503.1|461.4
103824,562.05|226.8
103825,355.75|281.1
103826,266.75|278.2
103827,249.65|486.3
103828,219.3|475.75
103829,591.85|577.25
103830,455.1|372.25
103831,448.1|356.5
103832,561.9|228.4
103833,206.25|295.25
103834,581.6|429.3
103835,531.35|268.75
103836,248.1|483.8
103837,219.6|229.3
103838,532.4|334.05
103839,399.45|372.25
103840,574.0|281.95
103841,459.25|388.6
103842,444.15|246.45
103843,244.85|390.95
103844,453.35|398.45
103845,290.45|498.55
103846,410.8|580.3
103847,355.35|449.95
103848,561.0|232.1
103849,451.15|352.55
103850,207.2|388.65
103851,223.6|466.05
103852,208.6|329.6
103853,341.5|535.5
103854,222.05|345.75
103855,491.65|501.45
103856,252.2|363.45
103857,397.5|560.55
103858,551.1|281.75
103859,267.55|372.85
103860,267.9|261.9
103861,417.5|244.8
103862,264.0|514.0
103863,282.85|560.7
103864,530.8|432.6
103865,272.95|311.35
103866,582.9|337.1
103867,357.5|561.1
103868,384.4|469.95
103869,555.4|370.15
103870,300.45|441.6
103871,458.9|273.9
103872,557.9|585.55
103873,535.3|373.7
103874,413.5|304.9
103875,266.2|546.75
103876,395.3|545.4
103877,226.95|511.2
103878,582.3|521.75
103879,550.7|303.9
103880,453.0|557.9
103881,383.45|213.35
103882,432.7|384.95
103883,404.5|403.1
103884,407.0|294.6
103885,478.1|273.05
103886,422.25|332.05
103887,484.9|486.8
103888,549.65|584.25
103889,272.7|236.45
103890,252.3|260.5
103891,556.55|488.85
103892,211.2|489.1
103893,578.8|379.45
103894,348.9|328.95
103895,552.75|306.25
103896,524.8|317.3
103897,244.45|490.45
103898,374.5|353.1
103899,575.15|530.85
103900,420.9|469.2
103901,418.0|341.75
103902,526.35|430.2
103903,547.15|502.25
103904,427.45|505.4
103905,209.75|235.3
103906,556.45|331.45
103907,543.2|527.95
103908,580.65|225.1
103909,590.95|264.9
103910,409.7|501.4
103911,428.25|329.2
103912,510.6|333.0
103913,363.6|212.5
103914,474.95|356.65
103915,456.25|586.2
103916,546.25|417.2
103917,406.9|458.5
103918,467.05|218.4
103919,527.0|530.7
103920,368.5|446.5
103921,440.25|364.25
103922,386.5|214.0
103923,224.0|250.05
103924,348.9|532.6
103925,348.85|317.7
103926,537.15|382.95
103927,247.65|423.35
103928,535.85|278.2
103929,470.25|452.15
103930,307.05|362.7
103931,407.4|478.5
103932,386.35|369.9
103933,513.0|480.35
103934,521.5|541.8
103935,245.2|502.4
103936,346.55|321.15
103937,467.5|550.45
103938,476.15|475.55
103939,299.4|385.8
103940,355.45|472.65
103941,340.45|332.4
103942,422.4|243.55
103943,450.85|436.15
103944,378.9|321.35
103945,486.4|508.8
103946,440.65|235.75
103947,450.6|394.75
103948,427.65|431.3
103949,520.85|502.0
103950,214.3|260.75
103951,208.85|255.6
103952,568.05|579.65
103953,590.65|582.6
103954,259.35|289.85
103955,208.9|464.35
103956,442.95|448.85
103957,590.75|418.3
103958,373.1|584.9
103959,286.15|401.55
103960,271.0|491.25
103961,467.85|394.95
103962,235.9|455.05
103963,535.6|545.15
103964,529.95|322.25
103965,223.55|470.15
103966,268.95|582.7
103967,546.0|248.15
103968,572.1|422.55
103969,552.1|466.2
103970,357.6|594.2
103971,580.45|309.7
103972,368.9|215.8
103973,249.65|568.05
103974,377.35|561.2
103975,532.25|549.55
103976,221.25|295.45
103977,239.4|246.75
103978,570.95|241.8
103979,467.15|479.9
103980,216.55|352.15
103981,373.35|453.55
103982,241.65|370.05
103983,271.6|406.65
103984,382.5|562.75
103985,520.55|432.5
103986,282.25|534.7
103987,431.3|336.3
103988,433.4|418.2
103989,285.05|564.2
103990,226.15|245.65
103991,322.35|407.15
103992,427.7|343.8
103993,393.15|477.15
103994,353.5|439.75
103995,206.75|544.85
103996,403.25|589.1
103997,273.2|434.05
103998,257.05|510.6
103999,390.8|503.05
104000,232.5|489.1
104001,348.25|259.25
104002,457.9|402.3
104003,446.05|320.55
104004,360.1|207.75
104005,561.25|297.85
104006,283.85|512.95
104007,348.7|552.45
104008,272.15|234.0
104009,258.45|485.95
104010,396.45|349.95
104011,285.95|433.45
104012,288.5|377.45
104013,362.25|274.3
104014,554.85|504.0
104015,269.95|306.05
104016,215.45|361.55
104017,230.95|455.15
104018,551.45|520.05
104019,584.5|309.9
104020,352.95|459.2
104021,272.95|567.55
104022,568.1|552.95
104023,407.9|549.0
104024,259.2|405.85
104025,288.4|543.55
104026,299.55|414.45
104027,240.5|471.75
104028,548.0|299.35
104029,382.35|444.85
104030,289.1|454.2
104031,249.2|259.8
104032,440.45|232.55
104033,223.8|421.45
104034,240.85|333.55
104035,488.65|338.65
104036,275.4|492.65
104037,372.95|319.05
104038,469.9|566.15
104039,287.85|577.1
104040,283.7|411.3
104041,578.55|267.35
104042,584.0|340.65
104043,385.2|393.75
104044,222.4|585.55
104045,237.35|569.05
104046,466.15|446.65
104047,426.8|423.65
104048,291.95|430.35
104049,278.25|583.95
104050,214.4|399.75
104051,236.2|400.55
104052,441.2|534.15
104053,475.15|494.55
104054,335.4|405.35
104055,419.4|366.6
104056,401.35|250.3
104057,215.95|280.75
104058,210.05|518.4
104059,211.15|232.15
104060,481.0|438.2
104061,406.15|591.0
104062,247.7|249.05
104063,296.65|594.75
104064,379.55|471.65
104065,212.4|279.85
104066,229.8|481.25
104067,452.1|586.25
104068,566.15|467.3
104069,238.1|293.5
104070,381.65|447.4
104071,424.8|469.15
104072,211.75|361.9
104073,537.7|347.3
104074,356.35|297.55
104075,543.25|591.35
104076,288.35|542.95
104077,522.15|434.5
104078,588.3|565.2
104079,533.6|466.4
104080,523.25|513.45
104081,296.0|370.7
104082,583.05|415.6
104083,218.2|409.45
104084,371.35|409.3
104085,448.0|393.75
104086,474.9|281.2
104087,346.75|347.2
104088,262.15|428.6
104089,527.0|431.65
104090,387.7|444.8
104091,404.45|212.0
104092,574.95|294.3
104093,565.15|216.05
104094,363.15|453.55
104095,550.25|517.35
104096,381.2|362.8
104097,459.8|458.15
104098,348.5|373.85
104099,381.85|277.0
104100,469.7|459.1
104101,361.55|571.45
104102,211.05|339.4
104103,582.0|279.05
104104,379.3|565.3
104105,489.3|259.0
104106,282.85|437.25
104107,456.35|576.95
104108,218.5|237.8
104109,251.95|339.05
104110,536.35|444.25
104111,288.2|568.85
104112,518.15|498.65
104113,212.05|388.95
104114,362.8|586.25
104115,466.65|251.0
104116,357.2|588.85
104117,210.7|341.75
104118,295.5|504.6
104119,244.4|233.3
104120,318.6|537.05
104121,226.05|486.15
104122,237.85|551.05
104123,208.6|547.75
104124,285.25|468.6
104125,316.15|365.45
104126,286.3|375.2
104127,475.3|349.3
104128,265.45|557.9
104129,348.25|563.05
104130,236.9|244.4
104131,309.3|347.35
104132,515.8|454.15
104133,574.35|470.4
104134,526.5|357.6
104135,246.2|422.9
104136,583.65|443.95
104137,267.55|375.8
104138,405.05|231.3
104139,460.55|466.7
104140,294.9|394.0
104141,224.3|257.35
104142,275.25|377.3
104143,365.2|524.25
104144,391.05|575.75
104145,486.45|511.65
104146,555.4|311.45
104147,386.2|323.95
104148,318.65|547.3
104149,537.2|398.05
104150,298.5|499.4
104151,354.0|216.9
104152,226.85|418.85
104153,529.3|535.35
104154,563.8|403.5
104155,338.15|216.25
104156,430.25|578.05
104157,418.8|358.7
104158,274.5|455.55
104159,465.1|549.85
104160,534.05|297.35
104161,455.9|263.95
104162,216.0|236.35
104163,557.5|315.9
104164,264.1|287.9
104165,287.75|314.1
104166,388.15|237.9
104167,454.55|586.2
104168,388.2|404.45
104169,567.9|469.6
104170,475.15|277.75
104171,451.6|466.9
104172,298.85|438.8
104173,503.25|476.55
104174,439.7|583.35
104175,233.45|505.3
104176,405.15|330.9
104177,252.9|333.6
104178,412.3|288.1
104179,580.05|316.3
104180,466.95|544.5
104181,269.6|282.9
104182,207.0|304.05
104183,418.15|359.95
104184,412.5|578.0
104185,579.05|447.9
104186,332.25|571.45
104187,211.2|356.15
104188,283.4|539.65
104189,578.75|218.9
104190,295.1|247.2
104191,431.4|567.3
104192,258.95|542.75
104193,217.85|361.25
104194,380.75|348.9
104195,591.2|233.05
104196,440.9|401.0
104197,360.25|213.05
104198,313.95|302.7
104199,343.15|380.85
104200,562.35|526.3
104201,573.4|367.55
104202,377.7|257.25
104203,455.15|225.35
104204,381.8|328.9
104205,279.8|411.0
104206,316.7|403.85
104207,549.05|264.85
104208,488.3|514.1
104209,281.5|453.2
104210,414.6|546.3
104211,570.95|591.3
104212,580.65|251.4
104213,426.05|298.2
104214,403.3|342.65
104215,225.35|234.85
104216,235.25|535.65
104217,222.8|502.9
104218,458.0|415.9
104219,236.0|368.45
104220,461.9|259.05
104221,316.65|405.9
104222,350.85|279.55
104223,579.15|255.5
104224,536.2|502.85
104225,226.25|591.2
104226,460.45|391.65
104227,481.0|235.25
104228,438.2|372.7
104229,401.4|308.25
104230,443.9|538.4
104231,344.55|422.45
104232,460.9|344.55
104233,547.05|591.15
104234,356.0|519.0
104235,428.6|226.1
104236,365.2|215.55
104237,217.05|220.4
104238,231.65|342.7
104239,377.2|525.35
104240,323.7|326.45
104241,345.8|331.0
104242,558.55|502.8
104243,250.6|255.0
104244,533.8|502.6
104245,240.5|339.1
104246,382.4|587.05
104247,504.95|571.75
104248,442.6|351.15
104249,580.9|208.7
104250,479.65|343.95
104251,397.7|538.3
104252,244.0|477.6
104253,308.75|276.15
104254,538.2|517.65
104255,399.35|582.9
104256,375.95|391.85
104257,338.1|400.6
104258,271.2|594.25
104259,263.55|574.35
104260,552.15|528.55
104261,430.95|381.95
104262,592.1|216.3
104263,549.4|564.8
104264,538.3|583.7
104265,226.6|495.15
104266,461.1|330.65
104267,563.9|466.55
104268,442.0|236.25
104269,538.4|573.6
104270,530.25|574.6
104271,556.85|463.0
104272,408.95|284.95
104273,237.95|410.2
104274,376.3|592.35
104275,348.15|303.3
104276,555.1|573.5
104277,378.45|478.0
104278,334.9|272.85
104279,437.75|574.1
104280,395.75|503.55
104281,232.1|563.0
104282,285.4|446.8
104283,272.15|220.2
104284,546.05|275.55
104285,401.0|346.3
104286,254.4|479.05
104287,514.5|445.2
104288,367.1|493.2
104289,377.05|556.6
104290,266.6|554.15
104291,541.15|530.65
104292,534.65|533.9
104293,452.75|424.1
104294,466.15|296.65
104295,239.2|573.9
104296,464.6|329.35
104297,404.55|378.6
104298,337.3|341.7
104299,453.35|489.4
104300,449.95|348.7
104301,586.2|340.75
104302,394.95|327.5
104303,417.65|549.3
104304,415.6|291.15
104305,275.7|537.85
104306,580.75|413.45
104307,276.55|271.35
104308,419.95|547.65
104309,417.15|371.9
104310,452.6|226.4
104311,577.6|537.35
104312,280.05|347.4
104313,593.35|273.95
104314,373.15|494.4
104315,288.55|369.25
104316,398.3|503.2
104317,282.45|553.95
104318,540.85|533.5
104319,439.85|513.65
104320,230.55|476.5
104321,282.75|591.4
104322,213.4|235.65
104323,465.2|439.65
104324,548.2|516.8
104325,279.55|431.35
104326,556.6|299.15
104327,263.35|222.4
104328,250.3|316.5
104329,536.35|572.7
104330,278.75|440.75
104331,476.75|347.6
104332,558.55|543.5
104333,268.6|579.1
104334,357.2|284.95
104335,210.85|249.35
104336,571.5|293.5
104337,526.3|347.25
104338,436.1|539.95
104339,292.9|382.45
104340,358.25|461.8
104341,445.7|367.0
104342,211.65|587.1
104343,244.4|495.15
104344,593.9|350.7
104345,591.95|569.45
104346,330.4|479.45
104347,577.6|383.05
104348,370.95|488.35
104349,225.35|235.3
104350,410.05|489.8
104351,453.1|378.95
104352,581.65|274.65
104353,399.05|364.2
104354,572.45|458.45
104355,488.5|481.85
104356,583.05|355.8
104357,478.45|539.75
104358,407.9|516.3
104359,215.5|526.2
104360,440.35|401.85
104361,542.4|511.1
104362,377.05|222.0
104363,411.45|254.05
104364,451.3|547.45
104365,571.85|215.75
104366,452.7|593.1
104367,256.8|388.0
104368,384.45|377.55
104369,524.05|572.4
104370,573.35|267.9
104371,474.2|557.05
104372,439.85|586.05
104373,411.2|282.6
104374,306.2|380.85
104375,514.0|321.6
104376,372.65|558.65
104377,568.4|330.95
104378,436.05|386.45
104379,575.5|592.2
104380,571.9|505.45
104381,589.1|577.65
104382,233.8|541.2
104383,427.6|261.1
104384,450.55|500.95
104385,234.4|522.45
104386,272.4|449.75
104387,561.55|296.75
104388,451.7|509.95
104389,348.6|212.9
104390,591.5|306.45
104391,556.35|444.7
104392,429.8|319.4
104393,400.05|473.9
104394,323.25|368.4
104395,465.1|542.95
104396,285.45|445.05
104397,259.15|289.6
104398,544.0|220.75
104399,469.4|539.8
104400,413.05|467.1
104401,399.3|500.6
104402,358.8|374.0
104403,594.0|441.9
104404,207.8|585.5
104405,436.6|350.05
104406,591.85|391.9
104407,468.7|517.35
104408,591.2|577.65
104409,336.15|220.05
104410,541.8|345.4
104411,221.3|307.85
104412,566.05|501.9
104413,382.7|356.8
104414,229.9|409.6
104415,279.45|226.3
104416,273.4|234.2
104417,438.3|313.75
104418,535.2|334.6
104419,440.95|560.45
104420,403.8|496.65
104421,594.2|401.7
104422,495.55|395.5
104423,540.65|339.4
104424,566.9|368.5
104425,230.65|413.6
104426,215.9|374.1
104427,294.9|336.5
104428,377.6|360.95
104429,345.6|584.1
104430,280.25|449.2
104431,573.1|539.95
104432,456.6|226.05
104433,392.4|483.7
104434,286.0|477.4
104435,520.35|445.1
104436,399.3|426.3
104437,484.7|476.65
104438,450.1|414.85
104439,293.8|342.1
104440,464.3|250.35
104441,545.65|539.85
104442,212.35|589.6
104443,472.55|331.5
104444,262.2|576.4
104445,429.3|404.9
104446,257.15|255.8
104447,515.25|522.0
104448,589.05|489.7
104449,550.85|392.45
104450,390.75|563.1
104451,335.1|578.55
104452,262.05|215.5
104453,534.8|472.65
104454,269.3|293.1
104455,542.2|585.6
104456,309.7|472.3
104457,470.0|459.8
104458,209.25|481.6
104459,286.25|513.5
104460,402.65|316.85
104461,342.1|550.5
104462,578.55|364.95
104463,227.3|354.55
104464,354.85|390.2
104465,242.05|501.6
104466,237.8|283.85
104467,270.4|401.15
104468,405.3|212.3
104469,499.6|218.9
104470,420.95|487.3
104471,453.65|415.75
104472,573.0|282.5
104473,515.4|458.85
104474,425.0|216.9
104475,460.75|409.05
104476,488.0|236.15
104477,416.55|478.65
104478,246.3|218.5
104479,309.15|433.55
104480,366.65|381.1
104481,378.85|228.85
104482,386.5|217.3
104483,341.85|243.75
104484,398.8|301.15
104485,244.35|440.85
104486,296.8|408.2
104487,555.25|542.9
104488,205.8|587.35
104489,335.6|372.25
104490,575.3|309.5
104491,408.4|577.45
104492,264.6|274.0
104493,557.65|272.95
104494,215.7|320.15
104495,527.55|523.95
104496,388.7|548.0
104497,352.6|279.95
104498,399.65|465.5
104499,592.65|400.75
104500,217.45|583.85
104501,287.7|358.05
104502,286.35|588.95
104503,463.1|294.85
104504,566.6|409.5
104505,354.95|335.35
104506,256.95|534.6
104507,583.5|441.25
104508,407.7|593.1
104509,256.6|560.3
104510,273.15|292.55
104511,346.15|237.05
104512,267.75|277.85
104513,402.15|498.35
104514,543.85|440.7
104515,333.1|390.4
104516,253.6|317.85
104517,307.2|403.05
104518,525.65|540.55
104519,593.45|371.9
104520,230.55|284.35
104521,481.5|368.2
104522,556.05|442.6
104523,282.45|318.85
104524,573.6|220.15
104525,370.4|290.4
104526,353.55|505.45
104527,473.4|384.2
104528,358.65|431.45
104529,522.3|537.25
104530,320.05|314.55
104531,223.8|269.4
104532,384.25|229.6
104533,267.05|209.2
104534,256.1|566.55
104535,421.6|239.7
104536,450.2|445.95
104537,232.2|326.1
104538,262.0|254.85
104539,382.75|387.5
104540,497.65|466.75
104541,576.4|304.35
104542,458.25|529.2
104543,229.7|533.75
104544,545.6|549.1
104545,419.35|326.25
104546,534.5|430.95
104547,587.9|408.05
104548,588.85|269.3
104549,556.8|463.45
104550,527.5|412.35
104551,254.0|289.0
104552,294.4|369.85
104553,391.35|383.5
104554,228.15|291.75
104555,209.65|489.25
104556,255.15|358.95
104557,386.75|416.35
104558,240.25|349.3
104559,407.15|306.2
104560,584.45|428.05
104561,398.45|404.2
104562,384.3|490.1
104563,490.4|347.15
104564,493.55|213.1
104565,215.2|580.5
104566,462.1|528.6
104567,540.0|424.4
104568,429.05|454.5
104569,374.5|224.9
104570,294.55|358.95
104571,428.55|450.15
104572,222.3|422.4
104573,338.3|423.85
104574,525.2|350.5
104575,426.65|422.85
104576,213.75|405.85
104577,280.95|341.75
104578,459.3|504.55
104579,339.65|340.2
104580,590.85|500.95
104581,405.5|518.4
104582,388.6|309.15
104583,224.4|377.55
104584,217.85|587.05
104585,257.45|558.45
104586,409.55|271.1
104587,534.55|453.6
104588,386.3|500.4
104589,409.9|315.1
104590,264.6|583.9
104591,436.25|514.3
104592,245.6|247.1
104593,546.6|539.4
104594,381.75|465.1
104595,526.25|425.85
104596,400.9|352.2
104597,489.55|449.6
104598,319.95|567.55
104599,273.6|276.7
104600,238.85|250.1
104601,538.25|333.6
104602,400.6|332.7
104603,396.95|357.55
104604,467.45|216.4
104605,431.7|523.75
104606,555.1|515.1
104607,467.75|267.1
104608,531.8|556.7
104609,276.1|243.5
104610,221.1|498.05
104611,439.85|579.55
104612,412.7|338.15
104613,455.6|443.75
104614,238.25|480.05
104615,585.15|578.3
104616,426.6|553.5
104617,230.55|436.05
104618,265.6|581.95
104619,441.55|460.55
104620,500.8|303.9
104621,430.9|342.6
104622,587.4|365.45
104623,259.55|506.5
104624,260.15|321.25
104625,275.2|577.65
104626,446.9|543.5
104627,308.25|422.35
104628,418.85|570.6
104629,539.55|246.65
104630,319.3|287.3
104631,279.35|377.45
104632,252.2|581.85
104633,244.65|411.6
104634,561.3|438.9
104635,254.9|372.75
104636,550.95|278.0
104637,247.5|565.55
104638,375.0|557.7
104639,468.4|256.6
104640,243.25|325.7
104641,585.55|374.8
104642,399.0|524.95
104643,341.85|425.8
104644,249.75|549.1
104645,214.25|587.25
104646,411.6|565.3
104647,242.75|301.65
104648,451.85|398.35
104649,464.9|466.6
104650,306.15|311.95
104651,380.45|401.0
104652,407.05|303.3
104653,231.3|508.1
104654,245.3|419.2
104655,572.25|244.95
104656,209.2|581.0
104657,346.0|217.85
104658,443.25|583.2
104659,394.2|250.7
104660,531.0|318.0
104661,526.2|297.05
104662,248.3|503.4
104663,373.9|372.35
104664,432.6|266.0
104665,410.5|333.4
104666,469.7|362.95
104667,286.6|363.6
104668,230.7|464.95
104669,246.75|428.2
104670,226.2|520.3
104671,490.05|461.45
104672,212.3|567.5
104673,385.05|398.0
104674,293.7|459.5
104675,213.55|466.7
104676,280.35|345.2
104677,460.35|398.0
104678,544.1|307.25
104679,227.8|349.15
104680,243.2|268.9
104681,565.0|439.0
104682,289.3|263.4
104683,423.9|470.45
104684,272.95|315.85
104685,495.05|486.55
104686,533.85|565.7
104687,242.7|298.15
104688,520.05|329.25
104689,556.4|229.75
104690,260.0|286.65
104691,352.2|356.55
104692,529.75|496.95
104693,271.05|275.05
104694,258.55|572.15
104695,351.0|431.05
104696,480.95|479.75
104697,216.95|586.95
104698,433.25|591.65
104699,401.5|445.8
104700,385.9|325.05
104701,513.8|493.05
104702,554.05|510.45
104703,449.1|506.05
104704,441.75|590.6
104705,549.7|226.95
104706,209.0|586.55
104707,457.85|470.05
104708,382.4|290.3
104709,437.95|225.15
104710,379.75|353.3
104711,396.45|322.65
104712,363.2|520.15
104713,390.3|574.4
104714,250.8|538.45
104715,318.1|520.0
104716,419.9|271.3
104717,374.45|292.05
104718,206.2|530.8
104719,536.45|535.8
104720,588.85|397.0
104721,518.45|445.4
104722,541.5|469.5
104723,484.5|374.5
104724,585.8|220.95
104725,575.2|433.1
104726,364.2|480.0
104727,511.2|514.7
104728,448.65|592.95
104729,361.2|562.9
104730,354.55|285.75
104731,463.5|340.6
104732,552.4|478.75
104733,261.25|488.45
104734,580.3|557.55
104735,257.1|572.7
104736,575.7|329.1
104737,377.45|581.4
104738,291.5|539.25
104739,363.4|291.45
104740,397.7|348.75
104741,394.6|277.0
104742,281.2|486.75
104743,533.85|581.35
104744,502.55|450.05
104745,435.45|324.5
104746,457.45|307.6
104747,558.9|231.3
104748,426.55|490.15
104749,591.8|216.85
104750,535.95|477.3
104751,366.95|255.25
104752,464.35|468.15
104753,432.25|586.5
104754,568.95|311.95
104755,319.8|393.15
104756,364.55|340.9
104757,429.4|309.55
104758,341.4|270.7
104759,388.85|527.5
104760,575.85|511.5
104761,224.2|581.6
104762,386.05|588.4
104763,472.8|246.35
104764,560.55|283.0
104765,387.55|349.55
104766,465.5|438.5
104767,471.55|414.1
104768,226.75|517.45
104769,318.45|401.15
104770,403.45|397.55
104771,524.7|463.15
104772,239.4|317.2
104773,336.4|311.3
104774,281.6|490.15
104775,547.7|235.45
104776,551.7|276.75
104777,392.35|565.95
104778,205.3|513.75
104779,210.25|375.9
104780,277.1|358.85
104781,471.85|279.55
104782,224.0|474.4
104783,377.35|371.75
104784,305.2|576.0
104785,273.0|225.5
104786,217.5|269.25
104787,240.45|343.3
104788,223.9|497.25
104789,365.0|500.2
104790,579.85|399.05
104791,477.75|343.05
104792,352.75|555.55
104793,290.85|374.5
104794,564.55|485.9
104795,385.9|456.45
104796,310.6|422.4
104797,586.0|550.2
104798,204.45|457.0
104799,355.95|285.4
104800,249.55|425.7
104801,342.05|559.2
104802,434.95|435.2
104803,387.45|227.9
104804,446.1|586.55
104805,339.95|397.2
104806,461.3|341.6
104807,369.85|432.25
104808,285.65|356.8
104809,458.1|274.9
104810,463.65|548.75
104811,409.95|550.3
104812,420.3|590.9
104813,264.45|558.8
104814,269.25|229.1
104815,569.8|370.0
104816,401.15|378.3
104817,560.65|408.1
104818,356.4|279.5
104819,451.85|558.15
104820,208.5|454.6
104821,350.1|385.35
104822,370.4|349.75
104823,529.5|529.7
104824,342.4|486.2
104825,478.2|348.15
104826,387.0|397.85
104827,470.1|225.7
104828,428.85|215.7
104829,580.55|282.3
104830,210.2|296.2
104831,444.55|338.1
104832,227.2|459.5
104833,365.8|379.75
104834,383.6|231.0
104835,539.15|552.4
104836,585.4|407.2
104837,466.6|545.55
104838,260.8|409.75
104839,412.3|403.9
104840,347.7|224.15
104841,367.3|242.4
104842,593.3|570.6
104843,288.3|541.65
104844,215.7|487.15
104845,228.9|495.25
104846,230.5|303.6
104847,252.2|208.2
104848,284.85|582.7
104849,351.6|209.25
104850,218.35|398.15
104851,416.6|314.55
104852,238.2|564.8
104853,456.85|582.3
104854,325.95|458.15
104855,252.8|521.1
104856,274.9|242.2
104857,286.2|445.15
104858,574.25|539.0
104859,464.05|446.55
104860,570.65|313.05
104861,267.55|552.2
104862,288.1|343.0
104863,290.65|574.4
104864,422.95|241.8
104865,552.5|433.6
104866,263.05|249.25
104867,556.7|228.35
104868,528.35|500.0
104869,274.1|550.0
104870,468.45|465.2
104871,402.5|593.8
104872,205.75|457.5
104873,572.0|394.8
104874,592.6|385.15
104875,544.2|585.75
104876,287.8|394.1
104877,563.9|262.2
104878,271.6|481.9
104879,546.2|334.35
104880,430.75|250.85
104881,308.65|317.65
104882,589.55|409.8
104883,552.6|578.25
104884,268.8|221.55
104885,381.85|233.4
104886,418.55|237.25
104887,369.45|364.6
104888,410.3|538.3
104889,394.25|499.4
104890,543.25|449.75
104891,523.8|440.65
104892,545.8|365.9
104893,570.45|483.0
104894,276.7|439.3
104895,402.75|293.75
104896,440.6|325.65
104897,340.95|532.8
104898,348.5|537.5
104899,277.35|544.75
104900,565.4|246.05
104901,235.1|586.15
104902,409.35|539.35
104903,524.4|512.2
104904,584.65|216.45
104905,346.2|241.15
104906,564.9|469.55
104907,425.4|496.7
104908,461.5|547.95
104909,539.1|459.85
104910,370.0|423.7
104911,432.05|266.85
104912,436.15|443.75
104913,258.85|273.75
104914,214.4|472.95
104915,319.35|228.35
104916,242.75|270.6
104917,390.5|569.25
104918,328.15|240.9
104919,452.45|569.65
104920,226.05|227.65
104921,241.8|246.65
104922,257.2|302.7
104923,380.7|573.15
104924,581.1|497.1
104925,375.05|311.55
104926,374.15|512.7
104927,387.85|583.1
104928,398.85|263.9
104929,516.35|275.45
104930,353.55|564.3
104931,383.8|484.45
104932,372.25|593.95
104933,368.35|313.7
104934,211.9|244.8
104935,462.5|508.05
104936,580.25|353.4
104937,378.95|315.2
104938,563.6|243.8
104939,424.6|386.0
104940,363.0|237.8
104941,534.7|491.75
104942,518.05|380.45
104943,385.15|348.5
104944,341.8|586.65
104945,262.85|234.4
104946,289.75|468.55
104947,208.8|336.1
104948,228.3|586.85
104949,379.6|501.05
104950,400.5|374.15
104951,555.55|497.7
104952,217.5|490.25
104953,295.4|413.5
104954,207.05|580.8
104955,398.5|277.65
104956,461.6|220.0
104957,404.05|353.7
104958,433.6|582.75
104959,524.0|511.05
104960,410.8|495.9
104961,268.35|587.2
104962,462.05|392.6
104963,351.5|332.85
104964,391.15|280.2
104965,492.0|450.4
104966,472.45|227.7
104967,489.6|474.2
104968,379.5|466.4
104969,339.55|415.3
104970,545.85|424.6
104971,443.25|440.95
104972,470.55|511.7
104973,546.05|211.85
104974,283.0|455.8
104975,357.7|278.0
104976,576.3|459.45
104977,366.25|495.95
104978,232.35|518.25
104979,246.0|207.0
104980,523.1|441.75
104981,392.55|349.4
104982,311.5|414.95
104983,363.4|222.55
104984,206.55|510.25
104985,344.55|347.45
104986,213.9|503.0
104987,212.1|566.3
104988,532.45|495.5
104989,308.35|468.0
104990,278.15|390.9
104991,267.65|311.7
104992,278.25|273.6
104993,280.3|373.0
104994,551.5|311.5
104995,392.8|585.35
104996,408.5|302.15
104997,473.1|268.0
104998,353.6|213.7
104999,347.55|434.05
105000,338.55|551.9
105001,350.75|271.0
105002,302.65|518.7
105003,377.35|354.5
105004,452.25|343.75
105005,233.95|481.1
105006,216.35|301.25
105007,237.1|254.4
105008,343.75|417.35
105009,543.15|587.4
105010,339.65|565.45
105011,452.35|444.5
105012,428.1|439.15
105013,406.85|309.0
105014,229.55|568.3
105015,251.95|502.9
105016,263.35|320.3
105017,382.55|387.7
105018,471.6|450.55
105019,551.4|225.3
105020,557.85|306.9
105021,368.05|220.85
105022,421.2|589.3
105023,434.45|244.95
105024,358.95|437.05
105025,469.9|323.45
105026,452.5|393.95
105027,560.0|536.65
105028,547.95|273.95
105029,592.65|388.7
105030,469.3|274.5
105031,214.9|319.4
105032,542.8|505.05
105033,269.65|482.95
105034,263.4|330.8
105035,388.35|454.0
105036,355.2|333.4
105037,265.3|232.25
105038,325.2|322.65
105039,369.75|243.5
105040,284.05|488.7
105041,584.05|235.85
105042,389.85|328.05
105043,425.05|381.8
105044,587.8|509.35
105045,371.8|384.4
105046,342.85|579.25
105047,547.45|230.35
105048,592.75|275.6
105049,289.4|532.35
105050,512.1|354.2
105051,521.7|355.6
105052,577.55|562.4
105053,392.8|287.2
105054,238.7|477.6
105055,377.65|221.45
105056,471.05|487.6
105057,350.95|239.75
105058,337.95|439.0
105059,530.7|547.5
105060,372.6|207.3
105061,303.2|338.3
105062,524.95|328.5
105063,420.65|293.95
105064,546.7|278.4
105065,347.9|323.45
105066,442.25|588.05
105067,563.6|442.35
105068,289.25|481.5
105069,362.25|208.25
105070,255.35|205.85
105071,215.35|517.85
105072,414.75|451.8
105073,444.1|541.8
105074,571.2|514.5
105075,287.8|374.05
105076,476.7|430.7
105077,218.75|551.1
105078,356.4|238.45
105079,386.8|355.8
105080,407.7|536.5
105081,529.6|266.3
105082,242.85|332.85
105083,207.45|535.5
105084,388.95|273.65
105085,436.15|328.8
105086,216.6|406.05
105087,408.75|220.25
105088,237.9|568.65
105089,243.15|394.8
105090,518.6|563.3
105091,379.0|474.1
105092,231.6|214.45
105093,273.05|564.8
105094,336.2|338.85
105095,424.15|298.1
105096,239.25|232.05
105097,588.5|258.35
105098,276.65|415.85
105099,339.5|592.35
105100,232.15|595.15
105101,558.4|556.1
105102,456.9|456.65
105103,412.05|449.1
105104,388.75|327.25
105105,437.05|431.35
105106,262.5|364.2
105107,562.7|456.65
105108,547.75|588.3
105109,392.7|355.1
105110,434.3|431.2
105111,572.7|227.65
105112,478.85|505.15
105113,237.65|414.95
105114,467.25|314.3
105115,581.85|400.35
105116,332.3|311.65
105117,524.85|544.35
105118,257.1|227.2
105119,452.4|529.5
105120,441.4|564.05
105121,576.75|397.2
105122,540.7|540.7
105123,515.1|481.65
105124,586.75|380.0
105125,334.1|417.7
105126,367.7|572.9
105127,553.25|493.3
105128,260.8|284.55
105129,338.4|526.65
105130,284.35|307.2
105131,570.35|314.6
105132,391.85|446.25
105133,255.25|404.1
105134,591.0|593.05
105135,265.75|245.15
105136,263.9|554.55
105137,259.1|319.65
105138,373.35|291.3
105139,359.85|584.65
105140,390.2|274.35
105141,453.5|504.35
105142,383.65|354.9
105143,563.95|350.95
105144,216.55|491.3
105145,422.6|583.85
105146,539.95|279.65
105147,299.65|264.95
105148,359.1|288.2
105149,355.7|371.15
105150,459.8|239.1
105151,217.7|270.2
105152,347.3|209.35
105153,402.9|338.45
105154,273.25|244.4
105155,255.9|371.85
105156,492.45|356.45
105157,393.05|578.0
105158,469.45|293.8
105159,214.45|490.8
105160,279.6|375.35
105161,468.35|226.25
105162,257.4|243.9
105163,242.55|575.45
105164,271.65|273.85
105165,259.0|365.95
105166,234.1|490.85
105167,271.1|249.0
105168,439.75|389.25
105169,424.1|213.15
105170,350.25|403.0
105171,573.6|412.0
105172,582.8|488.65
105173,433.35|463.95
105174,526.3|356.15
105175,521.7|510.0
105176,503.2|286.55
105177,211.3|340.05
105178,275.2|366.1
105179,345.15|528.1
105180,363.6|271.6
105181,426.6|562.75
105182,521.35|479.3
105183,540.8|323.2
105184,408.8|358.75
105185,406.7|358.0
105186,219.35|309.75
105187,371.1|308.8
105188,571.95|293.55
105189,210.45|309.6
105190,280.05|299.5
105191,559.55|442.35
105192,589.1|466.05
105193,351.55|376.0
105194,211.35|229.15
105195,413.5|544.5
105196,578.1|399.6
105197,313.95|494.9
105198,474.15|484.7
105199,402.7|543.9
105200,398.75|588.95
105201,282.1|327.1
105202,211.75|390.35
105203,578.45|463.85
105204,589.85|543.25
105205,335.1|513.5
105206,266.9|219.5
105207,286.25|459.65
105208,336.9|546.6
105209,569.9|553.25
105210,378.95|226.9
105211,258.2|241.65
105212,421.25|210.0
105213,526.8|426.5
105214,418.9|375.4
105215,590.7|592.85
105216,304.3|365.2
105217,283.2|356.55
105218,374.5|405.1
105219,258.35|335.8
105220,579.65|516.25
105221,354.7|434.6
105222,326.75|508.45
105223,448.2|444.1
105224,435.0|483.85
105225,211.55|306.15
105226,254.8|432.8
105227,460.6|445.85
105228,545.15|525.75
105229,359.65|497.9
105230,384.7|594.3
105231,264.5|282.95
105232,287.05|526.15
105233,263.45|258.65
105234,449.05|511.3
105235,387.35|480.15
105236,215.7|582.25
105237,363.05|278.15
105238,413.45|371.85
105239,567.45|582.15
105240,306.4|404.45
105241,427.75|479.15
105242,532.25|428.4
105243,231.1|409.55
105244,564.7|250.1
105245,233.05|486.75
105246,211.85|245.05
105247,357.9|591.25
105248,534.65|529.05
105249,344.8|549.95
105250,583.0|553.7
105251,462.2|546.65
105252,287.3|440.1
105253,420.7|339.55
105254,481.05|472.3
105255,277.9|526.7
105256,360.55|284.85
105257,237.5|260.4
105258,402.7|365.35
105259,379.95|264.85
105260,295.1|556.65
105261,406.05|333.15
105262,566.0|429.3
105263,265.1|574.0
105264,557.6|243.3
105265,378.65|461.55
105266,253.4|430.7
105267,542.85|572.4
105268,211.95|303.9
105269,441.2|443.8
105270,414.85|491.8
105271,403.15|588.4
105272,340.55|419.7
105273,225.8|473.1
105274,522.6|511.8
105275,361.6|278.6
105276,379.65|252.1
105277,527.5|365.4
105278,551.65|529.45
105279,284.55|385.05
105280,396.2|341.8
105281,359.6|480.9
105282,293.9|395.45
105283,579.2|480.6
105284,339.85|369.1
105285,358.1|369.15
105286,469.15|232.1
105287,559.5|553.95
105288,372.05|243.5
105289,366.95|237.4
105290,587.2|263.6
105291,296.75|299.4
105292,208.7|325.85
105293,280.55|378.2
105294,322.05|396.35
105295,409.35|278.55
105296,280.8|551.3
105297,519.15|371.0
105298,571.45|405.1
105299,547.45|589.8
105300,418.45|465.35
105301,257.55|565.6
105302,272.65|501.3
105303,527.65|515.3
105304,398.95|338.1
105305,214.2|577.4
105306,463.8|337.25
105307,546.3|443.25
105308,475.9|253.05
105309,379.75|222.6
105310,372.0|445.95
105311,594.85|415.2
105312,379.1|524.4
105313,210.1|392.05
105314,344.1|405.05
105315,210.05|535.4
105316,205.6|460.65
105317,490.7|315.9
105318,482.65|289.75
105319,532.3|451.25
105320,462.65|238.9
105321,232.4|470.35
105322,229.0|281.15
105323,420.85|591.45
105324,315.2|420.85
105325,558.7|340.5
105326,269.85|431.95
105327,285.95|376.25
105328,394.25|209.2
105329,270.05|537.75
105330,296.1|391.95
105331,374.6|279.55
105332,232.2|572.4
105333,499.35|464.25
105334,374.4|594.25
105335,468.2|437.5
105336,393.3|584.8
105337,445.85|385.7
105338,248.85|401.35
105339,383.35|476.85
105340,581.45|240.75
105341,585.5|560.7
105342,205.35|488.05
105343,444.25|446.05
105344,430.0|576.6
105345,280.15|262.9
105346,475.9|292.7
105347,432.65|302.9
105348,246.35|543.25
105349,477.0|302.0
105350,582.85|231.05
105351,288.45|361.85
105352,460.15|543.55
105353,349.75|211.75
105354,436.55|386.45
105355,272.45|256.55
105356,432.45|327.75
105357,466.45|351.25
105358,231.35|513.05
105359,407.25|578.3
105360,275.0|281.6
105361,400.6|531.6
105362,290.6|423.75
105363,577.85|333.9
105364,474.7|346.8
105365,204.5|482.65
105366,364.45|508.55
105367,419.15|413.3
105368,422.35|570.05
105369,272.55|417.2
105370,473.4|286.3
105371,470.8|461.4
105372,436.75|569.95
105373,570.0|437.55
105374,472.55|575.35
105375,552.55|284.0
105376,274.9|255.65
105377,233.7|420.35
105378,345.95|434.95
105379,335.9|335.4
105380,354.65|229.4
105381,431.0|567.85
105382,293.05|572.45
105383,549.9|321.4
105384,249.1|324.35
105385,594.35|553.7
105386,219.55|271.7
105387,378.25|352.1
105388,441.15|457.75
105389,410.45|251.1
105390,590.85|417.75
105391,453.75|383.5
105392,575.4|259.75
105393,333.0|335.1
105394,358.25|583.4
105395,506.45|530.25
105396,276.8|431.6
105397,580.5|506.6
105398,232.45|414.75
105399,595.35|399.9
105400,589.4|384.8
105401,498.25|358.7
105402,381.2|226.8
105403,228.05|432.6
105404,419.85|413.55
105405,539.85|579.65
105406,397.0|248.6
105407,281.7|435.4
105408,441.3|585.75
105409,409.85|515.15
105410,538.4|259.2
105411,216.5|411.65
105412,207.2|506.8
105413,461.85|466.7
105414,389.5|252.25
105415,408.8|435.95
105416,344.75|273.95
105417,391.85|518.3
105418,514.8|292.0
105419,589.75|342.2
105420,405.1|331.0
105421,399.35|560.9
105422,560.75|381.05
105423,553.0|468.45
105424,552.85|587.4
105425,560.95|283.15
105426,469.3|237.8
105427,268.55|352.5
105428,401.4|412.35
105429,444.75|452.15
105430,343.5|228.35
105431,587.45|381.55
105432,571.0|490.35
105433,309.8|575.6
105434,403.6|576.5
105435,420.1|321.75
105436,424.35|212.5
105437,250.6|564.5
105438,525.65|412.35
105439,575.5|342.5
105440,580.55|366.05
105441,276.4|397.9
105442,534.3|368.6
105443,538.4|266.65
105444,336.15|351.05
105445,546.5|540.65
105446,275.1|431.2
105447,452.0|472.95
105448,459.0|539.1
105449,259.1|259.15
105450,350.8|505.25
105451,358.8|493.55
105452,273.1|576.0
105453,250.0|232.5
105454,542.8|430.05
105455,310.45|361.75
105456,287.8|344.05
105457,362.45|217.5
105458,580.45|305.45
105459,590.6|263.55
105460,475.3|462.3
105461,570.65|225.45
105462,564.2|577.4
105463,475.55|338.65
105464,484.1|355.4
105465,466.25|322.7
105466,555.4|356.2
105467,457.55|420.6
105468,295.7|309.65
105469,519.75|492.95
105470,343.0|338.1
105471,216.25|564.05
105472,258.55|351.95
105473,365.9|580.45
105474,527.1|511.9
105475,350.55|220.05
105476,284.5|535.85
105477,465.0|425.35
105478,588.2|221.2
105479,402.1|573.15
105480,408.5|570.35
105481,256.85|527.55
105482,275.3|398.3
105483,573.15|575.25
105484,473.3|318.95
105485,516.8|438.65
105486,341.4|566.95
105487,390.05|417.0
105488,235.35|319.3
105489,561.75|402.95
105490,234.1|537.05
105491,471.15|290.45
105492,408.95|383.4
105493,555.5|214.75
105494,353.8|327.7
105495,290.55|424.45
105496,571.9|448.35
105497,263.95|589.65
105498,558.8|354.75
105499,211.1|486.2
105500,271.7|292.7
105501,300.95|346.65
105502,424.6|588.25
105503,222.9|401.85
105504,418.9|385.45
105505,575.15|542.9
105506,466.15|380.7
105507,309.9|384.25
105508,383.9|584.45
105509,360.2|291.75
105510,403.65|494.05
105511,583.25|285.05
105512,231.75|327.65
105513,253.3|443.15
105514,422.45|502.0
105515,441.2|521.6
105516,342.65|317.95
105517,544.4|238.0
105518,481.45|282.1
105519,406.2|591.35
105520,298.0|386.6
105521,414.45|215.95
105522,364.35|260.05
105523,226.25|382.3
105524,333.3|394.9
105525,571.4|530.05
105526,260.6|443.05
105527,385.25|317.05
105528,579.5|550.8
105529,362.0|378.2
105530,415.4|588.85
105531,321.3|375.9
105532,344.4|339.45
105533,262.3|395.9
105534,292.25|399.85
105535,476.95|224.35
105536,469.3|295.85
105537,350.7|475.9
105538,453.6|525.65
105539,591.1|264.05
105540,235.05|210.1
105541,467.05|448.4
105542,222.15|307.15
105543,316.05|316.4
105544,420.3|586.2
105545,573.1|490.7
105546,471.5|281.35
105547,208.45|525.05
105548,258.8|424.1
105549,584.05|467.95
105550,431.55|213.85
105551,524.3|493.2
105552,368.8|280.0
105553,381.85|578.75
105554,444.15|314.3
105555,341.05|424.7
105556,226.75|379.2
105557,569.7|324.25
105558,264.95|216.2
105559,459.6|382.15
105560,289.0|311.35
105561,207.7|503.75
105562,226.6|325.0
105563,494.4|486.95
105564,376.6|561.25
105565,397.5|516.05
105566,211.85|396.35
105567,406.55|350.55
105568,206.65|478.45
105569,462.1|354.8
105570,284.9|477.75
105571,450.45|468.45
105572,357.75|507.2
105573,468.65|504.0
105574,568.8|227.6
105575,455.95|540.8
105576,465.85|464.05
105577,583.45|219.95
105578,423.2|265.65
105579,559.65|223.3
105580,292.85|506.75
105581,277.2|388.95
105582,553.45|524.65
105583,277.7|592.8
105584,439.85|233.4
105585,254.45|456.05
105586,384.05|336.3
105587,242.05|540.7
105588,434.95|580.25
105589,337.2|584.2
105590,217.8|402.3
105591,211.25|578.9
105592,581.1|373.7
105593,479.45|262.45
105594,455.8|274.35
105595,295.05|476.5
105596,242.8|221.7
105597,544.85|226.65
105598,381.75|206.95
105599,527.3|559.4
105600,477.0|208.1
105601,587.1|517.75
105602,375.65|491.25
105603,591.65|235.65
105604,287.35|508.9
105605,437.95|356.45
105606,224.05|247.0
105607,460.7|547.25
105608,352.2|489.55
105609,253.55|442.05
105610,583.95|509.35
105611,374.2|448.9
105612,393.1|568.05
105613,583.35|245.0
105614,224.15|572.85
105615,547.7|495.5
105616,423.95|545.7
105617,429.6|511.3
105618,347.65|429.9
105619,206.05|481.6
105620,253.65|425.4
105621,299.2|483.45
105622,468.25|219.65
105623,347.6|283.45
105624,555.2|250.9
105625,211.0|577.9
105626,573.4|277.35
105627,441.25|229.7
105628,547.65|274.15
105629,254.35|573.5
105630,431.4|522.1
105631,487.55|487.05
105632,580.75|418.1
105633,407.6|366.45
105634,238.85|442.05
105635,325.9|377.15
105636,575.95|228.3
105637,571.55|451.55
105638,452.3|310.3
105639,560.1|462.05
105640,228.65|581.2
105641,550.6|298.45
105642,369.9|365.3
105643,278.0|591.5
105644,365.7|255.85
105645,425.05|387.9
105646,484.2|504.0
105647,243.3|420.1
105648,353.45|447.45
105649,402.85|310.6
105650,470.25|260.55
105651,586.0|255.25
105652,253.15|500.1
105653,258.65|272.1
105654,534.85|292.5
105655,534.85|495.25
105656,366.1|568.5
105657,386.35|369.5
105658,229.2|412.55
105659,395.35|471.8
105660,274.6|399.25
105661,290.8|450.95
105662,414.35|371.15
105663,272.9|590.15
105664,382.0|293.7
105665,461.5|314.25
105666,556.5|239.05
105667,284.85|276.65
105668,534.4|584.85
105669,384.05|585.05
105670,442.0|423.65
105671,235.25|576.8
105672,586.0|513.8
105673,251.4|387.4
105674,479.35|307.3
105675,340.45|556.75
105676,401.8|225.7
105677,210.6|392.35
105678,272.9|357.6
105679,344.25|241.9
105680,221.25|471.65
105681,374.7|287.7
105682,587.25|406.45
105683,402.6|483.45
105684,287.1|362.65
105685,392.1|290.5
105686,387.05|381.25
105687,426.25|347.9
105688,459.5|529.35
105689,254.85|258.35
105690,341.1|418.25
105691,452.5|355.1
105692,218.9|589.05
105693,418.7|379.3
105694,340.3|557.3
105695,241.7|215.05
105696,381.45|486.25
105697,364.6|307.35
105698,332.55|511.5
105699,443.25|559.2
105700,525.75|491.55
105701,228.65|348.55
105702,588.15|577.25
105703,494.6|391.45
105704,370.15|293.2
105705,335.0|259.2
105706,581.15|339.45
105707,339.35|227.35
105708,535.05|428.2
105709,283.15|330.5
105710,583.3|461.7
105711,368.25|233.55
105712,239.55|451.85
105713,244.95|276.15
105714,280.95|543.35
105715,582.75|581.7
105716,381.9|357.25
105717,248.0|435.65
105718,532.2|515.5
105719,221.55|427.4
105720,434.9|585.05
105721,442.05|478.4
105722,592.0|590.45
105723,575.85|572.35
105724,457.35|531.0
105725,565.5|235.1
105726,547.4|588.3
105727,255.25|271.05
105728,249.5|377.3
105729,550.0|272.8
105730,535.25|535.95
105731,383.55|264.9
105732,338.8|436.75
105733,370.0|573.3
105734,267.5|284.4
105735,591.05|465.0
105736,569.35|446.85
105737,256.3|215.6
105738,336.1|421.2
105739,428.55|421.65
105740,341.45|425.05
105741,467.0|343.15
105742,224.15|570.65
105743,242.9|525.65
105744,213.95|466.45
105745,565.2|470.95
105746,508.4|486.75
105747,215.6|251.45
105748,289.45|473.9
105749,247.95|549.3
105750,422.45|251.35
105751,414.25|498.75
105752,400.95|594.55
105753,575.1|455.4
105754,403.1|448.7
105755,410.1|331.8
105756,270.0|534.9
105757,397.95|490.1
105758,207.75|389.55
105759,215.3|242.65
105760,220.05|276.55
105761,340.95|215.45
105762,361.55|261.25
105763,464.95|257.4
105764,251.6|382.15
105765,528.3|412.6
105766,440.05|588.05
105767,577.75|226.8
105768,565.3|240.0
105769,592.45|270.2
105770,244.85|592.0
105771,384.25|468.35
105772,368.1|480.5
105773,548.5|590.35
105774,353.8|420.1
105775,542.1|558.9
105776,461.6|460.95
105777,534.3|568.8
105778,319.55|435.35
105779,582.6|366.6
105780,574.15|415.75
105781,563.15|453.95
105782,275.7|563.6
105783,493.65|215.75
105784,513.8|553.85
105785,471.4|311.55
105786,571.85|435.0
105787,305.4|366.1
105788,546.65|235.2
105789,412.8|471.9
105790,268.9|318.8
105791,449.75|582.95
105792,404.6|220.1
105793,479.1|250.35
105794,251.3|303.95
105795,287.15|593.35
105796,416.8|320.5
105797,218.15|487.6
105798,216.3|498.15
105799,263.8|292.25
105800,208.2|481.4
105801,580.6|222.35
105802,328.85|407.5
105803,283.9|482.4
105804,589.9|509.5
105805,468.65|238.5
105806,514.15|492.75
105807,343.5|219.6
105808,427.25|511.75
105809,442.15|260.65
105810,293.3|346.5
105811,244.0|257.25
105812,247.4|396.15
105813,388.6|545.75
105814,248.65|362.2
105815,290.2|454.65
105816,216.45|434.45
105817,243.1|313.7
105818,244.3|472.1
105819,581.8|385.05
105820,366.45|502.35
105821,259.75|302.25
105822,536.7|327.9
105823,360.65|283.65
105824,264.05|561.85
105825,300.05|589.75
105826,419.1|507.45
105827,590.0|359.9
105828,235.9|319.5
105829,550.3|335.05
105830,458.2|373.95
105831,479.15|474.45
105832,576.95|516.55
105833,395.05|296.4
105834,215.2|499.6
105835,577.4|524.85
105836,353.1|211.15
105837,291.65|462.6
105838,592.05|470.3
105839,548.45|319.55
105840,374.35|315.45
105841,361.4|227.4
105842,589.6|210.55
105843,301.0|427.0
105844,456.6|328.25
105845,376.5|596.75
105846,429.4|320.1
105847,359.95|255.0
105848,555.55|496.2
105849,451.9|589.15
105850,455.6|567.5
105851,341.45|345.65
105852,581.25|580.3
105853,426.05|213.2
105854,512.4|572.95
105855,452.35|516.1
105856,431.5|423.15
105857,245.25|402.3
105858,451.95|489.3
105859,551.05|493.4
105860,256.6|438.95
105861,577.35|397.35
105862,439.6|357.8
105863,412.55|241.0
105864,543.25|442.9
105865,307.15|413.1
105866,381.2|363.7
105867,429.0|211.05
105868,557.3|241.8
105869,560.0|380.3
105870,426.35|354.1
105871,278.55|447.15
105872,447.45|461.75
105873,277.75|446.0
105874,235.55|418.55
105875,245.75|421.5
105876,257.65|274.0
105877,206.85|235.45
105878,329.15|220.4
105879,354.6|593.6
105880,468.05|538.65
105881,261.65|582.35
105882,346.45|411.0
105883,565.3|394.45
105884,491.1|394.6
105885,567.6|243.3
105886,590.9|469.05
105887,389.55|578.95
105888,445.9|563.6
105889,360.55|219.4
105890,215.4|547.0
105891,592.8|268.85
105892,561.3|236.0
105893,408.5|381.4
105894,435.9|308.0
105895,478.05|451.4
105896,407.0|364.5
105897,216.2|234.55
105898,219.2|262.6
105899,539.55|344.75
105900,348.3|240.8
105901,384.2|402.15
105902,577.6|531.8
105903,261.65|422.55
105904,541.0|525.45
105905,334.4|329.7
105906,230.95|463.9
105907,365.6|279.35
105908,484.1|287.95
105909,588.95|564.25
105910,340.1|365.55
105911,580.85|569.8
105912,356.85|216.05
105913,365.4|500.9
105914,259.35|276.0
105915,569.7|292.9
105916,247.1|394.95
105917,224.15|486.45
105918,420.25|543.3
105919,267.3|224.25
105920,350.05|330.7
105921,287.7|315.7
105922,441.8|523.45
105923,247.0|431.1
105924,428.7|368.0
105925,268.2|349.9
105926,408.05|370.9
105927,395.95|546.75
105928,270.7|271.9
105929,576.15|384.6
105930,534.65|559.8
105931,209.85|384.55
105932,290.65|381.25
105933,458.85|305.0
105934,401.3|314.9
105935,579.5|542.45
105936,409.8|299.2
105937,341.5|267.75
105938,299.15|357.7
105939,420.6|586.45
105940,294.65|562.8
105941,409.9|557.1
105942,223.7|353.15
105943,215.2|547.15
105944,227.65|569.2
105945,490.7|335.2
105946,406.25|510.65
105947,234.45|262.15
105948,281.6|250.75
105949,480.95|479.75
105950,391.1|356.5
105951,587.85|407.65
105952,420.95|465.7
105953,496.95|288.45
105954,575.9|458.95
105955,273.65|247.0
105956,206.55|235.45
105957,477.2|429.55
105958,534.65|545.0
105959,413.15|471.15
105960,369.55|512.2
105961,594.25|572.75
105962,391.45|286.85
105963,276.15|403.1
105964,439.15|570.1
105965,468.85|471.95
105966,438.9|226.65
105967,417.0|546.8
105968,345.8|239.6
105969,507.6|230.15
105970,348.85|329.45
105971,457.3|397.6
105972,228.55|272.55
105973,372.45|208.45
105974,564.7|408.75
105975,530.55|586.5
105976,564.1|216.95
105977,410.4|337.5
105978,368.8|225.55
105979,372.5|270.7
105980,545.2|547.1
105981,527.5|554.9
105982,372.8|229.0
105983,537.65|577.25
105984,406.7|352.85
105985,240.95|581.9
105986,479.6|540.9
105987,408.65|431.45
105988,335.3|341.6
105989,425.6|589.3
105990,396.75|570.7
105991,474.2|280.65
105992,360.55|215.15
105993,394.55|286.5
105994,467.35|219.0
105995,234.25|224.6
105996,259.1|254.35
105997,538.95|513.0
105998,352.65|338.7
105999,365.1|270.05
106000,513.05|337.6
106001,383.15|524.8
106002,405.3|515.2
106003,565.6|461.65
106004,345.15|403.95
106005,259.85|297.5
106006,424.65|249.45
106007,263.0|547.2
106008,393.75|470.25
106009,407.9|439.9
106010,242.85|487.75
106011,545.45|271.35
106012,211.75|278.55
106013,575.8|583.5
106014,237.1|288.3
106015,488.7|353.05
106016,330.7|301.45
106017,287.6|591.3
106018,212.3|229.5
106019,403.7|567.85
106020,261.45|489.05
106021,487.7|340.3
106022,396.0|592.15
106023,553.7|270.3
106024,347.25|341.6
106025,379.15|392.45
106026,416.0|584.0
106027,426.8|574.0
106028,394.05|461.55
106029,404.6|590.25
106030,473.45|224.35
106031,574.3|319.3
106032,382.1|549.2
106033,308.55|404.0
106034,297.85|589.0
106035,589.7|273.7
106036,238.45|420.9
106037,259.3|527.7
106038,225.65|466.25
106039,472.45|462.6
106040,408.25|577.25
106041,532.15|215.25
106042,472.05|466.9
106043,579.9|333.9
106044,342.6|352.6
106045,481.15|215.65
106046,279.7|374.65
106047,582.7|552.55
106048,277.0|286.15
106049,383.45|484.0
106050,401.15|335.5
106051,586.5|263.85
106052,440.6|361.55
106053,363.3|335.3
106054,465.8|330.55
106055,308.05|410.7
106056,554.9|235.65
106057,470.2|281.75
106058,440.1|508.25
106059,356.45|252.45
106060,432.2|233.5
106061,382.15|290.7
106062,218.3|265.55
106063,367.85|350.65
106064,475.95|362.4
106065,232.7|245.25
106066,452.8|217.45
106067,405.5|366.65
106068,275.15|351.2
106069,280.45|444.35
106070,564.3|331.15
106071,548.5|500.65
106072,316.9|586.4
106073,316.8|575.0
106074,411.7|341.55
106075,564.4|418.4
106076,378.45|246.7
106077,360.0|585.2
106078,212.45|314.8
106079,231.95|539.15
106080,401.45|405.35
106081,589.5|496.55
106082,387.5|449.35
106083,572.6|230.85
106084,384.1|401.45
106085,380.35|328.65
106086,236.05|520.5
106087,529.65|504.9
106088,555.7|295.55
106089,243.4|387.65
106090,483.1|515.15
106091,243.95|267.65
106092,391.65|233.25
106093,559.95|574.75
106094,566.4|314.65
106095,414.05|473.95
106096,310.35|394.25
106097,208.65|515.1
106098,489.5|510.05
106099,576.6|219.3
106100,583.15|251.85
106101,459.05|248.9
106102,374.35|208.3
106103,460.2|289.45
106104,379.8|211.3
106105,467.65|316.65
106106,220.05|527.95
106107,454.8|517.25
106108,571.6|226.5
106109,436.25|586.4
106110,454.65|387.5
106111,488.6|443.3
106112,229.6|360.9
106113,287.6|587.3
106114,426.15|325.9
106115,403.85|416.35
106116,562.1|593.45
106117,393.8|320.25
106118,286.0|514.8
106119,583.2|374.4
106120,217.5|252.2
106121,523.6|502.2
106122,354.6|434.75
106123,442.7|231.6
106124,559.3|240.5
106125,206.25|493.9
106126,280.05|482.4
106127,593.95|477.25
106128,536.3|270.45
106129,585.4|297.6
106130,459.45|276.75
106131,354.25|262.95
106132,419.2|490.65
106133,269.2|548.4
106134,262.2|563.15
106135,218.6|238.15
106136,522.7|506.9
106137,410.1|478.2
106138,579.95|454.6
106139,313.45|497.5
106140,518.65|457.85
106141,563.1|330.9
106142,369.95|217.15
106143,368.9|216.5
106144,327.8|328.85
106145,380.45|360.95
106146,341.85|315.6
106147,555.3|570.5
106148,572.5|401.95
106149,238.3|573.4
106150,453.2|544.6
106151,382.65|477.8
106152,256.95|494.3
106153,477.55|496.95
106154,544.55|427.15
106155,381.35|355.6
106156,306.85|278.95
106157,212.4|486.4
106158,354.45|584.75
106159,271.05|491.25
106160,261.1|561.3
106161,462.1|501.75
106162,580.55|311.15
106163,571.1|461.6
106164,234.05|357.5
106165,248.85|239.5
106166,225.35|404.9
106167,520.4|488.1
106168,425.9|397.7
106169,292.95|378.45
106170,464.0|448.2
106171,457.2|234.65
106172,250.85|587.2
106173,581.5|493.85
106174,592.55|476.75
106175,401.65|569.15
106176,343.25|425.65
106177,581.4|537.35
106178,407.7|593.5
106179,310.05|408.7
106180,445.45|542.95
106181,380.75|275.5
106182,593.1|354.95
106183,377.25|213.2
106184,406.8|409.25
106185,211.2|376.4
106186,504.2|518.75
106187,304.15|325.15
106188,554.95|489.1
106189,282.6|336.9
106190,237.7|550.2
106191,329.8|421.95
106192,283.95|465.4
106193,398.4|374.15
106194,257.5|375.95
106195,592.55|374.15
106196,448.15|274.45
106197,472.8|554.65
106198,378.85|452.9
106199,476.95|345.85
106200,527.5|494.65
106201,276.55|527.85
106202,449.85|442.85
106203,580.95|473.15
106204,479.95|347.05
106205,398.45|349.95
106206,505.55|418.3
106207,215.85|208.6
106208,547.8|423.0
106209,573.65|539.65
106210,373.9|351.7
106211,462.35|556.45
106212,361.05|336.75
106213,271.25|462.5
106214,583.2|463.45
106215,238.3|364.15
106216,343.65|338.9
106217,282.45|313.45
106218,340.05|328.85
106219,245.55|295.2
106220,574.35|390.9
106221,435.75|365.65
106222,260.75|498.05
106223,287.0|578.65
106224,575.25|231.75
106225,381.7|283.7
106226,215.45|316.5
106227,469.35|494.9
106228,384.15|335.7
106229,568.8|230.9
106230,353.35|447.05
106231,426.25|344.35
106232,511.5|482.35
106233,524.25|462.5
106234,538.5|331.75
106235,592.55|386.2
106236,457.8|385.8
106237,435.3|468.15
106238,430.35|235.3
106239,277.6|376.7
106240,460.75|433.4
106241,372.55|380.4
106242,394.2|587.9
106243,562.6|588.75
106244,425.3|316.3
106245,424.7|460.7
106246,353.45|322.8
106247,465.8|510.15
106248,450.4|380.7
106249,583.95|471.65
106250,354.05|240.25
106251,451.55|592.65
106252,475.75|253.2
106253,476.7|282.75
106254,393.65|258.8
106255,206.1|535.15
106256,251.3|410.35
106257,417.7|416.75
106258,340.8|402.3
106259,517.5|510.85
106260,379.7|393.65
106261,579.75|517.9
106262,530.1|542.95
106263,347.5|553.45
106264,286.35|455.4
106265,372.45|280.05
106266,370.35|222.85
106267,524.65|562.15
106268,279.45|375.85
106269,271.5|243.4
106270,473.05|492.45
106271,239.1|426.95
106272,515.35|485.4
106273,446.25|375.9
106274,486.3|467.35
106275,532.4|331.0
106276,477.55|453.55
106277,450.45|588.8
106278,449.45|414.75
106279,420.9|310.3
106280,251.2|491.85
106281,549.65|228.8
106282,580.7|494.0
106283,326.2|289.0
106284,335.8|513.0
106285,251.95|268.55
106286,272.85|514.25
106287,339.05|423.8
106288,352.4|409.8
106289,447.45|269.1
106290,401.75|580.45
106291,412.3|582.25
106292,531.45|548.7
106293,236.55|582.5
106294,450.25|487.2
106295,333.9|338.7
106296,533.55|483.25
106297,239.25|331.6
106298,587.75|505.65
106299,523.5|427.15
106300,256.25|267.75
106301,240.1|224.05
106302,359.75|252.6
106303,427.95|312.1
106304,592.15|210.25
106305,485.85|326.2
106306,445.75|533.7
106307,580.45|531.85
106308,458.0|531.5
106309,217.75|479.3
106310,582.8|282.55
106311,477.55|217.0
106312,544.15|333.05
106313,385.0|512.7
106314,355.2|325.45
106315,216.35|381.95
106316,247.95|231.7
106317,253.95|537.25
106318,582.45|509.75
106319,392.6|575.1
106320,337.0|420.2
106321,578.75|556.2
106322,435.55|591.9
106323,423.6|212.05
106324,590.3|484.0
106325,294.95|589.8
106326,521.0|490.65
106327,270.4|386.4
106328,442.4|334.45
106329,366.85|337.6
106330,587.15|355.7
106331,341.55|258.8
106332,288.75|451.4
106333,370.0|595.8
106334,586.15|590.3
106335,438.9|452.65
106336,269.75|431.05
106337,356.95|491.25
106338,591.3|319.95
106339,513.0|470.75
106340,470.55|343.35
106341,487.4|352.5
106342,356.6|224.9
106343,447.05|350.3
106344,421.5|239.05
106345,373.5|578.15
106346,435.05|238.95
106347,457.7|385.75
106348,223.95|416.7
106349,354.7|268.4
106350,215.5|320.35
106351,551.9|250.9
106352,527.45|535.2
106353,216.05|590.6
106354,506.3|470.05
106355,231.05|302.15
106356,350.1|342.75
106357,217.8|259.4
106358,486.45|238.55
106359,315.05|416.0
106360,208.1|325.2
106361,399.5|577.6
106362,398.95|208.35
106363,446.55|385.6
106364,243.75|378.0
106365,408.2|565.45
106366,251.75|347.65
106367,272.0|332.25
106368,255.3|561.2
106369,477.3|431.4
106370,419.25|248.45
106371,534.95|578.05
106372,404.8|582.6
106373,247.8|558.9
106374,223.05|361.35
106375,546.65|533.65
106376,538.05|241.15
106377,427.75|551.15
106378,343.55|229.25
106379,426.0|586.55
106380,292.6|351.55
106381,470.35|500.9
106382,321.4|364.45
106383,473.7|291.5
106384,271.3|559.6
106385,559.75|274.8
106386,414.2|537.4
106387,348.55|366.9
106388,533.85|590.3
106389,379.6|268.65
106390,283.25|445.0
106391,339.3|586.15
106392,368.3|229.3
106393,569.85|529.8
106394,452.75|586.8
106395,458.65|472.15
106396,464.15|258.6
106397,466.7|349.95
106398,290.5|416.45
106399,401.4|263.85
106400,217.35|513.3
106401,550.55|255.55
106402,341.3|351.2
106403,271.2|285.75
106404,246.8|253.1
106405,399.75|338.55
106406,318.95|367.95
106407,337.55|420.85
106408,344.85|346.6
106409,414.2|586.85
106410,354.35|540.95
106411,207.9|534.05
106412,284.25|472.2
106413,530.7|351.1
106414,285.85|369.45
106415,478.2|385.4
106416,432.3|387.8
106417,456.45|327.65
106418,356.7|273.1
106419,240.0|530.65
106420,327.35|518.1
106421,285.25|490.25
106422,472.45|478.9
106423,359.05|283.7
106424,414.2|216.15
106425,432.15|390.0
106426,428.35|229.25
106427,231.0|570.7
106428,437.15|222.15
106429,561.55|291.25
106430,408.65|567.35
106431,477.85|338.35
106432,209.15|229.7
106433,525.95|519.2
106434,277.95|277.25
106435,557.85|378.5
106436,463.4|535.5
106437,587.6|562.05
106438,368.45|351.95
106439,260.2|568.05
106440,583.6|478.8
106441,571.85|482.95
106442,380.65|481.65
106443,290.05|333.25
106444,403.4|490.7
106445,426.5|253.5
106446,454.75|480.4
106447,444.25|422.15
106448,438.3|495.0
106449,339.65|553.25
106450,585.5|301.85
106451,294.65|422.55
106452,468.95|499.55
106453,238.9|560.25
106454,393.25|366.3
106455,217.05|588.65
106456,283.0|544.8
106457,423.15|224.05
106458,219.85|570.8
106459,525.15|539.9
106460,451.0|253.55
106461,392.45|596.1
106462,273.0|357.25
106463,278.05|568.7
106464,211.5|280.8
106465,253.95|230.35
106466,303.5|381.35
106467,245.75|491.6
106468,585.55|413.8
106469,584.0|337.35
106470,399.8|205.5
106471,559.5|248.35
106472,206.9|308.7
106473,215.2|581.1
106474,584.15|431.35
106475,554.4|514.05
106476,226.6|286.7
106477,408.0|588.7
106478,531.6|546.25
106479,301.3|336.5
106480,561.55|579.1
106481,493.85|503.35
106482,576.7|303.8
106483,287.75|493.8
106484,451.45|561.1
106485,478.9|459.8
106486,205.5|343.9
106487,227.35|472.45
106488,469.3|319.2
106489,215.15|511.05
106490,460.45|265.0
106491,209.5|459.1
106492,418.55|404.1
106493,208.9|301.8
106494,525.75|467.1
106495,250.35|219.25
106496,532.9|506.2
106497,437.95|386.55
106498,316.0|539.45
106499,483.45|498.7
106500,443.75|593.55
106501,285.35|348.3
106502,347.8|360.0
106503,372.7|351.0
106504,510.4|498.4
106505,396.15|448.2
106506,207.4|543.8
106507,241.8|233.25
106508,354.1|286.3
106509,442.45|487.2
106510,342.75|356.8
106511,253.2|265.25
106512,407.2|355.2
106513,346.35|509.85
106514,453.45|480.25
106515,465.85|572.5
106516,275.35|386.65
106517,408.75|278.35
106518,544.3|383.2
106519,496.65|312.4
106520,267.35|352.95
106521,371.75|487.65
106522,477.1|531.8
106523,453.25|530.95
106524,485.75|376.65
106525,593.3|584.75
106526,353.05|239.65
106527,249.05|582.95
106528,513.8|479.85
106529,399.6|544.05
106530,291.0|532.55
106531,506.15|460.5
106532,321.9|397.2
106533,574.6|510.45
106534,442.9|223.65
106535,557.2|396.8
106536,361.75|594.1
106537,431.2|396.05
106538,423.5|543.8
106539,388.9|447.85
106540,250.2|396.1
106541,491.45|293.15
106542,392.1|231.2
106543,233.85|389.5
106544,406.1|559.0
106545,215.1|420.6
106546,561.7|531.4
106547,478.75|500.7
106548,269.6|351.6
106549,229.55|466.4
106550,289.6|477.0
106551,299.2|255.65
106552,389.0|480.6
106553,258.1|368.75
106554,544.25|439.45
106555,548.3|265.8
106556,208.1|246.6
106557,396.3|480.9
106558,518.65|554.8
106559,253.0|438.85
106560,213.4|579.15
106561,419.4|403.95
106562,345.6|594.45
106563,303.4|560.8
106564,225.1|247.35
106565,535.6|325.3
106566,346.6|217.2
106567,458.0|236.3
106568,496.85|316.85
106569,277.2|372.4
106570,586.75|358.15
106571,543.25|258.6
106572,216.5|302.4
106573,354.05|223.0
106574,539.6|338.8
106575,425.6|570.85
106576,207.5|246.1
106577,376.8|309.4
106578,234.2|296.6
106579,452.6|405.75
106580,563.55|438.85
106581,439.5|307.75
106582,565.1|233.4
106583,264.6|547.4
106584,526.9|506.2
106585,563.55|362.5
106586,248.1|574.25
106587,258.45|569.9
106588,263.8|560.05
106589,285.6|494.9
106590,375.1|210.25
106591,440.8|518.3
106592,233.75|545.4
106593,379.6|254.8
106594,421.7|289.8
106595,582.1|489.1
106596,264.4|376.35
106597,271.1|396.75
106598,207.65|473.75
106599,474.35|557.75
106600,365.35|406.7
106601,462.35|250.7
106602,283.35|336.1
106603,214.45|567.95
106604,423.45|433.1
106605,452.75|587.45
106606,395.6|591.3
106607,208.0|238.85
106608,364.25|226.95
106609,534.2|291.95
106610,340.8|500.15
106611,285.0|461.9
106612,458.8|263.75
106613,576.35|332.5
106614,434.95|336.3
106615,271.1|236.1
106616,258.9|405.35
106617,216.7|211.45
106618,589.1|502.95
106619,432.3|591.85
106620,342.15|331.2
106621,472.8|516.8
106622,440.15|486.8
106623,297.95|380.05
106624,266.35|344.45
106625,292.35|509.25
106626,514.9|444.4
106627,337.9|564.25
106628,399.3|307.8
106629,376.0|304.0
106630,374.55|506.85
106631,446.05|231.15
106632,263.05|562.45
106633,305.25|550.4
106634,568.8|585.95
106635,450.5|243.65
106636,285.35|379.95
106637,400.4|334.45
106638,537.2|364.55
106639,486.5|444.45
106640,368.85|582.6
106641,411.6|348.0
106642,272.35|297.15
106643,572.0|445.3
106644,533.3|273.15
106645,396.6|339.35
106646,220.7|537.45
106647,247.6|346.8
106648,355.45|211.7
106649,514.65|479.8
106650,567.3|478.2
106651,430.45|348.15
106652,288.5|322.45
106653,252.1|532.7
106654,558.55|457.7
106655,383.4|554.25
106656,541.3|507.85
106657,262.95|225.8
106658,431.35|568.7
106659,282.55|277.95
106660,480.65|361.55
106661,413.85|567.25
106662,229.65|299.1
106663,284.75|320.0
106664,213.85|508.15
106665,580.7|241.15
106666,231.5|230.25
106667,365.7|301.1
106668,285.2|360.55
106669,541.15|443.95
106670,301.25|460.25
106671,391.0|215.1
106672,594.3|487.9
106673,430.9|374.1
106674,575.7|475.6
106675,214.0|232.65
106676,219.6|416.1
106677,528.55|576.4
106678,275.6|399.8
106679,461.8|265.75
106680,313.1|450.05
106681,370.3|386.0
106682,226.2|588.6
106683,528.65|332.7
106684,537.05|436.05
106685,395.4|563.2
106686,540.8|595.15
106687,393.65|316.4
106688,354.15|268.7
106689,467.75|331.95
106690,384.25|516.45
106691,588.5|587.6
106692,572.7|444.05
106693,232.9|252.9
106694,292.9|301.95
106695,287.75|363.05
106696,417.3|380.4
106697,438.35|318.15
106698,578.05|357.2
106699,218.0|476.05
106700,225.55|374.6
106701,411.75|454.75
106702,207.5|296.65
106703,252.7|376.9
106704,565.5|341.75
106705,285.65|574.2
106706,498.6|364.1
106707,410.3|585.2
106708,361.55|577.5
106709,525.05|533.55
106710,551.65|546.45
106711,261.75|426.5
106712,221.85|475.55
106713,412.35|376.95
106714,369.6|284.95
106715,460.5|474.3
106716,398.7|306.75
106717,473.35|293.2
106718,386.35|285.05
106719,468.05|546.85
106720,414.45|545.05
106721,272.55|298.85
106722,238.15|550.0
106723,432.3|420.9
106724,582.45|323.05
106725,250.65|433.9
106726,265.2|215.1
106727,586.5|343.3
106728,401.3|354.15
106729,392.45|585.0
106730,280.4|345.35
106731,508.05|472.4
106732,249.15|337.2
106733,295.2|357.25
106734,264.2|407.75
106735,319.0|534.05
106736,349.0|272.95
106737,590.45|579.9
106738,381.0|560.8
106739,386.4|327.9
106740,532.85|557.35
106741,439.45|356.95
106742,417.3|252.5
106743,251.4|437.35
106744,411.35|483.9
106745,220.2|215.0
106746,277.7|377.9
106747,442.4|222.2
106748,342.55|273.2
106749,206.0|321.4
106750,406.55|500.65
106751,532.15|448.05
106752,437.3|516.2
106753,585.15|349.7
106754,383.9|252.55
106755,414.0|353.7
106756,246.6|414.9
106757,279.6|283.65
106758,473.3|496.5
106759,470.1|355.2
106760,364.25|417.35
106761,242.75|302.2
106762,356.05|389.1
106763,551.45|588.25
106764,562.2|238.95
106765,292.95|349.6
106766,514.8|489.3
106767,588.4|537.3
106768,557.2|248.6
106769,439.9|259.55
106770,283.05|417.5
106771,281.25|270.15
106772,212.6|561.8
106773,219.45|252.6
106774,417.2|407.35
106775,415.95|301.75
106776,228.45|315.75
106777,232.8|402.8
106778,426.6|375.8
106779,426.35|234.0
106780,294.1|450.2
106781,285.75|588.25
106782,352.1|341.6
106783,367.95|581.45
106784,422.4|489.7
106785,571.85|430.7
106786,458.85|390.8
106787,541.6|541.7
106788,289.4|518.25
106789,270.0|271.8
106790,256.1|552.8
106791,313.55|349.3
106792,412.6|472.75
106793,424.7|579.65
106794,491.2|458.15
106795,297.1|349.45
106796,575.15|591.4
106797,322.3|332.8
106798,436.35|524.05
106799,547.5|327.55
106800,209.35|218.3
106801,418.9|550.35
106802,300.45|431.05
106803,347.05|555.15
106804,593.5|467.7
106805,440.65|393.25
106806,407.7|356.7
106807,470.4|365.5
106808,242.5|261.15
106809,462.15|438.25
106810,568.6|456.15
106811,250.65|225.9
106812,590.05|428.7
106813,529.8|509.7
106814,244.85|448.25
106815,281.8|441.2
106816,548.15|558.95
106817,393.0|568.0
106818,415.3|270.45
106819,412.95|389.3
106820,405.3|325.45
106821,214.1|429.15
106822,390.45|326.65
106823,354.85|441.3
106824,320.0|390.1
106825,365.4|470.25
106826,571.65|480.45
106827,593.95|558.75
106828,350.1|287.2
106829,398.3|350.65
106830,533.75|548.15
106831,590.65|295.9
106832,592.35|362.4
106833,215.55|589.95
106834,573.35|581.2
106835,259.0|579.9
106836,570.9|235.95
106837,237.85|220.3
106838,280.5|345.95
106839,276.85|306.05
106840,266.8|508.95
106841,385.95|455.35
106842,267.05|589.2
106843,452.95|467.0
106844,206.9|281.7
106845,449.45|587.5
106846,208.8|507.9
106847,579.35|373.0
106848,426.5|552.35
106849,468.55|471.2
106850,250.5|577.8
106851,348.35|507.1
106852,424.5|451.95
106853,211.8|325.75
106854,413.5|505.7
106855,344.85|595.25
106856,254.6|248.4
106857,482.25|480.95
106858,457.65|433.45
106859,265.65|284.8
106860,410.15|491.95
106861,396.5|240.8
106862,411.85|237.05
106863,218.75|574.35
106864,318.75|546.6
106865,334.65|344.4
106866,345.95|236.95
106867,286.5|353.7
106868,211.0|280.9
106869,296.35|425.1
106870,277.95|220.35
106871,391.15|533.6
106872,528.05|416.45
106873,588.5|277.3
106874,589.35|360.3
106875,255.85|370.15
106876,416.25|377.4
106877,408.65|540.6
106878,447.6|538.65
106879,556.55|588.6
106880,461.4|289.0
106881,364.1|540.4
106882,580.9|523.1
106883,535.2|430.2
106884,582.1|217.2
106885,347.25|217.95
106886,405.95|503.4
106887,305.0|288.95
106888,389.25|515.55
106889,406.6|291.55
106890,576.95|573.15
106891,226.0|559.9
106892,526.35|423.55
106893,551.7|218.25
106894,380.95|255.4
106895,209.85|340.65
106896,482.85|349.85
106897,221.0|508.05
106898,441.85|235.45
106899,536.55|341.75
106900,570.45|284.25
106901,238.25|388.6
106902,219.15|410.8
106903,490.7|300.5
106904,401.2|308.9
106905,578.25|559.15
106906,552.8|230.85
106907,343.6|545.15
106908,244.0|554.85
106909,559.8|490.85
106910,527.4|525.7
106911,389.35|475.25
106912,579.4|262.4
106913,475.15|266.45
106914,352.6|440.3
106915,236.3|377.05
106916,480.25|445.65
106917,435.7|380.85
106918,398.45|498.25
106919,415.25|372.0
106920,468.7|338.3
106921,579.3|504.75
106922,379.6|489.85
106923,444.65|302.7
106924,550.75|329.95
106925,497.15|421.65
106926,416.55|323.25
106927,280.0|426.6
106928,373.4|291.25
106929,261.0|457.05
106930,375.05|229.2
106931,254.95|470.35
106932,537.6|409.25
106933,437.2|380.8
106934,535.65|445.75
106935,401.8|279.9
106936,375.35|263.15
106937,569.5|578.45
106938,285.6|373.65
106939,228.15|276.15
106940,323.35|352.15
106941,592.4|569.3
106942,281.45|595.85
106943,292.6|532.65
106944,401.4|569.65
106945,362.2|251.35
106946,239.3|298.85
106947,385.85|490.05
106948,429.2|242.8
106949,452.5|456.15
106950,251.65|459.3
106951,216.9|479.2
106952,572.65|453.45
106953,219.25|590.9
106954,478.35|534.3
106955,585.1|334.7
106956,458.15|432.85
106957,286.85|324.8
106958,571.15|472.3
106959,579.05|259.85
106960,223.65|576.1
106961,262.0|274.0
106962,371.0|524.65
106963,219.0|262.4
106964,240.2|481.25
106965,473.75|358.35
106966,436.95|586.95
106967,522.45|511.05
106968,228.65|400.9
106969,351.95|272.8
106970,469.85|256.15
106971,411.35|402.1
106972,514.45|518.3
106973,584.35|413.55
106974,550.45|513.3
106975,513.9|486.8
106976,354.9|243.55
106977,478.25|286.8
106978,333.15|317.85
106979,401.85|319.85
106980,235.6|393.35
106981,573.35|332.9
106982,264.1|571.9
106983,472.5|251.55
106984,429.8|305.05
106985,255.0|582.9
106986,568.65|326.1
106987,458.9|481.9
106988,447.65|540.85
106989,594.3|369.55
106990,401.05|575.4
106991,537.7|465.7
106992,584.45|427.35
106993,315.35|514.75
106994,287.8|506.1
106995,261.5|589.2
106996,284.8|335.1
106997,344.45|459.45
106998,355.5|473.6
106999,410.9|538.3
107000,520.65|465.75
107001,422.55|248.75
107002,565.65|591.35
107003,377.0|557.15
107004,546.55|251.45
107005,379.3|565.15
107006,434.3|318.7
107007,210.8|248.5
107008,224.65|530.85
107009,457.65|430.9
107010,206.2|534.85
107011,458.75|439.4
107012,292.7|345.7
107013,399.4|577.15
107014,581.65|475.0
107015,436.6|352.0
107016,272.1|271.0
107017,215.65|586.65
107018,479.8|459.85
107019,204.6|468.75
107020,447.2|372.1
107021,560.8|588.7
107022,282.45|452.55
107023,233.5|570.55
107024,356.9|541.45
107025,333.35|323.15
107026,477.25|508.0
107027,459.25|283.8
107028,442.4|332.7
107029,429.15|230.8
107030,469.15|488.1
107031,275.95|438.45
107032,543.9|534.45
107033,215.5|311.1
107034,488.3|359.35
107035,581.45|339.55
107036,213.65|411.75
107037,397.35|511.15
107038,235.5|534.75
107039,583.3|242.75
107040,438.75|464.1
107041,362.15|214.55
107042,343.25|278.35
107043,460.15|363.05
107044,529.8|525.65
107045,232.95|423.95
107046,584.2|421.85
107047,267.25|416.15
107048,555.0|244.15
107049,589.1|488.25
107050,245.75|505.45
107051,280.55|554.25
107052,208.9|583.9
107053,398.75|272.4
107054,347.45|588.55
107055,533.2|345.3
107056,415.25|220.8
107057,270.1|423.5
107058,360.85|262.8
107059,238.1|253.85
107060,329.35|430.35
107061,482.0|320.55
107062,467.5|257.0
107063,335.1|311.85
107064,572.9|304.05
107065,466.65|472.2
107066,374.8|590.0
107067,225.55|341.8
107068,369.15|273.1
107069,416.05|210.05
107070,396.3|386.95
107071,268.6|363.3
107072,375.95|270.45
107073,427.85|279.8
107074,239.55|568.95
107075,330.75|263.05
107076,565.25|578.45
107077,345.6|580.15
107078,357.7|309.05
107079,408.6|279.75
107080,524.4|498.6
107081,337.15|222.2
107082,245.7|341.8
107083,496.95|366.7
107084,240.2|362.45
107085,282.55|326.45
107086,429.65|375.55
107087,254.35|589.6
107088,548.6|319.7
107089,374.6|574.35
107090,359.3|582.65
107091,234.85|569.6
107092,338.0|424.35
107093,432.45|226.0
107094,404.4|577.3
107095,481.95|219.2
107096,540.7|232.1
107097,429.4|434.7
107098,539.6|319.0
107099,386.3|320.0
107100,452.75|537.9
107101,345.35|408.75
107102,545.8|337.75
107103,567.3|243.2
107104,527.6|483.6
107105,433.85|283.7
107106,392.9|351.6
107107,370.6|379.85
107108,421.15|553.05
107109,282.0|339.9
107110,408.45|364.95
107111,575.25|235.9
107112,466.35|275.1
107113,210.7|472.7
107114,561.85|312.15
107115,364.4|561.0
107116,249.65|440.85
107117,216.55|487.75
107118,542.3|589.1
107119,405.25|338.7
107120,557.85|588.2
107121,539.95|392.7
107122,266.6|562.7
107123,431.65|226.55
107124,432.35|264.65
107125,472.35|319.45
107126,411.65|290.15
107127,512.0|493.05
107128,581.45|490.4
107129,398.35|546.65
107130,497.9|236.85
107131,346.4|387.9
107132,587.7|497.45
107133,465.85|390.1
107134,460.7|491.8
107135,403.5|548.45
107136,476.95|342.9
107137,256.65|591.25
107138,477.05|451.85
107139,474.7|510.05
107140,581.5|577.5
107141,515.15|525.65
107142,384.6|576.0
107143,277.4|230.3
107144,578.75|584.1
107145,467.1|270.15
107146,564.3|413.4
107147,387.55|582.5
107148,466.35|212.55
107149,245.65|492.7
107150,391.45|536.55
107151,392.85|348.15
107152,268.35|490.0
107153,388.65|272.65
107154,422.6|387.7
107155,404.75|319.7
107156,238.75|387.3
107157,277.65|534.2
107158,254.05|231.55
107159,529.9|550.3
107160,390.5|350.35
107161,376.8|346.1
107162,265.05|297.65
107163,460.45|500.85
107164,530.95|403.5
107165,246.5|394.1
107166,343.9|582.05
107167,258.4|313.8
107168,456.7|416.8
107169,535.35|293.9
107170,398.3|360.05
107171,590.3|355.95
107172,549.9|557.35
107173,478.45|520.1
107174,553.3|300.05
107175,583.45|547.3
107176,265.95|566.2
107177,209.2|467.85
107178,373.2|484.55
107179,506.4|469.05
107180,413.2|555.3
107181,357.45|452.25
107182,277.15|397.6
107183,212.85|496.2
107184,576.9|434.95
107185,322.35|354.05
107186,432.8|459.6
107187,577.15|374.9
107188,450.85|544.45
107189,368.3|453.05
107190,207.0|572.85
107191,454.6|556.8
107192,471.5|286.45
107193,441.95|221.15
107194,360.4|283.85
107195,474.2|244.15
107196,374.35|340.5
107197,436.2|452.6
107198,529.05|590.9
107199,414.1|581.85
107200,403.95|226.85
107201,375.6|472.55
107202,485.55|328.9
107203,278.95|541.55
107204,590.35|263.7
107205,298.95|411.2
107206,453.75|543.1
107207,387.0|273.6
107208,446.0|218.15
107209,235.35|413.5
107210,583.5|354.1
107211,592.1|401.4
107212,360.25|324.0
107213,395.35|374.9
107214,561.7|435.25
107215,231.0|498.0
107216,251.65|386.7
107217,352.65|322.45
107218,476.05|494.05
107219,222.15|233.85
107220,571.45|589.0
107221,449.5|452.0
107222,416.45|378.45
107223,385.0|485.75
107224,460.15|484.25
107225,234.55|399.95
107226,440.1|356.6
107227,228.35|386.05
107228,353.2|442.1
107229,520.3|440.85
107230,427.45|394.85
107231,562.95|370.7
107232,208.6|584.75
107233,470.05|335.45
107234,546.45|332.55
107235,442.85|348.8
107236,368.55|218.15
107237,372.55|219.05
107238,425.45|445.75
107239,273.6|410.8
107240,406.5|331.4
107241,400.65|492.15
107242,406.45|338.25
107243,308.45|331.6
107244,435.75|406.4
107245,595.2|402.7
107246,363.7|396.3
107247,576.45|444.65
107248,546.1|490.55
107249,537.95|231.95
107250,283.25|532.9
107251,236.05|471.9
107252,380.05|394.75
107253,447.7|234.25
107254,246.7|431.15
107255,527.25|543.55
107256,527.8|431.3
107257,546.65|297.95
107258,492.15|336.65
107259,580.9|357.4
107260,404.2|299.2
107261,436.2|587.85
107262,315.3|519.45
107263,462.95|555.1
107264,495.65|360.75
107265,472.15|264.55
107266,585.5|509.95
107267,585.45|502.0
107268,285.75|465.4
107269,592.05|412.6
107270,391.2|305.8
107271,472.95|433.85
107272,565.75|236.65
107273,418.1|431.85
107274,586.55|420.05
107275,341.35|535.0
107276,465.4|441.85
107277,294.1|475.85
107278,345.5|521.25
107279,379.4|592.95
107280,277.6|445.65
107281,476.3|458.6
107282,357.25|265.1
107283,218.85|589.1
107284,346.9|350.9
107285,464.9|275.85
107286,517.1|369.3
107287,409.5|268.1
107288,497.35|326.55
107289,446.1|307.1
107290,440.9|514.0
107291,477.75|345.05
107292,387.5|369.8
107293,225.35|331.15
107294,526.8|353.5
107295,340.7|512.65
107296,394.1|207.25
107297,347.5|206.75
107298,433.1|242.65
107299,469.1|218.95
107300,283.4|373.9
107301,416.05|579.2
107302,231.55|273.3
107303,383.7|378.4
107304,340.15|408.65
107305,564.1|390.55
107306,388.2|562.45
107307,463.9|349.4
107308,267.1|241.05
107309,576.65|361.15
107310,210.2|263.2
107311,573.15|307.25
107312,407.1|520.55
107313,591.0|504.15
107314,210.35|280.95
107315,219.65|582.6
107316,576.45|593.6
107317,320.55|379.65
107318,338.7|407.3
107319,268.2|315.35
107320,578.7|370.55
107321,581.95|282.4
107322,355.65|390.4
107323,243.25|363.85
107324,477.4|304.7
107325,412.25|577.2
107326,244.25|417.95
107327,256.65|234.35
107328,232.95|541.1
107329,404.45|398.15
107330,504.4|467.55
107331,245.05|253.55
107332,265.9|230.9
107333,585.95|367.4
107334,486.65|443.9
107335,269.65|226.8
107336,550.45|300.5
107337,378.55|580.85
107338,594.5|467.0
107339,398.15|222.35
107340,564.85|475.1
107341,529.3|354.4
107342,340.4|237.15
107343,567.85|536.6
107344,547.2|534.0
107345,298.35|326.25
107346,375.3|414.45
107347,428.5|455.9
107348,363.5|379.95
107349,483.8|322.2
107350,221.4|434.65
107351,214.2|570.7
107352,228.7|508.55
107353,217.45|408.7
107354,314.75|353.55
107355,370.7|592.4
107356,265.35|487.95
107357,529.45|558.85
107358,345.65|505.6
107359,271.35|294.85
107360,530.45|370.35
107361,477.15|490.7
107362,592.9|291.35
107363,435.15|248.55
107364,532.8|428.25
107365,217.3|473.05
107366,346.0|421.55
107367,354.5|266.25
107368,265.7|567.85
107369,245.75|290.7
107370,390.35|211.25
107371,553.35|313.2
107372,398.25|455.55
107373,362.65|577.15
107374,443.0|304.55
107375,338.9|369.75
107376,586.65|502.4
107377,348.6|346.75
107378,363.5|275.45
107379,391.9|371.55
107380,409.5|386.25
107381,246.65|366.35
107382,342.5|553.5
107383,221.0|509.75
107384,513.2|256.95
107385,247.2|445.05
107386,405.05|281.25
107387,483.1|338.9
107388,457.1|479.55
107389,329.05|405.05
107390,469.45|486.15
107391,517.25|498.25
107392,530.8|539.45
107393,287.95|445.45
107394,586.2|364.25
107395,239.25|432.05
107396,221.8|259.2
107397,257.55|223.75
107398,566.4|281.7
107399,257.7|260.8
107400,424.1|578.7
107401,208.3|230.3
107402,384.9|345.7
107403,236.8|344.5
107404,457.05|316.95
107405,240.8|491.9
107406,244.05|547.15
107407,556.4|553.6
107408,571.15|454.75
107409,421.8|272.8
107410,556.75|534.7
107411,219.25|574.15
107412,562.4|580.7
107413,367.8|584.4
107414,344.35|240.2
107415,390.85|585.8
107416,492.4|278.65
107417,425.15|272.75
107418,526.65|511.55
107419,231.45|215.15
107420,255.0|215.25
107421,479.6|213.6
107422,244.45|364.4
107423,295.55|415.45
107424,456.45|386.9
107425,376.8|336.75
107426,579.6|211.0
107427,468.3|427.45
107428,405.95|226.55
107429,290.95|456.6
107430,278.35|535.35
107431,595.75|403.3
107432,390.1|322.8
107433,384.6|450.75
107434,311.4|443.0
107435,262.8|218.15
107436,439.5|581.5
107437,253.3|343.05
107438,242.5|427.05
107439,572.85|475.85
107440,483.85|232.0
107441,408.95|592.7
107442,467.25|336.5
107443,494.45|499.2
107444,292.9|553.8
107445,247.45|579.6
107446,463.2|314.0
107447,569.8|523.3
107448,576.15|509.0
107449,531.1|382.8
107450,573.0|538.3
107451,322.25|408.85
107452,281.15|373.9
107453,460.05|251.95
107454,393.35|584.1
107455,294.2|383.6
107456,245.8|507.1
107457,229.05|286.6
107458,247.1|294.8
107459,556.35|334.35
107460,290.3|438.2
107461,454.85|491.95
107462,526.1|481.9
107463,205.75|588.0
107464,381.95|206.15
107465,548.25|575.75
107466,577.95|257.6
107467,552.7|454.25
107468,320.05|375.85
107469,205.95|484.15
107470,441.5|244.6
107471,455.2|550.7
107472,539.85|517.75
107473,424.85|393.0
107474,534.75|547.15
107475,304.15|396.1
107476,402.45|313.15
107477,585.3|345.95
107478,237.6|342.2
107479,381.85|573.35
107480,539.95|545.1
107481,387.0|277.35
107482,400.0|505.7
107483,579.5|473.0
107484,206.25|582.85
107485,436.85|396.6
107486,213.35|256.95
107487,267.85|407.7
107488,535.95|438.5
107489,509.55|490.7
107490,584.9|396.9
107491,261.4|254.65
107492,236.8|493.95
107493,230.55|369.35
107494,269.2|225.8
107495,246.05|371.7
107496,405.25|266.95
107497,232.05|529.2
107498,334.0|255.95
107499,571.1|300.95
107500,389.4|520.15
107501,378.85|277.05
107502,440.55|541.55
107503,385.8|502.35
107504,214.1|318.3
107505,356.65|261.5
107506,432.05|333.15
107507,251.75|549.35
107508,299.9|499.5
107509,541.0|442.75
107510,367.0|488.95
107511,260.55|380.55
107512,399.75|268.25
107513,213.55|305.35
107514,428.2|396.45
107515,354.25|437.75
107516,376.05|567.75
107517,461.5|413.05
107518,417.5|377.7
107519,342.8|327.45
107520,419.5|364.2
107521,384.55|334.1
107522,249.15|480.65
107523,243.5|286.75
107524,386.45|325.4
107525,585.45|455.75
107526,394.85|345.25
107527,423.75|260.6
107528,320.9|403.2
107529,474.7|365.6
107530,213.55|386.4
107531,449.0|301.7
107532,522.55|480.35
107533,282.5|338.05
107534,569.75|421.9
107535,393.55|287.7
107536,471.3|453.1
107537,212.3|588.8
107538,475.25|399.3
107539,476.0|341.0
107540,275.1|380.9
107541,373.35|471.1
107542,238.45|286.05
107543,272.75|559.8
107544,369.0|437.2
107545,209.5|292.8
107546,406.1|372.15
107547,526.25|528.5
107548,576.1|397.35
107549,387.15|455.35
107550,449.35|416.0
107551,531.25|574.95
107552,479.8|392.9
107553,408.6|265.15
107554,391.35|382.35
107555,356.95|440.25
107556,288.6|493.2
107557,280.05|564.1
107558,330.7|342.75
107559,413.5|363.95
107560,224.45|231.65
107561,538.1|543.6
107562,373.3|209.4
107563,519.6|495.7
107564,212.9|404.15
107565,396.05|550.65
107566,211.0|307.95
107567,212.2|586.85
107568,347.55|412.45
107569,434.4|539.85
107570,576.05|416.65
107571,376.4|587.05
107572,360.2|332.9
107573,353.6|214.15
107574,576.8|303.7
107575,383.05|226.85
107576,536.6|316.35
107577,518.15|354.5
107578,288.1|365.15
107579,209.15|555.85
107580,284.95|466.85
107581,451.3|466.65
107582,345.85|270.9
107583,590.75|366.1
107584,436.05|298.85
107585,211.9|265.85
107586,222.75|284.9
107587,204.45|489.75
107588,342.15|330.15
107589,378.2|254.3
107590,479.75|506.15
107591,533.5|539.55
107592,321.15|408.8
107593,379.8|296.2
107594,275.7|253.4
107595,464.65|559.55
107596,462.65|348.25
107597,591.75|265.2
107598,432.75|425.65
107599,452.4|568.2
107600,533.65|285.2
107601,271.9|416.05
107602,215.6|321.45
107603,262.0|250.55
107604,415.4|574.35
107605,209.6|397.45
107606,523.8|337.8
107607,354.9|237.75
107608,592.15|368.95
107609,437.55|418.65
107610,256.6|264.45
107611,287.85|569.15
107612,576.3|207.65
107613,242.75|519.85
107614,262.65|589.1
107615,343.75|267.8
107616,592.65|399.85
107617,517.55|497.25
107618,397.6|304.5
107619,415.3|391.1
107620,218.55|422.25
107621,219.8|307.35
107622,231.1|423.45
107623,527.65|556.55
107624,359.6|398.2
107625,379.8|444.85
107626,245.45|550.9
107627,466.75|336.75
107628,588.7|440.3
107629,576.0|449.1
107630,258.25|411.2
107631,350.15|583.35
107632,418.75|440.45
107633,340.05|507.15
107634,588.15|268.3
107635,348.4|418.75
107636,221.6|278.3
107637,559.55|244.2
107638,406.05|478.7
107639,312.05|338.4
107640,257.45|549.85
107641,373.95|271.85
107642,405.2|458.25
107643,543.85|234.65
107644,473.0|277.35
107645,449.45|267.05
107646,462.05|480.25
107647,290.2|353.4
107648,344.6|505.85
107649,220.55|304.55
107650,584.3|377.55
107651,445.4|400.65
107652,221.05|385.55
107653,466.35|463.9
107654,282.8|388.25
107655,587.4|482.3
107656,388.55|548.1
107657,473.2|272.9
107658,232.5|581.75
107659,235.6|288.7
107660,254.9|591.4
107661,350.05|408.0
107662,446.25|513.2
107663,554.8|227.9
107664,364.45|521.65
107665,208.55|320.3
107666,389.25|326.25
107667,355.5|260.05
107668,329.25|419.8
107669,215.75|473.95
107670,562.3|574.25
107671,235.95|437.2
107672,345.2|446.1
107673,293.2|352.6
107674,587.9|351.65
107675,450.65|435.6
107676,477.65|353.95
107677,320.75|399.75
107678,310.3|424.8
107679,221.95|292.8
107680,350.35|504.55
107681,573.6|255.45
107682,560.85|537.95
107683,281.0|338.1
107684,463.3|257.3
107685,482.15|288.55
107686,404.7|219.7
107687,462.1|290.9
107688,565.35|540.5
107689,444.7|224.6
107690,392.55|369.7
107691,368.5|393.3
107692,561.7|214.45
107693,419.2|415.85
107694,532.5|457.7
107695,592.15|567.7
107696,228.8|546.5
107697,455.9|359.25
107698,363.9|341.5
107699,239.55|415.35
107700,589.15|466.0
107701,418.5|216.95
107702,539.1|254.75
107703,386.95|300.25
107704,379.15|254.85
107705,570.25|467.65
107706,210.65|493.4
107707,400.2|296.75
107708,571.25|464.5
107709,455.0|524.2
107710,429.0|551.95
107711,518.4|495.3
107712,548.9|350.65
107713,235.0|390.15
107714,480.75|231.15
107715,555.2|560.6
107716,322.9|476.45
107717,211.55|588.5
107718,354.05|446.5
107719,377.35|275.9
107720,232.2|368.9
107721,576.15|224.35
107722,225.75|291.85
107723,467.15|438.8
107724,559.7|548.55
107725,326.8|312.5
107726,246.35|288.05
107727,433.55|224.75
107728,368.8|540.15
107729,406.5|517.2
107730,275.4|444.0
107731,547.75|588.8
107732,538.4|438.6
107733,451.85|524.95
107734,589.75|410.05
107735,408.75|438.0
107736,392.7|478.95
107737,567.95|221.7
107738,527.0|504.8
107739,272.35|547.9
107740,579.55|330.45
107741,395.85|566.8
107742,350.8|425.5
107743,460.95|537.3
107744,444.3|490.8
107745,358.95|467.75
107746,574.2|449.05
107747,227.8|565.65
107748,459.05|393.8
107749,545.35|488.95
107750,462.1|497.75
107751,362.15|580.45
107752,387.8|283.9
107753,257.2|361.4
107754,448.5|308.05
107755,412.5|483.65
107756,368.4|208.2
107757,539.45|591.25
107758,261.65|414.25
107759,459.0|435.05
107760,465.55|530.65
107761,409.25|541.15
107762,228.65|496.4
107763,472.6|341.25
107764,550.55|496.9
107765,388.5|264.9
107766,347.85|262.1
107767,213.55|404.55
107768,435.15|590.05
107769,220.65|226.95
107770,242.55|392.05
107771,371.95|395.2
107772,440.2|482.15
107773,407.45|590.4
107774,388.35|451.95
107775,567.35|272.6
107776,341.1|367.55
107777,592.75|384.45
107778,568.05|529.05
107779,245.45|268.2
107780,363.5|590.75
107781,419.1|371.25
107782,457.75|281.2
107783,437.8|219.65
107784,339.15|327.1
107785,533.75|576.9
107786,250.95|365.95
107787,502.55|518.0
107788,401.2|514.65
107789,495.1|479.15
107790,277.6|342.65
107791,372.95|564.45
107792,401.45|299.95
107793,343.8|236.75
107794,429.4|591.8
107795,452.35|592.8
107796,278.9|451.85
107797,250.7|543.85
107798,371.4|589.35
107799,427.2|230.8
107800,405.7|333.15
107801,211.0|279.15
107802,444.6|299.15
107803,238.85|517.6
107804,589.8|280.55
107805,471.25|328.7
107806,562.65|274.0
107807,338.85|229.05
107808,377.95|296.95
107809,524.85|451.55
107810,430.95|427.15
107811,370.6|500.85
107812,344.8|426.25
107813,243.25|304.05
107814,393.5|591.45
107815,227.6|474.6
107816,554.65|290.2
107817,224.3|448.25
107818,507.85|299.0
107819,234.95|371.95
107820,343.45|560.85
107821,358.4|221.3
107822,343.0|512.45
107823,271.5|359.25
107824,285.15|387.75
107825,386.1|494.95
107826,470.55|232.65
107827,492.0|544.25
107828,353.4|305.15
107829,440.85|452.4
107830,593.7|421.15
107831,237.2|410.0
107832,577.3|588.8
107833,213.8|584.45
107834,522.4|488.7
107835,213.85|234.35
107836,547.6|429.6
107837,357.8|335.8
107838,289.2|328.75
107839,469.5|279.3
107840,461.85|249.9
107841,270.45|278.6
107842,237.2|272.45
107843,362.05|223.8
107844,215.8|560.1
107845,217.1|385.9
107846,468.0|278.55
107847,468.65|443.45
107848,585.15|326.9
107849,515.75|456.2
107850,425.45|572.45
107851,449.5|394.4
107852,329.35|235.25
107853,441.7|497.9
107854,367.8|208.15
107855,266.4|230.45
107856,226.85|346.4
107857,361.7|367.55
107858,587.95|402.85
107859,394.35|346.2
107860,280.5|229.3
107861,404.95|333.65
107862,211.5|525.45
107863,346.0|561.65
107864,286.1|418.2
107865,588.9|475.15
107866,222.8|461.85
107867,519.0|470.0
107868,361.35|304.0
107869,259.25|253.25
107870,328.3|289.8
107871,518.1|547.45
107872,509.45|438.8
107873,398.55|473.0
107874,394.35|525.1
107875,456.7|389.7
107876,342.4|591.2
107877,373.0|226.05
107878,565.0|576.15
107879,392.2|486.4
107880,541.05|509.2
107881,591.25|351.0
107882,376.05|420.15
107883,439.65|463.4
107884,438.9|571.6
107885,300.5|286.55
107886,394.65|298.65
107887,355.4|467.9
107888,347.4|528.35
107889,411.1|335.5
107890,305.9|349.9
107891,531.1|364.9
107892,424.35|319.05
107893,257.2|325.35
107894,526.6|436.15
107895,341.1|365.4
107896,555.6|517.9
107897,356.35|529.7
107898,262.65|227.7
107899,529.3|511.7
107900,389.05|208.3
107901,293.2|480.2
107902,531.7|343.65
107903,295.6|331.75
107904,586.85|543.8
107905,216.25|218.6
107906,452.6|486.65
107907,272.05|582.1
107908,466.5|487.65
107909,440.55|373.3
107910,547.3|564.05
107911,410.0|229.65
107912,326.65|491.9
107913,340.5|346.5
107914,405.65|374.85
107915,415.9|271.4
107916,526.7|423.65
107917,462.85|432.0
107918,368.85|280.75
107919,259.15|564.8
107920,563.0|385.7
107921,288.1|381.8
107922,365.0|457.0
107923,485.55|234.75
107924,387.6|495.65
107925,401.7|234.1
107926,523.7|516.35
107927,560.25|585.7
107928,318.0|513.25
107929,373.3|419.15
107930,207.25|541.15
107931,207.3|521.6
107932,568.35|260.6
107933,250.75|568.75
107934,225.25|427.9
107935,254.1|304.4
107936,316.95|361.3
107937,435.1|457.5
107938,410.85|211.6
107939,371.8|489.25
107940,503.25|531.9
107941,423.15|438.85
107942,584.15|564.3
107943,506.45|422.3
107944,455.3|369.35
107945,390.95|274.4
107946,477.15|353.0
107947,494.8|462.3
107948,382.9|230.3
107949,524.7|511.8
107950,341.5|228.15
107951,260.65|260.25
107952,433.7|578.35
107953,223.3|237.9
107954,319.95|374.1
107955,446.45|229.2
107956,301.65|440.85
107957,379.7|386.85
107958,442.35|412.8
107959,444.1|517.75
107960,260.3|376.15
107961,452.75|432.9
107962,523.65|531.65
107963,354.25|266.25
107964,324.25|362.45
107965,536.3|298.35
107966,410.7|219.65
107967,560.65|438.1
107968,594.8|423.45
107969,336.7|256.95
107970,457.35|566.1
107971,364.6|572.45
107972,234.9|214.05
107973,236.25|586.7
107974,311.2|452.9
107975,237.4|480.65
107976,274.6|299.9
107977,342.4|563.35
107978,517.4|466.3
107979,225.6|413.7
107980,346.65|334.2
107981,349.85|546.95
107982,569.65|267.15
107983,543.25|526.3
107984,271.0|348.1
107985,564.5|306.55
107986,302.6|439.1
107987,209.1|587.75
107988,566.8|591.25
107989,401.9|480.3
107990,376.05|268.0
107991,379.6|510.85
107992,463.95|247.9
107993,430.5|477.2
107994,483.35|221.15
107995,303.75|311.5
107996,530.3|300.15
107997,430.5|424.0
107998,215.8|575.8
107999,588.95|586.2
108000,417.4|585.2
108001,268.65|535.1
108002,441.55|444.0
108003,248.95|286.9
108004,216.1|582.4
108005,524.6|500.0
108006,465.35|519.35
108007,593.2|413.8
108008,429.85|326.3
108009,266.3|220.15
108010,461.7|528.5
108011,550.0|547.4
108012,259.6|357.55
108013,390.3|328.6
108014,347.2|221.85
108015,391.6|269.7
108016,400.95|297.1
108017,357.65|474.1
108018,291.35|531.65
108019,354.5|300.15
108020,333.4|349.0
108021,415.05|586.0
108022,266.45|580.4
108023,213.15|264.0
108024,440.2|334.95
108025,469.0|252.45
108026,395.35|567.65
108027,357.75|329.05
108028,459.35|564.6
108029,446.2|590.7
108030,425.05|330.3
108031,228.6|216.1
108032,555.2|270.2
108033,437.05|531.4
108034,396.8|496.9
108035,470.95|314.95
108036,252.65|225.65
108037,370.35|585.6
108038,496.75|336.85
108039,547.35|479.7
108040,284.65|562.9
108041,361.15|311.5
108042,423.7|504.35
108043,489.2|583.15
108044,368.8|308.35
108045,423.9|252.4
108046,431.4|568.8
108047,254.2|437.05
108048,373.75|485.95
108049,372.15|364.2
108050,535.15|512.95
108051,386.65|218.5
108052,269.75|496.55
108053,228.95|465.1
108054,426.55|257.6
108055,364.45|360.4
108056,446.9|442.55
108057,330.25|384.15
108058,226.25|282.65
108059,306.15|307.05
108060,420.4|294.5
108061,232.15|584.45
108062,363.95|462.65
108063,223.05|477.65
108064,245.9|395.65
108065,292.4|593.5
108066,242.8|227.85
108067,378.8|575.25
108068,351.05|390.75
108069,548.95|526.7
108070,280.45|576.9
108071,382.9|354.75
108072,258.75|342.75
108073,570.3|437.9
108074,225.85|210.5
108075,377.2|405.5
108076,536.6|431.05
108077,591.05|262.45
108078,262.9|556.7
108079,374.1|258.95
108080,346.45|377.7
108081,277.15|293.5
108082,403.2|469.95
108083,274.4|428.35
108084,529.8|573.8
108085,261.55|418.8
108086,290.95|535.05
108087,398.35|586.5
108088,369.55|500.15
108089,557.55|485.3
108090,218.1|455.15
108091,254.15|561.5
108092,219.85|501.1
108093,435.7|559.25
108094,212.75|484.5
108095,572.7|334.95
108096,552.1|288.3
108097,426.9|240.5
108098,400.65|485.9
108099,357.85|580.5
108100,554.25|368.75
108101,320.15|368.8
108102,230.15|265.15
108103,269.65|479.35
108104,506.55|257.7
108105,470.25|563.3
108106,359.85|413.1
108107,427.65|557.85
108108,466.45|450.15
108109,535.95|592.1
108110,587.95|477.45
108111,241.15|218.25
108112,229.15|377.6
108113,337.8|350.6
108114,459.9|471.4
108115,469.4|534.65
108116,397.35|582.35
108117,309.9|251.3
108118,431.9|587.7
108119,247.45|276.65
108120,213.7|282.85
108121,219.6|280.3
108122,447.7|508.8
108123,522.55|338.5
108124,243.95|590.35
108125,584.6|212.7
108126,473.4|352.9
108127,364.8|265.15
108128,212.6|257.55
108129,335.85|531.15
108130,249.85|356.95
108131,278.75|489.5
108132,527.15|431.9
108133,549.65|299.3
108134,365.1|578.25
108135,543.25|558.75
108136,591.1|500.4
108137,394.05|405.6
108138,582.2|466.0
108139,346.2|440.55
108140,220.75|388.45
108141,253.8|255.85
108142,352.85|404.35
108143,571.95|590.25
108144,554.05|298.35
108145,335.25|284.6
108146,539.6|325.95
108147,284.6|409.9
108148,384.85|211.0
108149,575.05|516.4
108150,465.1|479.15
108151,551.75|241.6
108152,467.2|500.75
108153,457.25|429.5
108154,419.05|373.9
108155,282.45|358.6
108156,349.8|583.2
108157,416.25|348.45
108158,557.3|466.6
108159,555.65|445.95
108160,395.75|283.0
108161,232.85|222.85
108162,344.75|448.65
108163,522.1|439.8
108164,568.7|353.85
108165,256.65|505.1
108166,360.4|270.6
108167,346.85|353.25
108168,259.8|238.95
108169,348.35|238.7
108170,405.1|590.85
108171,351.3|360.5
108172,563.0|275.45
108173,204.25|539.05
108174,231.75|380.25
108175,365.6|429.25
108176,583.2|446.7
108177,205.5|498.25
108178,298.05|587.15
108179,245.9|512.05
108180,588.2|567.9
108181,459.45|458.7
108182,225.45|497.7
108183,287.65|289.5
108184,239.3|269.7
108185,257.7|230.8
108186,494.55|507.65
108187,551.6|335.2
108188,218.95|419.6
108189,368.95|329.3
108190,356.7|557.55
108191,418.0|394.3
108192,239.45|373.45
108193,254.55|290.45
108194,459.75|221.8
108195,282.95|352.05
108196,219.85|210.9
108197,457.2|350.25
108198,275.7|459.95
108199,461.0|503.35
108200,426.65|556.55
108201,241.2|580.4
108202,310.3|433.25
108203,228.9|591.15
108204,564.4|308.65
108205,341.25|421.85
108206,516.5|527.6
108207,309.85|321.25
108208,219.7|311.85
108209,462.55|394.8
108210,523.7|225.75
108211,213.2|319.7
108212,388.95|451.35
108213,285.35|553.1
108214,563.05|514.85
108215,354.65|408.65
108216,464.85|263.1
108217,282.3|476.1
108218,464.05|237.25
108219,414.15|550.2
108220,461.7|211.35
108221,528.35|216.6
108222,382.85|252.55
108223,335.55|488.35
108224,559.65|543.2
108225,464.6|531.85
108226,589.25|209.85
108227,564.4|223.55
108228,470.55|351.5
108229,408.9|535.35
108230,461.45|345.1
108231,543.1|348.5
108232,380.85|320.1
108233,442.05|377.7
108234,219.6|451.95
108235,533.95|349.05
108236,284.9|401.0
108237,358.3|287.9
108238,352.6|449.7
108239,353.35|426.95
108240,381.7|545.45
108241,244.8|315.45
108242,251.75|274.65
108243,391.4|315.05
108244,509.9|292.2
108245,426.0|473.7
108246,411.4|548.15
108247,377.5|261.95
108248,207.1|317.8
108249,564.5|305.55
108250,549.45|579.55
108251,568.15|591.35
108252,275.5|405.0
108253,245.3|233.7
108254,520.15|456.4
108255,270.75|238.45
108256,454.35|391.15
108257,207.1|335.0
108258,276.85|461.0
108259,392.5|307.5
108260,287.6|541.4
108261,568.55|270.45
108262,588.9|569.25
108263,413.85|429.65
108264,462.0|570.05
108265,386.45|219.4
108266,587.6|332.0
108267,282.45|484.25
108268,336.65|424.65
108269,262.0|558.0
108270,555.25|548.9
108271,441.3|519.3
108272,213.15|590.85
108273,360.4|418.65
108274,560.0|342.05
108275,203.7|488.9
108276,427.85|347.95
108277,512.9|353.8
108278,554.0|432.2
108279,256.95|243.4
108280,562.0|590.25
108281,340.3|556.45
108282,496.05|462.7
108283,455.8|562.4
108284,272.3|297.7
108285,291.3|401.25
108286,423.1|367.85
108287,206.9|496.45
108288,404.45|494.05
108289,207.75|508.6
108290,206.45|578.35
108291,404.4|564.65
108292,588.85|567.1
108293,583.7|369.4
108294,458.1|535.85
108295,337.55|561.35
108296,483.0|487.35
108297,541.45|312.55
108298,246.1|368.9
108299,403.9|559.55
108300,253.3|279.65
108301,536.7|487.0
108302,204.85|508.25
108303,300.95|358.6
108304,214.25|489.3
108305,366.55|452.3
108306,535.95|536.3
108307,390.25|448.1
108308,365.25|333.9
108309,400.4|208.1
108310,576.0|419.7
108311,500.2|500.45
108312,426.2|377.0
108313,359.2|492.85
108314,239.65|371.0
108315,484.95|481.9
108316,446.1|274.15
108317,274.7|278.7
108318,446.15|367.5
108319,447.55|261.15
108320,261.45|280.4
108321,580.75|467.55
108322,519.05|442.5
108323,400.6|394.7
108324,362.8|436.4
108325,580.05|471.2
108326,551.15|430.3
108327,560.7|444.3
108328,590.0|555.9
108329,566.55|521.15
108330,295.1|484.0
108331,453.8|364.05
108332,411.5|334.45
108333,483.8|216.25
108334,344.75|589.25
108335,210.45|321.65
108336,424.05|341.85
108337,265.9|266.05
108338,246.0|546.15
108339,225.8|327.7
108340,553.55|573.7
108341,204.95|451.45
108342,373.05|494.6
108343,386.3|233.25
108344,536.8|402.35
108345,359.7|486.35
108346,291.35|568.35
108347,435.95|228.35
108348,330.2|288.6
108349,353.9|213.5
108350,412.0|588.2
108351,453.65|506.45
108352,397.6|503.9
108353,594.45|553.5
108354,517.95|552.9
108355,537.55|226.85
108356,386.75|317.8
108357,587.55|282.05
108358,246.1|391.2
108359,355.55|440.8
108360,390.95|270.1
108361,559.85|387.65
108362,229.2|594.55
108363,303.85|362.7
108364,441.65|479.65
108365,206.55|486.7
108366,544.6|341.25
108367,579.55|296.55
108368,425.95|214.1
108369,301.7|406.8
108370,266.55|393.45
108371,274.1|379.5
108372,272.5|230.75
108373,281.7|483.7
108374,227.95|506.45
108375,546.35|455.3
108376,585.75|405.0
108377,465.85|431.85
108378,542.8|465.75
108379,420.5|218.15
108380,564.3|477.95
108381,249.1|450.6
108382,374.35|588.9
108383,394.25|391.15
108384,274.45|435.05
108385,264.6|221.9
108386,343.65|293.4
108387,257.65|285.0
108388,475.95|374.05
108389,237.85|342.95
108390,298.9|332.85
108391,471.85|323.55
108392,574.95|306.75
108393,394.9|344.55
108394,261.4|444.05
108395,386.4|302.25
108396,440.05|550.8
108397,434.25|523.3
108398,465.15|260.5
108399,431.1|439.65
108400,291.95|294.4
108401,563.25|419.4
108402,437.25|210.35
108403,344.7|405.4
108404,402.25|390.2
108405,583.0|256.65
108406,537.55|520.75
108407,576.75|527.1
108408,472.5|218.85
108409,414.5|471.85
108410,586.75|433.0
108411,555.5|368.5
108412,453.65|276.9
108413,403.7|337.05
108414,253.05|403.95
108415,209.7|321.6
108416,473.25|448.2
108417,584.6|354.0
108418,371.45|557.4
108419,410.7|282.25
108420,400.25|204.95
108421,592.45|273.15
108422,269.95|454.9
108423,253.35|266.5
108424,460.95|352.85
108425,453.7|588.0
108426,339.65|328.0
108427,539.1|264.45
108428,590.7|565.1
108429,593.55|405.4
108430,232.05|473.95
108431,262.3|362.0
108432,438.55|390.3
108433,364.1|405.15
108434,416.15|470.65
108435,364.05|454.25
108436,404.15|307.1
108437,442.35|477.5
108438,564.4|464.9
108439,565.85|333.9
108440,281.75|270.1
108441,422.7|426.85
108442,266.65|592.8
108443,499.1|492.15
108444,265.05|412.05
108445,286.25|591.85
108446,518.4|506.45
108447,252.5|410.2
108448,250.35|588.55
108449,400.85|231.0
108450,373.55|394.5
108451,561.65|243.05
108452,219.4|590.5
108453,349.6|561.15
108454,301.55|340.75
108455,290.35|396.55
108456,474.05|311.65
108457,346.15|283.1
108458,341.0|262.45
108459,471.3|383.45
108460,351.0|437.2
108461,400.6|591.85
108462,552.4|281.9
108463,427.15|495.5
108464,274.75|522.55
108465,585.05|528.6
108466,556.1|585.55
108467,407.45|399.35
108468,409.65|243.5
108469,522.95|355.15
108470,280.45|496.45
108471,572.8|523.4
108472,473.8|372.05
108473,265.55|324.85
108474,419.45|458.2
108475,569.05|364.8
108476,591.4|411.25
108477,585.15|468.05
108478,250.9|239.5
108479,361.85|292.0
108480,208.0|238.5
108481,361.15|596.05
108482,236.65|557.65
108483,456.55|552.0
108484,499.3|239.85
108485,359.3|374.0
108486,402.1|340.3
108487,563.4|414.65
108488,407.55|588.75
108489,378.2|210.95
108490,350.35|310.3
108491,404.35|245.75
108492,561.4|347.1
108493,212.4|349.9
108494,324.6|362.2
108495,451.4|445.2
108496,276.65|295.6
108497,552.1|501.55
108498,593.0|406.25
108499,340.55|322.35
108500,454.0|448.2
108501,298.35|382.1
108502,285.85|508.6
108503,245.6|406.3
108504,249.1|360.2
108505,565.05|223.15
108506,260.0|279.3
108507,413.65|538.15
108508,330.5|590.15
108509,434.3|523.4
108510,541.3|318.95
108511,387.4|272.1
108512,513.75|451.25
108513,371.9|397.75
108514,594.2|559.95
108515,485.3|213.65
108516,474.75|339.9
108517,566.55|451.05
108518,461.45|295.2
108519,281.55|530.35
108520,534.35|262.6
108521,249.65|574.6
108522,510.8|524.8
108523,277.05|267.5
108524,361.05|349.25
108525,562.65|499.0
108526,383.0|215.25
108527,207.1|527.7
108528,491.7|420.0
108529,429.5|543.45
108530,247.25|247.9
108531,293.7|400.15
108532,215.55|254.45
108533,538.0|526.75
108534,417.85|467.35
108535,465.55|360.7
108536,579.05|503.2
108537,284.3|502.35
108538,515.55|469.55
108539,531.7|516.55
108540,554.45|251.3
108541,341.75|239.1
108542,259.3|429.9
108543,586.5|357.1
108544,478.7|276.95
108545,343.05|358.05
108546,455.5|215.45
108547,383.2|277.8
108548,247.75|347.7
108549,522.3|321.1
108550,453.25|391.0
108551,393.9|331.55
108552,527.65|357.1
108553,260.7|541.55
108554,393.2|570.95
108555,522.9|358.45
108556,270.8|589.4
108557,585.6|363.2
108558,342.35|593.35
108559,207.3|241.6
108560,492.85|501.4
108561,538.05|357.65
108562,393.15|330.85
108563,467.0|279.7
108564,262.85|322.05
108565,210.65|407.65
108566,251.85|219.7
108567,371.6|445.55
108568,586.7|587.0
108569,293.1|328.85
108570,393.55|337.3
108571,371.15|218.9
108572,575.8|304.85
108573,367.0|344.95
108574,369.8|238.8
108575,328.4|348.4
108576,468.9|394.5
108577,528.45|447.15
108578,435.55|592.7
108579,321.65|345.7
108580,214.6|288.4
108581,283.45|485.25
108582,386.2|264.35
108583,264.4|379.3
108584,346.95|550.6
108585,207.25|583.25
108586,346.85|212.4
108587,408.1|548.35
108588,576.25|406.5
108589,319.45|357.05
108590,460.95|416.6
108591,455.7|320.2
108592,344.65|428.3
108593,444.55|268.55
108594,428.35|248.45
108595,349.65|399.95
108596,458.65|529.25
108597,356.65|278.4
108598,467.1|336.4
108599,574.8|298.2
108600,275.0|311.85
108601,204.15|494.25
108602,584.45|245.2
108603,227.55|562.35
108604,544.8|282.05
108605,531.0|390.6
108606,487.7|306.75
108607,263.65|268.75
108608,397.65|560.0
108609,487.1|500.0
108610,578.0|562.0
108611,348.05|362.05
108612,426.35|325.6
108613,241.2|235.65
108614,524.5|470.35
108615,584.05|342.95
108616,469.85|486.7
108617,474.9|512.6
108618,531.65|423.3
108619,466.4|451.4
108620,210.25|488.2
108621,342.25|246.9
108622,436.55|563.35
108623,419.3|298.0
108624,481.35|283.4
108625,489.8|468.4
108626,257.15|318.05
108627,561.0|429.25
108628,400.65|304.25
108629,366.1|349.15
108630,584.55|292.5
108631,589.95|225.9
108632,588.35|358.55
108633,534.75|269.55
108634,394.1|258.8
108635,381.8|288.3
108636,545.55|581.7
108637,263.55|553.5
108638,421.45|352.8
108639,458.0|350.25
108640,278.8|565.5
108641,547.5|286.7
108642,381.1|218.15
108643,400.2|353.3
108644,347.6|559.9
108645,260.05|381.75
108646,431.75|343.9
108647,441.4|570.1
108648,488.45|235.4
108649,236.65|461.9
108650,413.75|243.05
108651,255.15|540.8
108652,289.6|529.2
108653,217.45|233.8
108654,557.2|219.75
108655,284.85|445.7
108656,232.25|351.9
108657,384.0|296.3
108658,395.75|349.85
108659,208.6|326.25
108660,426.05|519.5
108661,412.85|310.35
108662,308.1|297.35
108663,272.5|256.55
108664,235.45|575.75
108665,453.0|328.6
108666,395.3|281.4
108667,260.85|503.4
108668,473.5|514.25
108669,519.7|455.2
108670,362.6|448.9
108671,242.65|233.15
108672,468.45|449.85
108673,289.15|372.4
108674,589.0|339.65
108675,432.55|586.05
108676,367.3|591.15
108677,587.65|444.8
108678,349.9|451.4
108679,551.75|461.1
108680,594.65|508.25
108681,548.15|313.5
108682,557.35|429.25
108683,408.1|466.95
108684,470.3|272.2
108685,368.35|473.7
108686,462.35|574.05
108687,407.95|568.55
108688,564.55|292.75
108689,335.4|416.55
108690,223.7|255.75
108691,382.35|577.4
108692,506.45|291.95
108693,349.05|400.2
108694,294.6|438.7
108695,280.5|577.75
108696,375.7|374.55
108697,484.15|553.3
108698,320.2|418.5
108699,266.2|266.35
108700,586.6|363.65
108701,577.25|408.75
108702,273.95|232.7
108703,216.05|302.2
108704,457.65|568.5
108705,349.1|396.85
108706,229.6|558.8
108707,392.0|265.25
108708,371.9|212.95
108709,351.05|577.8
108710,454.15|392.8
108711,594.55|285.95
108712,256.8|566.85
108713,550.45|311.85
108714,337.85|510.6
108715,270.7|561.65
108716,238.95|412.8
108717,397.55|522.55
108718,556.8|550.3
108719,454.45|407.6
108720,298.6|333.0
108721,288.1|428.85
108722,387.95|561.7
108723,471.55|336.15
108724,442.85|352.65
108725,484.4|473.0
108726,327.15|328.6
108727,487.85|515.35
108728,303.05|324.75
108729,439.1|214.75
108730,231.25|272.0
108731,243.6|574.55
108732,346.6|346.45
108733,416.6|358.35
108734,364.35|210.1
108735,353.4|537.7
108736,234.0|308.2
108737,560.65|461.2
108738,253.6|373.0
108739,390.5|326.9
108740,573.25|531.6
108741,411.3|388.35
108742,483.7|443.45
108743,433.75|370.6
108744,402.35|568.4
108745,270.0|540.3
108746,384.2|326.3
108747,503.0|365.95
108748,576.15|285.4
108749,228.4|210.05
108750,426.8|491.7
108751,475.35|505.05
108752,567.7|478.9
108753,566.4|232.75
108754,448.2|593.45
108755,453.7|385.4
108756,591.85|592.1
108757,219.45|416.4
108758,539.95|576.75
108759,424.95|459.95
108760,460.15|451.35
108761,426.95|557.45
108762,228.05|289.55
108763,358.55|326.1
108764,470.9|337.6
108765,349.25|218.05
108766,345.55|521.8
108767,547.1|444.45
108768,439.25|519.8
108769,453.7|289.1
108770,257.15|231.1
108771,355.3|508.15
108772,227.4|412.2
108773,551.7|273.1
108774,367.55|215.45
108775,270.0|584.0
108776,588.4|400.85
108777,446.45|394.0
108778,482.8|333.3
108779,251.15|499.25
108780,576.1|504.1
108781,461.95|439.05
108782,466.8|314.55
108783,419.45|583.35
108784,218.1|348.1
108785,239.95|557.35
108786,455.2|577.8
108787,388.1|347.55
108788,573.2|502.9
108789,265.9|251.45
108790,575.6|380.2
108791,487.05|311.9
108792,487.9|526.25
108793,233.1|445.05
108794,362.9|255.4
108795,454.4|283.4
108796,296.75|400.15
108797,586.05|277.8
108798,466.85|246.2
108799,284.2|462.75
108800,226.85|583.75
108801,556.95|574.65
108802,476.75|237.95
108803,379.2|312.4
108804,595.75|400.65
108805,419.65|506.65
108806,419.75|584.75
108807,350.65|210.5
108808,454.9|298.65
108809,249.9|268.25
108810,420.3|306.25
108811,584.2|335.25
108812,315.05|406.2
108813,515.95|434.75
108814,548.95|287.9
108815,455.85|214.1
108816,243.2|568.45
108817,358.4|333.65
108818,464.95|514.3
108819,470.3|506.05
108820,348.2|408.65
108821,549.45|247.4
108822,214.5|502.05
108823,562.1|582.25
108824,212.8|524.55
108825,576.25|251.45
108826,214.2|329.45
108827,446.95|469.05
108828,347.45|246.95
108829,344.7|434.9
108830,551.4|522.55
108831,466.25|474.5
108832,398.9|591.2
108833,433.6|314.95
108834,570.05|231.4
108835,401.35|434.05
108836,539.6|524.95
108837,343.95|568.2
108838,425.4|577.75
108839,572.45|464.3
108840,227.6|387.1
108841,216.35|261.65
108842,462.3|395.3
108843,282.65|256.3
108844,449.7|553.0
108845,352.95|499.9
108846,359.65|246.35
108847,571.75|340.15
108848,224.95|317.2
108849,457.55|449.05
108850,212.0|551.5
108851,347.3|323.9
108852,421.85|251.65
108853,387.7|383.5
108854,579.15|429.45
108855,433.4|372.2
108856,421.65|438.3
108857,411.0|488.45
108858,224.95|493.4
108859,479.15|316.95
108860,467.5|374.7
108861,401.9|569.45
108862,476.3|579.4
108863,212.45|224.7
108864,549.75|376.6
108865,534.4|483.15
108866,229.85|582.6
108867,389.65|487.2
108868,382.55|287.95
108869,379.05|204.85
108870,235.95|253.8
108871,424.6|582.6
108872,344.0|533.6
108873,396.35|373.55
108874,574.05|487.3
108875,357.1|477.35
108876,442.9|587.45
108877,448.9|487.6
108878,413.95|406.05
108879,235.55|510.7
108880,332.55|431.1
108881,575.1|503.1
108882,263.55|433.55
108883,371.0|478.8
108884,525.2|468.7
108885,388.5|473.3
108886,471.4|312.85
108887,271.85|361.55
108888,416.95|458.6
108889,386.4|492.45
108890,390.65|514.75
108891,366.35|564.4
108892,385.0|377.3
108893,549.35|526.8
108894,268.0|419.5
108895,288.8|368.3
108896,332.45|496.75
108897,338.7|491.9
108898,297.75|590.9
108899,248.7|325.15
108900,233.45|222.6
108901,224.5|590.25
108902,248.35|470.75
108903,531.85|303.1
108904,513.05|334.45
108905,526.3|508.75
108906,591.7|389.85
108907,265.75|258.3
108908,407.8|341.5
108909,517.15|502.5
108910,582.65|416.3
108911,238.55|252.15
108912,413.25|505.25
108913,560.9|332.45
108914,470.5|369.45
108915,580.5|584.3
108916,465.55|311.15
108917,231.6|336.35
108918,454.6|569.0
108919,323.6|492.75
108920,433.05|533.6
108921,211.7|585.5
108922,595.4|393.2
108923,581.2|567.45
108924,445.5|537.65
108925,482.8|490.1
108926,533.0|311.3
108927,346.75|546.85
108928,337.65|252.15
108929,207.0|531.2
108930,382.0|593.7
108931,583.45|401.4
108932,207.5|221.4
108933,210.45|296.9
108934,403.5|338.75
108935,395.95|493.1
108936,406.65|347.5
108937,363.85|394.5
108938,588.2|291.25
108939,433.2|494.8
108940,592.65|408.35
108941,214.5|254.7
108942,449.1|532.05
108943,437.0|493.35
108944,453.65|245.6
108945,230.55|499.15
108946,369.0|331.25
108947,526.8|435.25
108948,247.05|216.25
108949,219.35|217.65
108950,353.6|585.65
108951,521.05|261.75
108952,212.9|530.75
108953,493.8|470.25
108954,231.9|501.2
108955,440.05|219.4
108956,323.1|339.6
108957,276.85|420.75
108958,365.9|209.15
108959,583.65|289.25
108960,409.2|398.95
108961,525.45|363.75
108962,515.5|414.35
108963,567.65|559.7
108964,395.0|269.75
108965,428.85|484.45
108966,208.45|567.75
108967,556.0|298.5
108968,348.8|529.3
108969,364.0|589.7
108970,546.2|482.95
108971,241.95|482.3
108972,430.0|590.4
108973,585.1|213.9
108974,445.35|547.0
108975,357.4|554.7
108976,554.1|482.55
108977,358.65|434.5
108978,439.5|499.05
108979,545.4|454.05
108980,570.8|269.7
108981,577.35|260.2
108982,573.45|496.8
108983,458.4|569.2
108984,580.45|398.9
108985,491.85|500.8
108986,370.1|492.4
108987,408.7|224.25
108988,580.95|374.5
108989,382.4|487.3
108990,209.5|533.6
108991,574.9|267.6
108992,359.15|402.5
108993,592.95|426.3
108994,279.4|394.9
108995,484.3|435.25
108996,441.95|535.75
108997,374.9|233.15
108998,416.35|496.5
108999,428.8|411.3
109000,255.95|488.0
109001,271.85|214.65
109002,590.4|260.8
109003,582.35|492.85
109004,249.05|301.35
109005,445.7|387.55
109006,282.55|409.4
109007,476.7|509.75
109008,219.35|232.85
109009,585.85|494.95
109010,477.5|353.1
109011,344.25|558.55
109012,278.4|424.05
109013,565.7|520.35
109014,220.0|225.35
109015,345.5|380.1
109016,259.95|590.55
109017,378.15|353.4
109018,238.5|353.9
109019,576.3|407.5
109020,213.35|463.75
109021,262.65|548.25
109022,560.7|296.6
109023,251.55|310.55
109024,348.4|291.35
109025,591.2|481.4
109026,301.5|442.6
109027,425.8|590.2
109028,592.55|314.85
109029,567.15|510.3
109030,222.45|486.85
109031,287.9|486.85
109032,234.8|469.25
109033,368.75|485.05
109034,419.45|274.1
109035,241.65|333.1
109036,220.05|512.8
109037,330.25|406.05
109038,577.25|524.55
109039,439.3|588.95
109040,555.65|430.35
109041,551.3|470.15
109042,448.75|528.1
109043,279.2|595.35
109044,255.4|264.3
109045,576.1|333.0
109046,490.5|478.3
109047,350.25|330.8
109048,549.8|490.2
109049,379.55|593.85
109050,586.3|415.6
109051,291.65|469.15
109052,436.9|402.7
109053,339.75|271.65
109054,448.6|479.05
109055,456.0|323.6
109056,375.95|372.25
109057,467.85|348.1
109058,423.4|348.15
109059,378.95|273.1
109060,355.85|330.4
109061,531.5|350.0
109062,361.85|349.8
109063,481.5|334.35
109064,241.8|505.95
109065,455.05|554.45
109066,572.05|310.0
109067,568.45|224.15
109068,240.05|236.7
109069,278.75|375.2
109070,347.5|243.7
109071,466.95|453.3
109072,226.85|357.05
109073,425.15|250.65
109074,341.0|331.65
109075,225.85|513.65
109076,587.4|394.65
109077,260.05|554.65
109078,366.7|359.7
109079,350.9|274.25
109080,576.7|349.0
109081,260.65|509.75
109082,431.25|400.35
109083,314.35|396.75
109084,528.85|447.2
109085,368.5|229.65
109086,343.0|325.8
109087,410.2|351.7
109088,585.05|398.95
109089,268.45|568.7
109090,370.7|484.55
109091,358.55|233.7
109092,589.0|488.35
109093,230.4|400.1
109094,207.5|475.65
109095,371.15|260.45
109096,454.25|238.2
109097,225.55|417.7
109098,587.6|555.6
109099,458.1|557.0
109100,464.5|402.45
109101,217.1|445.85
109102,443.75|270.95
109103,432.95|394.8
109104,348.5|303.9
109105,215.7|543.6
109106,269.4|570.4
109107,529.8|261.0
109108,365.3|376.65
109109,388.35|466.15
109110,457.4|272.0
109111,352.7|280.45
109112,440.15|440.45
109113,472.2|351.75
109114,304.15|376.6
109115,556.45|461.4
109116,230.7|522.8
109117,222.75|229.45
109118,374.05|253.6
109119,218.1|585.8
109120,491.7|239.55
109121,487.25|295.55
109122,307.6|434.3
109123,349.5|206.05
109124,271.9|473.7
109125,253.75|577.35
109126,459.0|573.3
109127,469.9|357.75
109128,222.05|559.4
109129,214.2|465.5
109130,374.75|338.5
109131,293.6|428.35
109132,240.1|500.4
109133,460.6|389.45
109134,517.6|484.55
109135,205.3|241.15
109136,306.1|402.9
109137,384.55|568.7
109138,539.65|437.2
109139,245.6|346.35
109140,338.95|583.6
109141,279.05|343.1
109142,583.0|575.85
109143,575.8|220.0
109144,272.3|263.4
109145,341.15|311.3
109146,551.9|387.85
109147,577.8|299.5
109148,256.7|566.7
109149,252.65|289.25
109150,591.35|268.05
109151,284.75|402.25
109152,560.4|243.35
109153,567.95|212.35
109154,236.05|487.75
109155,466.2|343.45
109156,411.7|403.25
109157,209.1|588.85
109158,347.3|511.8
109159,221.85|284.25
109160,433.75|334.4
109161,229.9|584.1
109162,276.95|426.45
109163,214.85|418.9
109164,264.1|279.5
109165,321.95|382.7
109166,240.35|238.85
109167,483.4|314.25
109168,451.7|220.95
109169,285.5|554.75
109170,258.75|356.25
109171,229.5|285.1
109172,379.45|205.75
109173,569.75|536.05
109174,567.65|442.1
109175,382.2|388.1
109176,344.1|227.2
109177,339.45|359.05
109178,440.5|373.65
109179,425.1|367.5
109180,546.15|379.25
109181,275.15|495.2
109182,270.3|452.2
109183,411.1|540.65
109184,531.0|249.2
109185,434.7|581.7
109186,379.95|338.65
109187,383.65|593.7
109188,479.85|541.4
109189,558.75|464.3
109190,223.55|324.95
109191,232.85|570.45
109192,464.65|349.15
109193,497.2|485.85
109194,509.8|524.0
109195,593.9|549.9
109196,463.7|416.15
109197,431.95|329.55
109198,551.55|546.4
109199,240.25|263.8
109200,307.3|296.9
109201,469.6|283.6
109202,352.85|391.55
109203,427.65|472.15
109204,344.6|242.0
109205,219.9|374.6
109206,344.05|587.0
109207,412.15|232.8
109208,258.7|210.65
109209,359.95|555.3
109210,288.15|328.55
109211,244.25|362.95
109212,565.35|229.55
109213,396.0|369.55
109214,423.7|508.8
109215,429.35|417.1
109216,562.5|298.8
109217,458.65|435.9
109218,455.0|273.45
109219,420.75|313.75
109220,365.45|364.8
109221,551.65|281.15
109222,240.8|497.1
109223,275.75|215.1
109224,552.05|571.1
109225,289.35|470.45
109226,241.05|573.75
109227,414.85|475.3
109228,456.55|434.7
109229,244.7|289.15
109230,415.6|266.65
109231,433.15|302.7
109232,373.7|265.1
109233,544.2|265.4
109234,433.05|335.15
109235,255.5|219.85
109236,543.6|456.0
109237,344.15|368.1
109238,569.75|216.5
109239,481.75|303.5
109240,362.0|593.9
109241,269.4|514.05
109242,283.25|340.05
109243,273.35|494.2
109244,468.5|217.1
109245,427.3|248.5
109246,231.9|401.7
109247,589.1|589.3
109248,283.3|593.3
109249,207.05|481.25
109250,530.7|546.3
109251,342.05|252.65
109252,431.85|213.6
109253,425.65|335.55
109254,432.5|483.5
109255,343.55|557.35
109256,442.7|383.9
109257,586.05|484.8
109258,258.9|571.45
109259,363.85|307.75
109260,285.9|523.15
109261,360.85|209.85
109262,519.6|463.75
109263,403.3|226.5
109264,346.25|357.0
109265,583.2|219.35
109266,466.9|217.05
109267,488.65|313.35
109268,208.6|523.95
109269,286.1|435.4
109270,408.8|441.65
109271,528.15|306.8
109272,345.0|227.0
109273,427.2|299.6
109274,572.15|446.15
109275,433.65|321.0
109276,224.05|401.85
109277,422.5|279.55
109278,218.8|430.65
109279,234.95|527.3
109280,342.6|330.8
109281,266.65|268.85
109282,392.5|305.7
109283,289.7|574.8
109284,542.75|234.55
109285,261.85|410.2
109286,516.8|490.4
109287,228.7|243.15
109288,208.4|372.0
109289,551.7|561.05
109290,450.75|526.1
109291,534.0|502.85
109292,333.4|403.55
109293,469.0|275.65
109294,566.0|529.85
109295,588.9|218.35
109296,382.75|453.75
109297,318.05|364.95
109298,533.25|553.35
109299,576.85|230.15
109300,480.25|548.05
109301,447.95|556.95
109302,571.95|324.15
109303,280.4|284.4
109304,401.4|382.0
109305,553.75|251.0
109306,255.1|441.45
109307,562.45|514.95
109308,479.9|535.4
109309,242.0|368.3
109310,287.05|569.55
109311,467.85|275.9
109312,582.5|234.65
109313,340.05|418.2
109314,367.2|447.75
109315,323.85|330.1
109316,462.0|350.8
109317,218.6|375.75
109318,402.55|487.95
109319,259.05|300.1
109320,456.45|509.75
109321,394.8|564.85
109322,253.05|239.05
109323,542.85|245.55
109324,214.8|297.7
109325,447.7|401.6
109326,478.7|299.05
109327,226.8|428.85
109328,416.9|249.8
109329,591.6|385.3
109330,242.35|540.05
109331,580.1|306.35
109332,286.95|488.65
109333,299.55|429.3
109334,361.45|239.65
109335,243.1|495.7
109336,269.75|585.85
109337,387.75|461.95
109338,562.05|310.25
109339,386.3|260.9
109340,490.45|227.95
109341,333.95|309.5
109342,434.8|485.4
109343,553.0|324.25
109344,277.75|320.35
109345,527.55|547.3
109346,534.7|543.15
109347,273.7|438.15
109348,370.4|348.15
109349,542.2|369.7
109350,379.55|303.1
109351,543.1|253.3
109352,406.8|368.8
109353,522.1|358.35
109354,238.4|437.75
109355,566.6|242.3
109356,582.45|342.2
109357,221.9|309.8
109358,361.55|505.25
109359,547.15|448.0
109360,568.25|315.55
109361,288.55|464.45
109362,291.25|526.95
109363,311.7|590.35
109364,505.05|319.8
109365,400.95|589.65
109366,237.65|491.35
109367,426.2|268.1
109368,383.4|298.1
109369,467.25|527.1
109370,495.0|375.9
109371,213.65|472.25
109372,571.55|416.0
109373,441.85|210.0
109374,336.25|518.25
109375,533.5|519.0
109376,344.65|503.35
109377,219.75|491.9
109378,297.6|395.2
109379,290.7|581.45
109380,431.5|481.7
109381,585.4|327.35
109382,226.65|308.15
109383,449.8|469.55
109384,355.5|206.9
109385,567.35|585.15
109386,588.0|566.9
109387,585.15|366.25
109388,335.65|423.25
109389,443.25|577.05
109390,246.25|226.35
109391,301.8|402.1
109392,405.75|259.7
109393,442.75|482.25
109394,441.05|580.3
109395,415.9|421.55
109396,514.15|444.25
109397,582.2|410.55
109398,594.0|555.3
109399,447.6|431.15
109400,592.9|390.35
109401,474.35|334.25
109402,340.1|588.9
109403,435.45|589.45
109404,237.0|270.45
109405,455.05|534.55
109406,586.5|343.75
109407,590.4|358.7
109408,470.85|481.0
109409,341.55|347.3
109410,362.3|507.75
109411,459.95|496.75
109412,374.2|463.75
109413,414.4|413.25
109414,491.4|394.75
109415,342.85|422.2
109416,474.6|253.95
109417,456.65|587.95
109418,590.55|209.05
109419,211.4|284.0
109420,361.9|338.15
109421,460.9|463.0
109422,218.1|549.3
109423,340.65|557.4
109424,345.95|333.35
109425,321.9|334.05
109426,337.25|520.6
109427,270.9|346.05
109428,341.95|591.45
109429,369.15|348.7
109430,209.4|262.95
109431,267.9|510.45
109432,220.1|465.8
109433,399.95|238.9
109434,440.4|590.65
109435,573.8|519.7
109436,571.15|590.55
109437,436.65|576.15
109438,363.35|577.85
109439,239.95|580.4
109440,588.1|566.5
109441,593.3|359.9
109442,389.45|268.15
109443,564.7|402.15
109444,323.55|350.8
109445,452.0|567.85
109446,247.3|468.1
109447,406.45|526.1
109448,215.45|310.5
109449,208.35|548.25
109450,431.1|229.1
109451,264.65|218.45
109452,406.0|584.4
109453,545.2|531.4
109454,593.85|477.15
109455,492.4|351.25
109456,583.55|572.45
109457,395.3|279.0
109458,532.65|497.6
109459,428.7|255.05
109460,335.75|339.15
109461,342.35|214.35
109462,413.25|369.0
109463,215.15|411.45
109464,295.35|536.4
109465,397.25|217.35
109466,395.2|486.3
109467,350.45|585.4
109468,421.7|391.4
109469,384.05|278.2
109470,411.95|238.2
109471,357.3|274.3
109472,582.45|375.65
109473,457.85|516.85
109474,461.6|437.25
109475,220.55|356.6
109476,300.9|315.15
109477,497.0|456.15
109478,467.2|313.5
109479,438.9|492.8
109480,472.05|453.7
109481,210.1|410.2
109482,542.1|339.25
109483,429.9|379.85
109484,473.1|468.8
109485,545.8|428.55
109486,579.6|421.0
109487,445.35|582.15
109488,565.25|283.3
109489,223.85|333.35
109490,284.7|448.85
109491,363.1|381.2
109492,376.7|214.55
109493,374.5|478.4
109494,251.9|230.05
109495,538.95|225.8
109496,521.6|498.9
109497,407.35|482.65
109498,386.35|291.3
109499,255.1|544.75
109500,478.0|456.05
109501,412.85|225.7
109502,360.4|278.8
109503,352.4|434.95
109504,290.25|315.7
109505,206.6|266.75
109506,571.4|517.65
109507,234.55|543.25
109508,474.95|365.05
109509,373.1|396.0
109510,594.65|268.3
109511,352.25|263.8
109512,286.95|543.95
109513,347.15|520.25
109514,538.7|306.6
109515,352.1|420.5
109516,325.5|407.4
109517,421.6|214.15
109518,368.1|260.1
109519,450.05|518.8
109520,401.45|459.75
109521,579.4|292.35
109522,473.45|276.0
109523,431.1|327.15
109524,531.05|437.0
109525,274.5|280.9
109526,589.15|215.45
109527,276.3|506.4
109528,267.05|560.35
109529,593.9|383.05
109530,236.0|548.6
109531,586.0|333.7
109532,401.45|490.35
109533,570.25|461.1
109534,569.4|475.25
109535,344.85|217.45
109536,294.5|556.15
109537,571.8|234.35
109538,246.0|285.6
109539,319.3|373.15
109540,342.5|326.95
109541,538.1|260.65
109542,394.6|242.5
109543,273.7|420.85
109544,570.9|231.7
109545,339.7|265.8
109546,568.65|499.1
109547,517.6|344.45
109548,392.75|237.65
109549,229.1|558.45
109550,307.9|334.65
109551,211.95|585.7
109552,225.2|304.9
109553,527.15|412.5
109554,435.65|526.85
109555,591.0|263.65
109556,226.25|267.4
109557,359.05|346.8
109558,403.6|488.85
109559,436.6|235.7
109560,353.35|227.65
109561,321.15|408.25
109562,383.25|257.65
109563,485.6|527.8
109564,355.9|546.85
109565,455.35|275.0
109566,549.5|452.95
109567,282.25|427.85
109568,474.55|294.4
109569,562.7|242.45
109570,425.7|527.85
109571,368.3|500.85
109572,355.15|243.7
109573,236.85|278.9
109574,578.45|473.25
109575,333.2|551.4
109576,317.5|384.25
109577,583.75|491.4
109578,233.0|567.65
109579,594.4|374.3
109580,545.8|588.05
109581,329.5|336.8
109582,572.95|230.85
109583,379.95|299.15
109584,301.8|296.15
109585,439.85|508.65
109586,422.15|365.8
109587,352.55|555.0
109588,289.5|508.55
109589,359.3|344.9
109590,514.6|402.45
109591,409.3|497.95
109592,518.9|315.95
109593,492.6|489.0
109594,562.9|278.2
109595,249.9|215.6
109596,269.95|500.45
109597,231.7|586.2
109598,278.85|590.95
109599,444.65|457.4
109600,468.15|446.4
109601,415.35|395.1
109602,336.75|373.75
109603,477.65|245.15
109604,236.55|445.0
109605,232.25|327.0
109606,244.9|571.05
109607,401.0|207.95
109608,493.7|498.6
109609,588.05|513.0
109610,296.35|401.05
109611,390.4|272.4
109612,439.9|541.95
109613,551.0|316.55
109614,551.55|429.5
109615,371.75|340.0
109616,443.4|533.15
109617,553.75|251.2
109618,327.8|304.0
109619,541.8|322.15
109620,367.2|421.35
109621,215.55|236.6
109622,371.55|361.7
109623,434.85|562.8
109624,359.5|264.9
109625,515.9|323.7
109626,572.85|585.4
109627,207.05|315.7
109628,262.05|459.4
109629,463.15|411.45
109630,228.3|419.35
109631,548.2|544.3
109632,449.9|393.7
109633,340.9|247.25
109634,465.75|352.4
109635,582.35|376.65
109636,430.45|565.75
109637,269.65|307.15
109638,341.95|288.65
109639,583.95|219.5
109640,263.9|271.15
109641,345.3|450.0
109642,385.9|247.1
109643,233.55|576.35
109644,267.65|576.9
109645,255.45|421.55
109646,296.4|364.45
109647,455.6|451.9
109648,577.55|432.15
109649,462.35|561.9
109650,577.55|360.5
109651,283.6|449.5
109652,224.65|486.65
109653,516.8|238.2
109654,539.3|314.1
109655,549.35|310.35
109656,392.55|536.65
109657,389.3|285.9
109658,403.35|209.95
109659,373.15|281.65
109660,439.25|385.0
109661,474.85|267.65
109662,517.55|565.8
109663,414.4|401.65
109664,281.95|531.7
109665,433.0|558.6
109666,537.0|310.6
109667,564.95|516.1
109668,545.2|551.3
109669,384.55|441.8
109670,578.75|480.45
109671,587.65|335.45
109672,546.7|297.85
109673,351.95|443.9
109674,338.85|405.1
109675,408.85|342.75
109676,570.0|518.1
109677,293.6|578.2
109678,299.8|420.5
109679,461.0|452.75
109680,281.8|445.6
109681,379.05|432.4
109682,449.05|433.25
109683,427.2|489.3
109684,271.1|490.95
109685,296.9|318.75
109686,284.4|539.8
109687,240.3|250.8
109688,511.45|347.5
109689,523.5|509.65
109690,472.75|574.05
109691,438.35|541.4
109692,574.9|537.4
109693,402.95|564.25
109694,393.6|511.65
109695,578.65|333.35
109696,367.35|384.8
109697,466.55|462.45
109698,568.25|344.75
109699,459.65|238.95
109700,324.25|354.0
109701,592.6|559.9
109702,367.1|593.15
109703,227.9|239.75
109704,433.5|337.85
109705,282.95|590.85
109706,463.55|379.6
109707,409.3|366.15
109708,275.5|538.25
109709,381.15|483.4
109710,526.5|281.85
109711,591.4|491.05
109712,550.9|538.75
109713,423.9|207.95
109714,436.65|442.8
109715,425.2|555.15
109716,345.65|378.1
109717,592.8|582.15
109718,231.95|587.55
109719,560.05|528.75
109720,280.05|332.6
109721,457.25|437.45
109722,366.05|549.6
109723,297.6|552.55
109724,362.65|252.75
109725,563.7|285.0
109726,462.8|392.6
109727,517.45|344.7
109728,530.35|559.9
109729,574.5|311.55
109730,560.75|244.4
109731,540.2|289.8
109732,475.05|228.4
109733,406.85|584.35
109734,266.25|375.0
109735,349.65|411.35
109736,530.45|561.9
109737,413.15|461.8
109738,253.3|403.1
109739,430.6|417.05
109740,397.4|449.45
109741,279.0|382.15
109742,262.3|285.9
109743,586.0|517.0
109744,359.35|284.8
109745,272.05|557.45
109746,397.1|259.1
109747,275.7|327.25
109748,527.7|398.6
109749,535.95|494.1
109750,476.25|269.5
109751,441.65|341.8
109752,377.65|496.95
109753,594.2|359.1
109754,321.05|365.85
109755,532.5|347.0
109756,539.75|441.25
109757,358.95|307.7
109758,385.7|372.15
109759,268.7|482.45
109760,291.3|505.9
109761,357.2|591.8
109762,389.4|297.45
109763,406.1|353.9
109764,495.3|457.95
109765,356.45|222.35
109766,245.4|223.5
109767,501.7|483.9
109768,258.2|240.0
109769,462.75|576.5
109770,435.75|590.95
109771,262.85|286.25
109772,258.0|588.45
109773,259.8|531.75
109774,344.35|231.25
109775,339.5|323.05
109776,539.45|337.85
109777,303.85|379.85
109778,241.85|570.7
109779,253.4|357.1
109780,277.2|355.0
109781,595.35|391.1
109782,402.15|244.65
109783,583.1|344.6
109784,474.75|460.05
109785,581.85|466.55
109786,265.5|231.6
109787,537.3|565.8
109788,453.05|329.45
109789,237.35|292.7
109790,441.25|534.35
109791,405.85|231.3
109792,402.95|379.2
109793,365.85|262.7
109794,250.25|567.7
109795,307.05|400.45
109796,527.9|461.15
109797,350.5|343.4
109798,248.45|227.8
109799,342.15|522.3
109800,535.0|532.15
109801,469.75|299.7
109802,491.5|361.4
109803,571.7|496.75
109804,462.75|287.05
109805,592.15|424.05
109806,530.85|496.55
109807,262.25|564.7
109808,502.55|480.3
109809,229.4|314.0
109810,320.95|391.8
109811,573.55|589.2
109812,591.25|261.95
109813,359.45|575.35
109814,413.9|415.9
109815,359.75|503.9
109816,446.35|589.6
109817,336.2|253.7
109818,206.95|468.75
109819,266.55|260.3
109820,410.5|522.75
109821,442.65|304.05
109822,453.55|478.45
109823,420.15|389.1
109824,277.15|543.0
109825,209.15|470.7
109826,338.8|383.7
109827,346.05|328.5
109828,441.6|513.95
109829,217.4|572.7
109830,464.55|562.25
109831,583.2|576.8
109832,241.85|320.8
109833,359.95|545.3
109834,338.05|328.25
109835,566.65|401.85
109836,234.85|386.45
109837,536.2|322.85
109838,464.05|457.0
109839,324.95|482.4
109840,255.5|357.6
109841,358.75|455.95
109842,265.8|579.1
109843,435.35|437.0
109844,343.15|408.85
109845,419.15|414.7
109846,288.05|445.95
109847,592.65|355.45
109848,444.2|505.8
109849,595.45|513.95
109850,259.5|556.65
109851,261.7|341.9
109852,347.15|560.3
109853,590.75|393.5
109854,405.3|517.9
109855,430.05|435.25
109856,274.45|304.5
109857,213.15|585.45
109858,535.4|489.5
109859,293.3|470.0
109860,589.15|549.85
109861,298.6|464.15
109862,417.6|463.4
109863,462.75|404.6
109864,440.5|532.05
109865,576.55|585.0
109866,579.35|238.05
109867,221.3|489.2
109868,284.5|571.35
109869,516.15|547.6
109870,470.65|320.85
109871,416.1|580.75
109872,345.85|285.3
109873,514.95|534.6
109874,519.5|341.75
109875,289.0|462.8
109876,253.6|584.45
109877,531.1|451.75
109878,427.1|573.1
109879,580.35|547.15
109880,574.75|336.45
109881,250.25|443.9
109882,207.95|509.3
109883,406.05|409.8
109884,582.9|442.05
109885,224.65|435.95
109886,207.45|535.95
109887,519.85|254.85
109888,558.55|274.9
109889,288.45|554.15
109890,446.9|412.2
109891,293.25|400.1
109892,349.2|385.45
109893,381.4|553.4
109894,469.35|468.6
109895,522.6|444.35
109896,207.8|488.95
109897,403.0|327.0
109898,550.6|289.75
109899,426.7|216.9
109900,281.9|349.3
109901,267.45|352.4
109902,534.7|587.65
109903,365.9|327.85
109904,381.55|231.35
109905,484.15|507.2
109906,423.2|372.2
109907,234.6|350.9
109908,556.6|568.95
109909,284.1|437.1
109910,571.6|569.45
109911,233.2|408.1
109912,580.55|588.2
109913,580.85|485.9
109914,283.9|342.35
109915,221.5|403.95
109916,344.65|529.95
109917,278.05|369.5
109918,257.95|504.45
109919,389.6|236.0
109920,338.0|222.25
109921,452.65|228.4
109922,549.15|287.35
109923,555.35|328.9
109924,580.75|211.8
109925,400.8|437.05
109926,406.5|297.95
109927,405.1|397.9
109928,270.95|380.0
109929,208.4|497.8
109930,255.95|260.75
109931,249.35|266.75
109932,550.95|242.4
109933,464.6|237.45
109934,467.6|319.75
109935,565.55|302.0
109936,300.8|396.85
109937,459.4|443.8
109938,282.3|430.55
109939,292.75|537.8
109940,265.65|577.35
109941,295.7|325.95
109942,315.05|421.5
109943,443.15|309.2
109944,455.35|471.45
109945,345.35|479.45
109946,414.2|545.0
109947,585.65|557.6
109948,547.7|533.05
109949,349.25|563.35
109950,405.2|264.5
109951,238.75|551.8
109952,461.7|342.9
109953,275.35|397.75
109954,360.9|568.9
109955,471.35|256.45
109956,557.0|241.65
109957,452.1|592.5
109958,393.1|304.5
109959,219.75|358.15
109960,252.1|377.35
109961,557.35|408.4
109962,241.0|213.8
109963,258.05|557.7
109964,521.85|543.35
109965,413.85|280.75
109966,222.2|399.05
109967,346.6|344.3
109968,351.95|530.6
109969,460.2|587.8
109970,262.85|349.5
109971,465.85|233.7
109972,583.55|399.45
109973,258.7|285.85
109974,209.3|234.45
109975,558.45|467.0
109976,361.6|410.25
109977,449.05|429.2
109978,571.05|509.05
109979,574.1|378.35
109980,466.4|538.8
109981,349.3|430.5
109982,432.4|366.35
109983,344.8|325.15
109984,251.6|523.15
109985,525.8|435.35
109986,281.6|592.45
109987,298.2|453.15
109988,566.3|490.05
109989,358.95|290.5
109990,544.4|443.95
109991,396.1|501.95
109992,363.15|285.75
109993,511.6|554.6
109994,455.05|508.2
109995,247.05|437.4
109996,283.15|434.2
109997,381.85|464.5
109998,288.5|533.6
109999,470.0|225.15
110000,476.65|260.1
110001,256.35|543.75
110002,223.05|505.1
110003,466.15|326.6
110004,249.0|522.4
110005,345.75|265.25
110006,228.0|360.25
110007,310.4|397.15
110008,458.3|227.55
110009,273.7|540.5
110010,361.2|529.75
110011,352.25|567.4
110012,394.0|284.7
110013,238.7|592.95
110014,232.75|270.6
110015,405.9|351.45
110016,463.4|220.3
110017,385.15|569.3
110018,523.7|351.8
110019,575.0|318.4
110020,567.8|219.6
110021,230.75|576.5
110022,591.05|431.15
110023,471.05|354.95
110024,254.75|407.3
110025,242.55|496.9
110026,447.25|480.15
110027,347.85|529.35
110028,353.25|418.75
110029,528.0|403.8
110030,299.65|404.65
110031,230.5|301.65
110032,395.1|411.0
110033,258.5|307.85
110034,322.8|383.05
110035,582.25|388.25
110036,470.0|409.45
110037,398.2|304.0
110038,556.35|312.75
110039,527.45|429.25
110040,384.5|489.9
110041,242.05|322.1
110042,450.8|229.45
110043,518.3|565.45
110044,426.05|219.75
110045,465.6|240.5
110046,219.1|308.7
110047,561.75|592.3
110048,266.85|576.35
110049,447.75|442.3
110050,284.15|545.9
110051,329.75|356.15
110052,383.8|285.05
110053,251.85|313.15
110054,255.25|354.15
110055,352.75|557.6
110056,366.65|207.4
110057,270.4|570.7
110058,319.85|379.65
110059,344.7|378.15
110060,556.2|534.0
110061,353.15|281.55
110062,357.45|557.15
110063,303.75|372.6
110064,395.45|310.65
110065,568.2|531.4
110066,344.0|383.25
110067,426.2|291.3
110068,572.45|230.45
110069,328.55|349.75
110070,271.95|297.4
110071,415.75|306.8
110072,221.1|328.35
110073,258.6|545.55
110074,571.1|285.45
110075,562.75|418.25
110076,562.8|500.75
110077,347.15|455.05
110078,222.05|543.6
110079,264.3|575.5
110080,349.6|410.95
110081,234.25|515.45
110082,226.8|290.05
110083,511.65|479.3
110084,558.0|297.1
110085,234.8|343.55
110086,380.0|439.95
110087,278.4|554.9
110088,485.85|459.4
110089,260.5|272.3
110090,586.85|368.85
110091,361.25|270.95
110092,250.5|207.55
110093,299.75|410.8
110094,269.95|279.95
110095,382.65|369.25
110096,591.3|428.2
110097,222.45|236.1
110098,349.9|223.0
110099,523.5|469.25
110100,264.4|275.85
110101,342.45|590.4
110102,357.1|594.35
110103,478.6|275.2
110104,382.8|207.15
110105,264.35|368.3
110106,587.8|411.6
110107,208.35|287.75
110108,265.65|387.55
110109,464.6|437.55
110110,350.0|261.8
110111,585.65|399.35
110112,396.35|594.6
110113,587.45|442.6
110114,289.95|537.7
110115,593.75|213.15
110116,339.25|376.05
110117,207.05|295.25
110118,222.5|418.2
110119,505.7|440.9
110120,339.85|575.8
110121,427.65|400.1
110122,493.15|376.15
110123,215.8|235.85
110124,386.65|551.0
110125,573.3|306.3
110126,443.7|536.75
110127,254.15|345.05
110128,512.05|486.3
110129,576.55|515.2
110130,372.55|578.05
110131,395.4|379.65
110132,417.75|251.6
110133,348.6|284.1
110134,459.0|206.05
110135,227.15|591.6
110136,307.65|395.55
110137,319.35|515.65
110138,402.1|495.7
110139,400.05|344.65
110140,415.3|409.85
110141,404.4|230.1
110142,408.5|401.4
110143,466.45|254.65
110144,564.35|461.55
110145,375.05|493.85
110146,473.2|489.0
110147,527.2|550.65
110148,554.3|476.2
110149,382.1|492.65
110150,472.1|350.05
110151,264.25|219.4
110152,217.4|298.25
110153,541.45|437.85
110154,487.15|301.5
110155,412.7|489.65
110156,511.35|316.8
110157,346.55|337.3
110158,341.85|235.75
110159,443.2|395.9
110160,350.25|566.65
110161,574.75|572.75
110162,581.4|447.2
110163,575.8|386.0
110164,425.8|245.9
110165,451.35|225.85
110166,384.15|285.05
110167,423.25|308.85
110168,256.55|420.9
110169,490.9|517.15
110170,472.0|508.95
110171,382.3|362.4
110172,496.6|263.5
110173,233.45|271.0
110174,226.15|514.95
110175,386.5|349.7
110176,522.2|295.1
110177,588.85|510.55
110178,528.9|431.0
110179,568.4|220.4
110180,404.75|216.4
110181,469.3|268.05
110182,216.45|487.6
110183,471.85|500.7
110184,572.45|414.3
110185,311.1|446.6
110186,457.9|479.5
110187,569.85|496.5
110188,478.4|501.0
110189,590.7|401.85
110190,428.3|423.55
110191,565.05|294.4
110192,353.55|555.45
110193,470.95|516.9
110194,214.8|239.85
110195,250.7|589.5
110196,385.85|568.05
110197,249.2|413.7
110198,565.75|505.7
110199,460.45|253.95
110200,275.25|326.25
110201,280.8|451.0
110202,341.6|329.05
110203,408.75|332.85
110204,218.1|480.15
110205,537.4|538.85
110206,385.85|501.0
110207,478.6|575.45
110208,425.05|409.5
110209,235.95|501.75
110210,550.3|285.55
110211,283.95|451.45
110212,470.25|561.85
110213,534.85|411.0
110214,238.2|420.8
110215,557.55|458.9
110216,549.05|262.35
110217,256.2|219.95
110218,402.4|560.2
110219,547.6|230.85
110220,412.95|570.9
110221,574.1|589.95
110222,411.35|591.15
110223,252.3|586.8
110224,454.75|456.55
110225,365.0|594.3
110226,564.5|289.0
110227,272.85|273.75
110228,477.45|519.35
110229,408.8|574.25
110230,222.6|497.0
110231,214.7|393.65
110232,386.55|211.9
110233,444.9|478.95
110234,257.05|587.35
110235,398.7|355.85
110236,328.7|343.8
110237,548.45|507.35
110238,335.15|531.1
110239,475.1|285.7
110240,395.75|225.25
110241,591.5|357.7
110242,350.35|343.75
110243,574.85|480.5
110244,226.25|580.3
110245,277.25|306.45
110246,229.65|503.6
110247,500.6|238.35
110248,459.8|310.4
110249,593.45|411.85
110250,291.45|483.45
110251,300.25|547.8
110252,332.95|399.2
110253,217.95|583.4
110254,529.25|333.3
110255,486.2|295.15
110256,347.1|568.75
110257,257.95|297.85
110258,474.1|343.65
110259,566.95|378.85
110260,341.65|564.2
110261,506.8|490.95
110262,521.3|440.65
110263,457.45|450.15
110264,436.1|536.05
110265,403.4|496.6
110266,212.65|281.65
110267,563.55|476.55
110268,350.05|263.2
110269,262.0|554.3
110270,205.75|458.1
110271,284.5|434.8
110272,343.45|240.0
110273,331.35|497.2
110274,375.4|520.9
110275,301.9|584.3
110276,366.05|573.35
110277,446.55|548.05
110278,583.7|262.95
110279,390.95|565.05
110280,453.7|373.45
110281,556.15|339.2
110282,253.9|264.65
110283,582.2|538.35
110284,581.65|397.45
110285,474.7|256.45
110286,435.6|481.95
110287,274.7|455.9
110288,461.5|259.3
110289,424.55|514.35
110290,260.65|367.35
110291,341.4|257.3
110292,532.3|569.65
110293,586.5|256.2
110294,589.7|557.4
110295,496.7|464.35
110296,287.9|433.1
110297,546.45|331.15
110298,340.5|429.8
110299,523.95|522.6
110300,558.2|482.65
110301,205.3|460.3
110302,238.7|356.4
110303,254.05|283.6
110304,384.8|482.95
110305,385.1|219.45
110306,411.1|566.8
110307,370.15|353.15
110308,588.45|370.6
110309,584.6|381.45
110310,414.2|254.6
110311,209.75|581.2
110312,579.6|563.55
110313,440.4|347.05
110314,218.0|464.95
110315,344.4|228.95
110316,254.0|239.6
110317,585.8|398.2
110318,356.55|385.1
110319,349.2|278.6
110320,332.3|477.75
110321,456.0|375.2
110322,216.3|560.15
110323,391.4|567.0
110324,220.2|499.85
110325,253.25|563.75
110326,409.55|444.7
110327,286.1|438.3
110328,351.1|366.6
110329,564.15|307.6
110330,262.55|276.1
110331,591.2|426.05
110332,547.2|563.7
110333,479.35|258.1
110334,471.6|494.45
110335,526.25|453.95
110336,414.0|429.65
110337,541.8|509.0
110338,389.35|422.7
110339,336.45|295.0
110340,272.5|348.1
110341,412.85|525.9
110342,365.55|268.65
110343,584.45|207.4
110344,369.45|517.2
110345,438.55|264.8
110346,524.3|220.25
110347,367.05|446.85
110348,228.6|369.45
110349,354.75|582.15
110350,355.5|214.25
110351,345.25|551.0
110352,265.6|566.05
110353,225.6|441.65
110354,367.45|283.85
110355,298.7|385.75
110356,586.3|209.7
110357,284.5|468.95
110358,287.85|448.45
110359,453.7|370.35
110360,283.85|522.85
110361,374.05|483.7
110362,375.45|335.95
110363,443.5|445.5
110364,498.65|350.65
110365,281.05|447.1
110366,327.0|347.75
110367,267.1|439.7
110368,241.15|581.85
110369,231.2|576.5
110370,582.65|276.6
110371,392.85|579.05
110372,457.0|307.6
110373,237.5|294.05
110374,392.25|464.75
110375,281.0|538.85
110376,508.95|447.95
110377,500.7|288.95
110378,356.2|382.7
110379,262.4|514.15
110380,207.55|477.75
110381,250.65|353.9
110382,367.75|280.6
110383,281.65|291.4
110384,449.4|419.55
110385,406.7|380.6
110386,231.75|483.15
110387,286.0|401.65
110388,421.85|243.35
110389,469.8|220.9
110390,519.7|350.9
110391,394.95|389.3
110392,579.0|451.8
110393,376.25|254.45
110394,488.25|344.6
110395,396.6|551.45
110396,433.7|484.1
110397,553.7|386.1
110398,358.25|445.2
110399,297.3|376.55
110400,477.25|490.9
110401,214.4|257.25
110402,343.0|378.7
110403,591.05|541.25
110404,409.05|586.75
110405,283.0|425.2
110406,385.5|287.15
110407,368.5|209.85
110408,563.15|593.2
110409,375.55|482.6
110410,345.75|469.6
110411,427.55|348.2
110412,375.4|593.85
110413,566.45|254.95
110414,455.55|300.85
110415,433.8|326.3
110416,430.1|434.65
110417,572.85|291.15
110418,556.35|458.8
110419,267.45|261.95
110420,587.7|342.95
110421,426.95|562.65
110422,547.2|491.7
110423,403.7|444.75
110424,429.05|478.75
110425,487.8|461.7
110426,248.75|320.7
110427,265.25|404.2
110428,343.25|247.15
110429,214.7|354.05
110430,525.0|343.35
110431,355.5|450.2
110432,437.6|376.8
110433,291.5|325.1
110434,209.75|493.25
110435,539.25|331.55
110436,278.7|542.2
110437,379.9|366.4
110438,228.1|241.25
110439,545.25|465.15
110440,217.75|521.35
110441,553.75|587.1
110442,535.4|276.85
110443,259.15|239.8
110444,467.9|292.4
110445,267.2|233.85
110446,560.6|299.55
110447,454.55|548.9
110448,226.85|590.35
110449,517.6|415.05
110450,565.15|524.9
110451,566.1|537.05
110452,472.25|247.4
110453,445.6|393.15
110454,233.8|572.8
110455,233.85|300.0
110456,381.55|417.35
110457,470.05|372.55
110458,414.25|273.05
110459,208.2|246.7
110460,477.2|275.55
110461,208.2|497.25
110462,297.15|393.25
110463,510.4|460.05
110464,246.4|435.3
110465,585.8|245.9
110466,272.6|232.8
110467,250.15|231.1
110468,227.95|250.8
110469,444.65|308.1
110470,589.55|386.5
110471,346.95|267.0
110472,324.2|550.7
110473,377.65|507.2
110474,583.8|399.35
110475,454.45|514.5
110476,426.4|492.45
110477,363.5|454.8
110478,340.4|405.05
110479,224.15|504.05
110480,526.55|423.85
110481,336.7|354.9
110482,216.7|437.7
110483,340.4|543.2
110484,278.2|417.55
110485,236.1|366.5
110486,249.45|572.0
110487,258.45|258.5
110488,402.2|541.65
110489,543.7|355.6
110490,364.0|375.85
110491,244.6|439.05
110492,225.05|458.25
110493,420.85|377.05
110494,239.45|282.5
110495,549.25|443.0
110496,421.25|389.9
110497,268.25|576.0
110498,363.4|510.05
110499,388.1|334.85
110500,451.7|557.25
110501,381.35|227.5
110502,271.5|441.1
110503,269.55|556.95
110504,380.7|594.85
110505,212.8|225.8
110506,539.35|543.95
110507,507.65|478.05
110508,384.1|243.2
110509,449.5|236.25
110510,424.25|292.6
110511,257.2|265.25
110512,435.7|391.75
110513,389.15|562.25
110514,400.45|548.8
110515,295.9|522.3
110516,381.0|232.15
110517,278.1|582.05
110518,451.95|470.8
110519,347.4|234.15
110520,443.6|230.8
110521,399.65|281.9
110522,230.6|266.2
110523,522.6|530.6
110524,474.6|293.7
110525,294.55|333.55
110526,215.6|398.7
110527,549.8|321.6
110528,249.35|218.7
110529,549.8|450.95
110530,568.45|296.6
110531,412.65|406.35
110532,351.6|271.25
110533,242.55|383.95
110534,566.15|434.55
110535,392.95|475.9
110536,560.05|507.8
110537,382.55|482.85
110538,390.2|474.75
110539,392.1|375.9
110540,592.2|421.4
110541,467.1|504.65
110542,259.5|500.85
110543,474.7|288.85
110544,231.5|401.35
110545,262.65|579.5
110546,359.85|444.15
110547,267.2|215.05
110548,428.05|226.0
110549,408.2|213.9
110550,574.25|510.45
110551,347.0|517.9
110552,280.85|372.85
110553,216.0|251.3
110554,389.3|566.35
110555,478.05|331.65
110556,486.85|483.9
110557,447.2|237.9
110558,289.3|370.55
110559,397.85|368.65
110560,433.3|398.15
110561,399.6|587.7
110562,332.9|534.0
110563,224.1|309.35
110564,569.4|589.25
110565,501.45|227.55
110566,253.6|582.75
110567,544.1|245.9
110568,361.95|335.0
110569,241.3|313.9
110570,356.5|437.85
110571,453.05|440.55
110572,504.55|521.65
110573,304.55|321.95
110574,522.1|518.8
110575,350.85|555.15
110576,590.9|355.1
110577,346.15|593.8
110578,587.05|573.55
110579,364.2|538.2
110580,459.45|222.9
110581,546.55|487.85
110582,435.7|239.45
110583,594.15|414.0
110584,356.75|379.45
110585,289.05|567.55
110586,360.75|264.45
110587,518.15|561.5
110588,586.0|232.3
110589,247.15|240.95
110590,550.8|317.05
110591,419.3|512.35
110592,396.85|588.3
110593,574.65|585.85
110594,452.0|464.95
110595,258.65|239.2
110596,215.05|380.45
110597,527.75|336.7
110598,567.25|478.0
110599,287.35|448.7
110600,584.75|590.95
110601,460.5|264.4
110602,410.75|495.15
110603,540.4|276.4
110604,362.8|382.7
110605,569.35|484.45
110606,379.5|257.5
110607,346.05|550.2
110608,474.1|347.95
110609,421.15|451.9
110610,263.25|400.5
110611,395.45|214.05
110612,563.7|266.25
110613,496.8|576.5
110614,486.0|282.4
110615,375.65|208.3
110616,444.95|567.4
110617,217.15|328.15
110618,470.8|529.05
110619,505.4|491.65
110620,392.55|590.7
110621,442.7|296.3
110622,221.9|589.55
110623,220.95|514.85
110624,356.1|405.2
110625,553.8|440.85
110626,534.85|459.55
110627,219.45|242.0
110628,396.45|283.3
110629,479.8|260.6
110630,532.55|540.55
110631,440.8|400.35
110632,584.5|369.65
110633,348.1|228.9
110634,330.05|426.55
110635,268.05|589.75
110636,215.15|283.85
110637,447.8|312.2
110638,339.45|223.75
110639,342.85|423.6
110640,357.3|337.9
110641,519.25|449.3
110642,438.4|572.5
110643,423.95|309.8
110644,253.1|551.05
110645,435.3|324.35
110646,276.15|357.75
110647,243.85|430.2
110648,242.45|485.45
110649,324.7|410.45
110650,211.2|569.45
110651,483.1|470.25
110652,344.5|328.5
110653,448.3|544.9
110654,524.2|472.3
110655,334.9|347.6
110656,438.25|578.0
110657,235.4|445.1
110658,470.6|463.65
110659,231.35|541.75
110660,295.75|583.5
110661,590.55|597.2
110662,478.95|506.8
110663,214.8|293.0
110664,444.55|236.2
110665,388.2|505.7
110666,544.05|233.45
110667,392.1|517.05
110668,529.85|317.8
110669,400.6|460.85
110670,526.35|415.0
110671,580.45|378.0
110672,588.35|561.55
110673,414.1|569.55
110674,583.35|253.15
110675,275.25|419.1
110676,562.75|286.35
110677,525.05|362.85
110678,284.5|495.05
110679,544.95|540.75
110680,585.5|429.2
110681,290.0|443.3
110682,496.3|357.2
110683,404.65|406.3
110684,359.7|382.0
110685,268.75|255.1
110686,263.6|532.1
110687,382.25|545.05
110688,242.15|399.0
110689,387.25|402.8
110690,380.9|206.95
110691,549.25|307.95
110692,439.65|444.2
110693,215.0|312.45
110694,282.1|306.05
110695,595.25|386.4
110696,453.4|449.7
110697,537.7|421.2
110698,207.55|488.05
110699,313.4|259.2
110700,556.9|331.2
110701,364.8|490.85
110702,550.85|587.15
110703,587.75|396.35
110704,565.15|580.1
110705,382.5|212.05
110706,286.25|336.1
110707,253.55|215.4
110708,451.55|584.9
110709,425.45|445.65
110710,396.95|535.4
110711,320.15|378.7
110712,400.85|211.25
110713,354.4|338.05
110714,457.8|328.65
110715,263.75|577.5
110716,372.85|279.5
110717,282.05|409.5
110718,387.35|447.3
110719,436.35|591.4
110720,281.1|464.55
110721,582.95|377.25
110722,261.35|549.8
110723,238.6|578.85
110724,535.3|358.35
110725,445.45|298.95
110726,259.2|538.6
110727,562.35|223.35
110728,412.1|532.9
110729,354.2|589.1
110730,508.35|508.65
110731,264.5|233.05
110732,555.95|489.95
110733,269.9|270.55
110734,443.15|361.5
110735,332.05|319.7
110736,399.65|306.45
110737,472.9|243.7
110738,230.15|476.4
110739,552.75|267.9
110740,320.25|533.8
110741,211.95|234.55
110742,470.65|471.3
110743,459.0|589.35
110744,459.75|446.9
110745,340.85|413.3
110746,304.25|347.8
110747,444.4|581.75
110748,365.9|308.15
110749,283.25|531.2
110750,384.3|340.2
110751,347.3|234.45
110752,547.95|242.45
110753,470.6|248.0
110754,409.75|461.8
110755,345.2|379.2
110756,553.5|573.85
110757,270.9|224.8
110758,382.4|493.35
110759,429.95|301.45
110760,432.5|432.65
110761,379.15|427.3
110762,574.7|231.15
110763,385.25|490.6
110764,519.7|417.4
110765,313.8|534.0
110766,274.85|549.55
110767,353.35|593.6
110768,322.75|350.5
110769,539.05|270.95
110770,462.8|227.65
110771,338.4|565.35
110772,222.3|470.75
110773,558.6|404.45
110774,331.55|326.4
110775,514.4|359.15
110776,373.1|265.85
110777,586.05|590.65
110778,559.75|280.25
110779,455.35|486.45
110780,430.1|491.85
110781,359.5|250.7
110782,428.2|301.15
110783,264.2|440.05
110784,255.6|572.6
110785,481.95|584.75
110786,533.35|508.45
110787,483.75|314.55
110788,552.65|498.7
110789,370.45|266.3
110790,386.05|401.35
110791,567.9|376.85
110792,571.5|469.15
110793,577.0|410.75
110794,322.1|491.05
110795,285.8|273.6
110796,361.3|212.7
110797,460.95|331.25
110798,439.15|296.5
110799,258.6|534.7
110800,364.05|360.4
110801,573.15|276.45
110802,222.85|318.05
110803,275.75|544.55
110804,450.5|223.55
110805,577.7|210.85
110806,260.7|399.2
110807,458.1|416.25
110808,252.3|399.4
110809,354.95|332.95
110810,527.8|533.4
110811,459.15|509.45
110812,251.1|416.3
110813,211.4|389.35
110814,219.8|365.1
110815,244.0|498.8
110816,350.1|386.6
110817,470.8|433.2
110818,301.35|425.3
110819,560.25|559.3
110820,468.1|531.5
110821,275.55|502.75
110822,267.8|417.65
110823,331.2|556.0
110824,252.15|534.75
110825,395.2|287.15
110826,526.35|448.9
110827,239.6|396.45
110828,267.2|502.55
110829,240.65|254.95
110830,450.05|447.45
110831,469.65|480.5
110832,252.85|342.95
110833,339.35|367.4
110834,295.1|413.55
110835,397.3|261.85
110836,588.75|575.5
110837,309.8|336.75
110838,558.95|519.6
110839,269.15|360.35
110840,422.95|380.2
110841,456.5|483.8
110842,433.45|441.35
110843,587.05|289.05
110844,476.05|322.45
110845,340.25|329.4
110846,521.2|501.25
110847,375.6|493.5
110848,204.95|477.25
110849,540.0|452.75
110850,276.9|558.3
110851,456.4|408.1
110852,531.5|566.05
110853,360.1|356.15
110854,466.85|511.35
110855,575.95|457.05
110856,555.9|263.3
110857,473.8|255.25
110858,350.15|503.2
110859,276.35|416.9
110860,437.45|536.35
110861,474.45|521.45
110862,224.3|551.0
110863,351.3|402.85
110864,422.1|580.15
110865,220.75|394.75
110866,541.55|283.25
110867,522.3|448.1
110868,537.65|528.15
110869,242.3|440.65
110870,382.15|592.2
110871,535.75|548.05
110872,406.6|539.85
110873,406.15|442.5
110874,576.55|223.8
110875,473.0|233.5
110876,444.6|529.25
110877,464.3|386.45
110878,349.95|519.8
110879,264.95|242.05
110880,402.25|532.7
110881,304.95|413.2
110882,575.3|447.7
110883,405.05|548.0
110884,241.35|398.5
110885,351.4|537.3
110886,583.1|345.55
110887,447.9|317.6
110888,568.15|301.75
110889,439.75|569.7
110890,582.45|333.1
110891,448.95|393.1
110892,446.65|477.15
110893,575.7|582.7
110894,288.2|340.9
110895,569.35|280.35
110896,574.1|226.95
110897,260.45|293.9
110898,252.6|336.55
110899,252.3|579.25
110900,216.4|301.35
110901,432.95|492.1
110902,223.95|461.45
110903,354.5|443.15
110904,391.9|328.0
110905,244.75|405.4
110906,504.5|459.15
110907,275.25|329.1
110908,304.35|391.85
110909,356.35|388.1
110910,565.5|515.7
110911,467.5|220.2
110912,401.15|334.25
110913,231.15|529.8
110914,472.6|331.75
110915,415.3|335.4
110916,319.3|340.5
110917,260.0|457.65
110918,555.05|233.45
110919,572.95|504.0
110920,325.15|365.6
110921,398.5|376.55
110922,448.85|257.1
110923,520.2|479.35
110924,407.85|330.45
110925,431.65|267.95
110926,241.45|526.4
110927,417.1|497.05
110928,346.15|430.7
110929,219.7|488.25
110930,339.05|536.35
110931,282.7|438.55
110932,276.3|244.45
110933,395.65|283.45
110934,541.45|579.25
110935,207.05|538.15
110936,526.55|337.5
110937,550.85|294.7
110938,355.95|260.4
110939,410.5|314.5
110940,232.3|320.85
110941,559.95|413.65
110942,425.1|547.4
110943,549.4|532.95
110944,530.4|497.3
110945,569.9|219.4
110946,364.65|323.8
110947,353.05|347.4
110948,464.2|489.25
110949,573.5|577.0
110950,500.85|496.45
110951,354.0|433.95
110952,384.35|398.55
110953,436.65|447.55
110954,586.65|375.75
110955,547.3|579.55
110956,248.95|541.0
110957,562.6|330.5
110958,239.45|301.7
110959,214.55|589.0
110960,527.75|542.85
110961,535.1|535.8
110962,525.6|538.65
110963,414.1|551.95
110964,368.45|336.05
110965,421.0|346.5
110966,415.65|309.5
110967,381.15|210.85
110968,229.75|374.45
110969,449.85|217.35
110970,373.7|470.65
110971,434.35|392.25
110972,564.7|563.85
110973,378.4|565.35
110974,219.75|490.45
110975,530.45|523.9
110976,527.95|408.15
110977,529.4|441.9
110978,522.65|440.8
110979,341.65|445.85
110980,265.7|551.65
110981,405.6|374.8
110982,426.35|588.0
110983,575.75|483.55
110984,585.95|296.45
110985,286.65|508.4
110986,418.9|226.75
110987,224.3|508.7
110988,492.9|422.75
110989,509.8|488.45
110990,473.7|457.35
110991,585.5|407.3
110992,492.5|344.0
110993,584.3|328.15
110994,439.15|316.4
110995,213.0|400.7
110996,387.75|566.25
110997,205.65|486.8
110998,334.1|319.15
110999,569.35|474.15
111000,352.4|273.9
111001,551.85|455.75
111002,571.9|537.15
111003,557.5|302.6
111004,363.3|427.55
111005,387.7|488.1
111006,557.15|571.75
111007,490.5|317.75
111008,225.85|462.1
111009,337.55|228.1
111010,283.65|529.5
111011,433.75|236.45
111012,530.65|308.0
111013,247.65|517.8
111014,292.9|283.8
111015,239.45|228.95
111016,361.9|372.6
111017,350.25|367.05
111018,474.6|374.6
111019,565.6|316.85
111020,484.1|499.1
111021,548.35|455.9
111022,329.5|576.75
111023,442.25|585.7
111024,460.75|383.8
111025,256.05|385.55
111026,374.1|344.75
111027,480.95|484.85
111028,274.4|409.0
111029,279.6|534.9
111030,228.6|454.75
111031,519.95|521.2
111032,353.45|557.1
111033,228.55|229.3
111034,350.35|553.65
111035,569.8|590.2
111036,430.2|286.15
111037,449.25|412.1
111038,467.4|450.3
111039,302.15|365.0
111040,255.75|587.85
111041,349.0|451.1
111042,466.3|457.4
111043,441.75|467.75
111044,219.2|476.3
111045,457.9|294.5
111046,211.0|253.8
111047,362.15|387.7
111048,326.5|570.15
111049,586.15|222.15
111050,362.95|271.0
111051,489.4|452.9
111052,581.3|251.4
111053,564.45|439.35
111054,472.5|330.7
111055,279.55|548.35
111056,361.2|276.55
111057,534.8|484.0
111058,339.75|251.9
111059,219.35|338.45
111060,341.65|309.65
111061,450.05|391.6
111062,521.9|465.55
111063,472.85|443.0
111064,278.2|215.3
111065,565.1|464.65
111066,455.45|465.35
111067,456.4|382.6
111068,360.85|589.3
111069,291.7|450.55
111070,254.9|515.7
111071,293.65|373.35
111072,209.4|528.25
111073,366.95|369.6
111074,536.05|581.6
111075,212.7|545.2
111076,290.0|336.1
111077,248.5|387.3
111078,557.45|275.4
111079,385.85|255.95
111080,320.15|354.1
111081,402.3|336.7
111082,257.75|567.1
111083,386.05|384.3
111084,519.2|405.1
111085,225.15|414.0
111086,451.45|546.3
111087,568.6|460.9
111088,344.95|254.25
111089,556.75|277.25
111090,344.25|330.05
111091,240.8|401.55
111092,527.6|543.9
111093,594.9|571.45
111094,354.85|380.35
111095,588.8|264.2
111096,385.2|500.95
111097,207.25|246.65
111098,339.6|373.75
111099,441.15|385.25
111100,533.3|439.9
111101,334.0|353.65
111102,339.75|206.0
111103,262.8|426.6
111104,363.15|347.75
111105,215.95|566.4
111106,221.8|401.4
111107,394.3|279.5
111108,379.05|512.35
111109,400.0|452.8
111110,305.05|406.15
111111,297.4|337.3
111112,554.8|224.7
111113,359.75|231.8
111114,241.65|526.25
111115,445.0|333.35
111116,427.05|460.2
111117,476.95|505.6
111118,302.05|438.15
111119,280.95|574.55
111120,476.9|422.2
111121,286.55|472.4
111122,284.6|456.3
111123,236.1|421.2
111124,427.1|381.15
111125,593.95|235.3
111126,583.75|544.05
111127,284.3|544.4
111128,225.55|505.15
111129,264.7|217.4
111130,283.4|432.75
111131,260.75|550.8
111132,232.7|256.4
111133,403.55|553.85
111134,390.1|478.15
111135,449.75|312.3
111136,454.85|546.95
111137,552.9|232.65
111138,465.35|339.8
111139,352.15|328.9
111140,216.3|589.35
111141,299.95|322.9
111142,431.95|352.5
111143,290.6|442.95
111144,223.95|554.05
111145,406.65|314.1
111146,592.95|507.45
111147,530.85|483.7
111148,209.45|336.05
111149,385.95|508.0
111150,573.5|330.6
111151,228.0|578.65
111152,590.55|492.6
111153,360.6|258.5
111154,554.5|253.65
111155,489.9|588.7
111156,295.0|526.6
111157,409.0|338.45
111158,444.45|452.5
111159,439.35|515.0
111160,231.5|558.3
111161,351.6|411.2
111162,382.15|561.65
111163,540.6|308.85
111164,588.2|391.25
111165,578.1|542.25
111166,462.45|565.6
111167,549.75|527.45
111168,328.4|235.4
111169,338.45|227.6
111170,383.75|457.05
111171,234.0|477.95
111172,284.5|543.65
111173,343.3|535.4
111174,219.6|394.65
111175,562.15|554.85
111176,469.8|266.0
111177,530.95|542.7
111178,499.55|440.35
111179,494.55|248.75
111180,237.2|519.3
111181,568.1|338.75
111182,551.3|320.2
111183,574.7|477.5
111184,381.8|329.8
111185,380.1|484.2
111186,313.95|357.25
111187,409.65|574.75
111188,256.2|570.65
111189,369.8|281.7
111190,356.3|563.15
111191,266.3|222.05
111192,237.6|293.7
111193,553.35|574.05
111194,217.55|332.45
111195,312.45|575.3
111196,389.9|450.95
111197,582.45|491.15
111198,283.3|437.65
111199,344.75|213.15
111200,455.1|266.65
111201,225.75|253.1
111202,375.95|336.5
111203,464.35|271.95
111204,245.55|209.2
111205,211.85|583.8
111206,212.95|316.05
111207,279.05|283.75
111208,224.2|390.1
111209,526.8|497.85
111210,468.7|331.2
111211,408.25|279.15
111212,519.8|463.95
111213,515.9|349.25
111214,388.8|588.1
111215,473.15|394.2
111216,566.35|559.0
111217,406.65|384.55
111218,264.6|492.3
111219,555.95|241.2
111220,538.45|337.05
111221,303.35|441.25
111222,396.75|394.45
111223,434.85|584.15
111224,352.75|241.8
111225,384.9|332.15
111226,552.35|446.35
111227,249.35|308.2
111228,498.75|326.65
111229,223.3|287.8
111230,526.2|503.95
111231,347.65|405.05
111232,581.95|453.0
111233,469.5|329.75
111234,220.3|506.7
111235,502.0|344.2
111236,300.25|419.25
111237,590.05|358.6
111238,413.55|302.1
111239,473.1|485.1
111240,475.0|319.0
111241,272.35|574.0
111242,435.7|573.85
111243,395.3|486.3
111244,410.1|521.25
111245,372.95|399.65
111246,407.15|207.1
111247,212.2|589.95
111248,278.4|543.35
111249,560.95|498.7
111250,237.05|222.15
111251,396.6|301.45
111252,251.2|484.85
111253,470.85|461.7
111254,574.6|565.25
111255,436.05|533.0
111256,553.25|402.35
111257,526.25|560.7
111258,270.0|365.7
111259,517.75|558.6
111260,363.6|523.95
111261,224.65|311.55
111262,462.4|544.1
111263,254.3|566.05
111264,305.2|454.0
111265,226.85|521.85
111266,467.2|354.4
111267,498.4|367.3
111268,589.0|243.2
111269,558.75|488.4
111270,218.8|221.0
111271,472.65|347.75
111272,567.75|334.65
111273,455.9|247.85
111274,413.5|577.8
111275,582.7|262.65
111276,363.65|221.35
111277,236.85|550.95
111278,210.45|502.85
111279,439.5|300.0
111280,255.7|440.0
111281,582.65|329.05
111282,365.6|288.6
111283,245.7|564.95
111284,538.25|536.7
111285,272.3|565.5
111286,404.95|342.75
111287,236.65|351.6
111288,246.15|278.0
111289,229.45|587.2
111290,523.35|591.65
111291,397.8|306.85
111292,464.25|283.35
111293,376.35|593.3
111294,400.85|593.05
111295,423.65|543.5
111296,476.65|513.35
111297,580.85|287.3
111298,210.8|462.8
111299,254.9|517.5
111300,403.35|234.05
111301,442.6|438.5
111302,343.7|528.35
111303,527.25|231.35
111304,256.0|564.9
111305,423.85|590.15
111306,231.65|491.9
111307,564.45|254.85
111308,355.1|444.1
111309,266.35|423.1
111310,555.9|295.2
111311,280.4|520.35
111312,584.7|424.6
111313,339.1|242.95
111314,231.0|471.3
111315,496.3|230.35
111316,221.65|586.1
111317,350.7|438.55
111318,465.25|526.2
111319,381.5|483.9
111320,345.7|564.2
111321,214.9|481.55
111322,281.2|552.85
111323,588.0|583.05
111324,339.9|364.55
111325,311.7|374.3
111326,460.0|565.65
111327,425.65|296.2
111328,261.65|537.7
111329,255.55|555.5
111330,516.2|465.5
111331,395.5|455.75
111332,404.4|305.3
111333,336.85|407.9
111334,443.95|404.75
111335,209.4|322.4
111336,523.65|515.85
111337,390.85|290.2
111338,581.4|592.9
111339,589.85|488.25
111340,345.15|373.8
111341,531.2|331.75
111342,413.2|567.85
111343,470.2|461.5
111344,217.9|259.35
111345,248.7|363.75
111346,362.0|587.45
111347,219.1|441.2
111348,292.9|327.9
111349,251.7|275.2
111350,266.7|570.75
111351,551.4|501.9
111352,459.75|346.55
111353,247.25|370.15
111354,553.1|548.4
111355,346.75|338.2
111356,269.6|436.95
111357,582.5|374.95
111358,354.15|457.2
111359,557.95|414.9
111360,375.25|584.45
111361,514.8|449.05
111362,266.1|516.85
111363,434.2|560.85
111364,423.1|366.45
111365,360.6|342.9
111366,456.75|549.15
111367,408.2|541.15
111368,571.15|467.05
111369,319.35|547.65
111370,406.75|412.65
111371,449.9|395.4
111372,372.95|401.8
111373,214.5|589.0
111374,271.1|593.15
111375,529.1|425.8
111376,263.15|229.7
111377,269.7|302.75
111378,550.8|463.2
111379,206.35|462.5
111380,283.65|429.85
111381,224.1|451.7
111382,429.45|477.45
111383,541.7|480.7
111384,433.15|341.7
111385,336.95|418.8
111386,242.85|554.85
111387,218.75|223.95
111388,375.7|393.65
111389,267.7|566.9
111390,421.05|494.4
111391,277.5|503.3
111392,373.25|436.75
111393,541.05|478.6
111394,313.8|336.8
111395,275.95|411.45
111396,249.65|266.2
111397,475.4|236.25
111398,255.95|342.3
111399,345.4|416.95
111400,523.0|392.65
111401,371.85|289.85
111402,206.05|367.65
111403,232.2|306.95
111404,238.85|561.7
111405,396.15|472.45
111406,279.75|558.95
111407,335.7|573.3
111408,236.55|538.55
111409,568.3|391.65
111410,227.75|506.15
111411,592.1|382.95
111412,438.05|326.35
111413,278.6|482.6
111414,322.8|407.6
111415,448.0|299.7
111416,357.15|518.05
111417,230.2|278.1
111418,385.85|245.35
111419,318.9|463.1
111420,520.65|532.5
111421,292.75|335.4
111422,388.15|315.75
111423,274.9|457.0
111424,526.25|504.05
111425,215.45|571.25
111426,467.95|503.15
111427,554.6|242.1
111428,412.5|220.75
111429,329.2|369.6
111430,396.85|361.15
111431,367.4|257.8
111432,591.4|387.55
111433,370.3|410.35
111434,422.4|299.0
111435,592.1|568.6
111436,404.9|532.7
111437,279.8|484.45
111438,261.85|344.65
111439,482.5|306.55
111440,553.8|393.1
111441,276.3|589.85
111442,289.6|532.9
111443,224.55|316.05
111444,284.3|347.3
111445,414.6|352.1
111446,239.0|419.35
111447,240.3|279.35
111448,409.45|541.0
111449,316.65|556.2
111450,460.65|333.15
111451,226.95|409.15
111452,237.2|576.35
111453,533.9|276.65
111454,416.95|369.95
111455,367.5|578.8
111456,351.3|376.65
111457,276.25|368.75
111458,329.75|344.35
111459,268.9|369.9
111460,455.3|224.3
111461,377.75|285.3
111462,425.75|457.7
111463,230.15|386.6
111464,538.5|446.6
111465,276.2|545.7
111466,537.3|310.55
111467,227.9|415.0
111468,391.45|338.9
111469,456.1|216.95
111470,370.45|490.3
111471,326.05|514.8
111472,304.25|246.4
111473,204.95|391.4
111474,578.4|375.4
111475,213.55|583.3
111476,340.5|326.35
111477,224.2|355.85
111478,429.45|422.4
111479,470.3|333.25
111480,384.4|509.1
111481,218.95|215.35
111482,507.45|370.45
111483,466.55|232.2
111484,378.85|290.45
111485,566.5|331.65
111486,455.6|369.55
111487,288.75|334.4
111488,399.95|331.75
111489,369.75|289.35
111490,499.5|382.2
111491,245.2|367.05
111492,591.9|381.65
111493,211.6|511.9
111494,416.0|584.4
111495,207.65|512.65
111496,442.2|462.9
111497,295.65|579.45
111498,430.5|473.0
111499,517.65|516.5
111500,580.9|402.55
111501,230.15|209.8
111502,216.6|286.65
111503,488.95|514.4
111504,389.7|302.7
111505,435.3|355.95
111506,355.15|379.8
111507,400.7|268.6
111508,338.95|536.3
111509,217.1|581.6
111510,348.2|215.0
111511,454.35|490.3
111512,288.6|545.0
111513,244.6|214.0
111514,575.5|320.85
111515,496.2|488.2
111516,449.4|393.8
111517,283.15|411.15
111518,349.1|445.1
111519,551.2|588.85
111520,526.3|349.1
111521,452.5|567.45
111522,499.35|378.2
111523,214.55|477.1
111524,275.9|432.95
111525,432.05|323.75
111526,529.5|333.15
111527,300.45|523.35
111528,400.75|546.1
111529,478.2|314.05
111530,423.0|311.9
111531,559.6|412.35
111532,203.85|379.0
111533,339.75|425.8
111534,405.3|324.1
111535,397.35|563.5
111536,445.4|275.1
111537,211.45|585.95
111538,530.35|322.1
111539,237.95|274.9
111540,443.5|447.45
111541,576.6|511.05
111542,226.25|369.1
111543,348.2|585.85
111544,463.15|485.4
111545,396.8|416.6
111546,580.85|488.7
111547,554.6|551.45
111548,409.65|306.95
111549,342.35|217.5
111550,272.1|409.35
111551,240.7|433.55
111552,460.65|489.3
111553,546.55|411.95
111554,361.25|401.7
111555,575.45|311.65
111556,438.4|397.55
111557,233.35|211.25
111558,213.35|331.05
111559,510.35|266.85
111560,576.85|333.9
111561,575.85|440.35
111562,259.05|320.35
111563,399.05|567.95
111564,569.25|538.8
111565,209.15|580.4
111566,324.95|381.9
111567,240.3|223.75
111568,285.8|556.65
111569,228.4|342.45
111570,410.5|482.45
111571,475.4|269.1
111572,390.25|324.85
111573,269.0|302.35
111574,214.5|554.7
111575,409.3|577.8
111576,576.0|582.05
111577,541.9|489.35
111578,210.0|483.15
111579,236.95|380.95
111580,303.15|360.4
111581,294.9|446.4
111582,544.65|334.15
111583,319.2|363.0
111584,566.7|299.35
111585,239.6|551.4
111586,591.2|341.7
111587,365.75|219.35
111588,588.5|412.2
111589,549.6|289.8
111590,287.9|332.85
111591,249.55|567.75
111592,432.0|350.0
111593,486.25|261.15
111594,275.95|373.05
111595,284.3|245.7
111596,573.25|277.2
111597,563.25|408.7
111598,381.9|358.7
111599,413.8|321.2
111600,578.6|495.1
111601,277.3|575.95
111602,471.25|479.75
111603,422.15|318.35
111604,349.0|492.35
111605,535.25|349.85
111606,248.95|242.55
111607,219.45|306.15
111608,334.9|377.15
111609,440.6|465.05
111610,386.5|481.65
111611,252.0|283.3
111612,540.75|272.55
111613,588.4|275.8
111614,570.35|256.45
111615,277.75|275.7
111616,539.9|552.75
111617,369.85|216.15
111618,471.05|465.15
111619,591.95|375.0
111620,403.1|567.95
111621,530.65|292.15
111622,399.65|245.35
111623,577.65|523.45
111624,417.55|207.75
111625,230.75|461.35
111626,570.5|459.2
111627,342.75|541.25
111628,219.3|305.35
111629,239.25|239.4
111630,463.85|452.0
111631,473.75|485.4
111632,249.0|444.0
111633,574.65|264.75
111634,415.75|256.05
111635,214.75|249.05
111636,420.1|434.4
111637,286.05|429.7
111638,229.95|215.5
111639,380.85|547.25
111640,556.4|457.85
111641,485.9|210.7
111642,548.9|240.25
111643,572.05|313.85
111644,491.8|247.15
111645,350.45|449.3
111646,577.3|593.55
111647,231.0|482.05
111648,409.4|566.05
111649,235.2|517.25
111650,561.3|472.7
111651,582.25|312.3
111652,563.8|473.6
111653,545.25|550.3
111654,292.75|426.45
111655,440.9|275.65
111656,249.5|449.4
111657,228.3|466.15
111658,257.7|580.05
111659,383.9|248.05
111660,213.2|304.75
111661,251.8|447.55
111662,537.3|268.05
111663,337.8|579.35
111664,546.4|286.35
111665,464.4|455.7
111666,530.5|582.9
111667,448.25|324.7
111668,512.8|449.15
111669,536.3|460.0
111670,207.65|490.2
111671,416.6|393.45
111672,248.7|503.75
111673,282.3|511.85
111674,412.55|380.85
111675,356.15|389.85
111676,373.3|218.95
111677,392.7|207.9
111678,222.35|396.8
111679,340.35|223.1
111680,249.85|510.25
111681,367.65|562.0
111682,345.45|330.8
111683,217.15|304.75
111684,228.8|416.85
111685,278.6|548.6
111686,568.4|542.65
111687,369.1|277.95
111688,287.9|448.3
111689,421.6|385.55
111690,290.3|406.2
111691,265.25|352.5
111692,469.4|239.05
111693,324.4|554.9
111694,403.55|494.25
111695,577.05|212.3
111696,351.5|438.4
111697,433.6|367.85
111698,509.3|388.25
111699,400.2|536.7
111700,531.35|585.95
111701,208.25|586.0
111702,447.3|443.4
111703,451.4|383.15
111704,209.3|574.7
111705,532.9|556.1
111706,564.2|212.65
111707,559.1|374.0
111708,278.55|583.65
111709,541.55|496.8
111710,240.1|454.3
111711,454.65|529.3
111712,345.0|540.4
111713,291.35|426.95
111714,536.45|583.7
111715,239.7|530.3
111716,526.35|447.6
111717,342.45|323.15
111718,259.9|567.5
111719,509.25|477.3
111720,380.6|268.4
111721,225.25|453.55
111722,446.2|482.0
111723,399.6|412.55
111724,373.15|362.0
111725,244.35|473.05
111726,229.6|544.25
111727,249.8|563.5
111728,429.3|314.95
111729,249.8|349.6
111730,265.35|427.9
111731,589.75|522.4
111732,270.7|405.6
111733,402.95|562.55
111734,581.4|565.2
111735,588.25|342.75
111736,301.8|390.4
111737,361.65|340.65
111738,448.9|434.45
111739,368.85|234.25
111740,429.75|535.1
111741,595.3|403.6
111742,481.25|486.8
111743,548.95|505.2
111744,537.5|258.25
111745,560.25|431.5
111746,239.1|497.65
111747,212.35|233.4
111748,264.25|215.1
111749,519.3|481.25
111750,355.75|440.35
111751,557.2|555.65
111752,549.35|583.1
111753,582.05|335.95
111754,375.2|451.95
111755,578.55|525.8
111756,354.55|261.15
111757,376.8|208.85
111758,558.0|311.85
111759,563.1|438.95
111760,342.05|212.1
111761,539.55|542.75
111762,355.3|332.3
111763,361.8|252.35
111764,427.2|299.05
111765,487.5|312.2
111766,573.4|264.55
111767,583.7|369.3
111768,550.4|432.45
111769,475.15|453.75
111770,389.25|271.4
111771,448.75|317.75
111772,451.5|275.9
111773,277.8|505.3
111774,565.9|220.25
111775,461.05|436.5
111776,380.45|362.5
111777,370.5|281.0
111778,373.95|457.45
111779,261.0|293.25
111780,461.0|447.4
111781,337.35|527.05
111782,527.5|457.2
111783,381.55|384.45
111784,254.45|542.35
111785,472.0|448.85
111786,453.0|350.75
111787,253.25|400.6
111788,457.7|265.15
111789,443.65|561.1
111790,591.6|480.5
111791,420.05|587.85
111792,268.9|559.35
111793,595.3|474.55
111794,370.75|236.35
111795,219.9|512.4
111796,282.35|590.35
111797,422.3|369.55
111798,310.85|483.9
111799,360.3|328.85
111800,347.0|347.1
111801,572.55|293.2
111802,408.3|419.25
111803,522.65|497.95
111804,580.55|459.8
111805,291.8|540.55
111806,352.8|360.75
111807,245.2|473.1
111808,356.5|322.45
111809,391.4|386.65
111810,480.0|342.85
111811,257.8|582.6
111812,276.2|286.65
111813,447.5|585.7
111814,584.5|253.55
111815,250.35|256.15
111816,392.2|358.75
111817,446.95|401.0
111818,432.2|438.6
111819,274.4|532.3
111820,548.15|292.35
111821,556.25|526.7
111822,398.0|503.75
111823,379.75|280.15
111824,530.9|579.75
111825,351.45|358.15
111826,398.95|397.1
111827,219.75|497.8
111828,371.2|272.5
111829,231.2|566.15
111830,395.6|395.05
111831,270.45|439.25
111832,254.3|560.0
111833,342.5|593.7
111834,345.25|532.75
111835,346.7|524.15
111836,250.15|404.3
111837,321.65|303.9
111838,514.85|241.8
111839,261.2|326.7
111840,446.8|471.05
111841,214.75|237.3
111842,593.9|411.55
111843,416.2|545.8
111844,426.3|227.7
111845,547.2|541.65
111846,380.65|353.2
111847,363.55|289.8
111848,463.15|527.35
111849,236.2|210.7
111850,316.3|252.1
111851,513.9|497.05
111852,450.2|564.0
111853,230.95|375.05
111854,283.65|558.9
111855,244.9|556.8
111856,421.35|291.35
111857,461.8|334.95
111858,392.8|249.6
111859,417.15|571.55
111860,402.15|589.15
111861,254.55|397.75
111862,336.8|438.15
111863,429.0|490.15
111864,285.05|588.15
111865,355.9|562.9
111866,333.7|524.0
111867,555.75|334.9
111868,527.7|571.0
111869,428.05|589.5
111870,541.35|346.9
111871,405.55|533.95
111872,417.5|579.85
111873,433.1|581.8
111874,582.55|583.8
111875,233.3|474.2
111876,530.45|446.35
111877,415.85|379.95
111878,295.75|327.85
111879,532.5|332.25
111880,596.4|385.55
111881,529.05|558.1
111882,435.35|591.15
111883,393.5|278.7
111884,360.95|244.85
111885,382.45|587.95
111886,272.7|405.5
111887,209.1|336.15
111888,455.9|447.35
111889,223.8|329.8
111890,532.3|577.6
111891,235.05|285.15
111892,208.8|582.75
111893,368.4|591.25
111894,227.75|335.85
111895,231.0|596.0
111896,368.9|387.25
111897,572.5|455.9
111898,273.2|559.8
111899,587.6|458.95
111900,210.7|469.15
111901,351.3|566.95
111902,571.65|381.7
111903,522.7|402.5
111904,267.15|238.7
111905,408.05|207.6
111906,516.4|427.5
111907,440.3|406.0
111908,367.55|221.25
111909,283.75|329.6
111910,262.7|584.8
111911,348.1|320.85
111912,228.65|579.15
111913,368.15|373.2
111914,561.3|392.05
111915,587.75|461.7
111916,491.9|493.7
111917,283.7|402.3
111918,592.7|284.25
111919,534.15|589.35
111920,366.65|352.6
111921,230.25|524.7
111922,335.7|354.05
111923,234.8|449.15
111924,451.65|483.75
111925,427.55|468.0
111926,593.2|362.95
111927,560.35|468.2
111928,545.35|255.0
111929,342.85|497.65
111930,225.6|409.9
111931,397.55|585.45
111932,253.8|578.5
111933,235.1|519.5
111934,280.65|320.8
111935,572.35|379.15
111936,230.75|317.3
111937,358.7|224.7
111938,265.25|434.0
111939,418.7|241.05
111940,221.2|233.5
111941,289.3|366.5
111942,500.0|489.85
111943,590.7|277.35
111944,406.3|211.85
111945,569.6|291.9
111946,431.65|381.9
111947,486.65|444.45
111948,273.9|422.5
111949,587.75|489.75
111950,275.0|389.95
111951,281.6|338.25
111952,341.35|253.55
111953,451.75|558.25
111954,210.05|511.85
111955,212.25|394.0
111956,374.9|362.15
111957,399.4|538.4
111958,274.35|339.95
111959,576.1|414.95
111960,380.4|559.25
111961,428.85|238.35
111962,225.8|483.7
111963,372.25|265.8
111964,394.8|496.35
111965,226.35|562.3
111966,533.6|413.6
111967,257.35|566.3
111968,316.85|590.15
111969,284.85|584.95
111970,523.25|502.25
111971,264.5|503.3
111972,591.85|418.6
111973,353.6|548.55
111974,266.25|419.6
111975,291.45|309.3
111976,472.0|528.65
111977,335.45|230.4
111978,233.85|284.5
111979,442.75|563.35
111980,425.3|316.95
111981,359.5|341.4
111982,529.2|556.0
111983,566.45|410.7
111984,429.6|464.25
111985,402.9|274.15
111986,547.9|220.55
111987,291.95|331.9
111988,590.45|418.25
111989,544.25|546.0
111990,389.3|578.6
111991,365.05|443.35
111992,425.55|586.05
111993,281.55|293.65
111994,368.2|258.1
111995,474.15|499.6
111996,389.25|265.75
111997,570.0|566.0
111998,215.2|510.1
111999,426.1|451.35
112000,387.85|251.3
112001,447.75|414.5
112002,415.15|574.0
112003,210.15|455.2
112004,411.8|527.6
112005,347.2|508.75
112006,249.6|545.05
112007,392.9|487.75
112008,530.3|525.55
112009,576.35|310.45
112010,530.35|456.6
112011,262.4|285.0
112012,558.75|292.4
112013,270.0|260.95
112014,251.15|285.0
112015,303.4|323.5
112016,298.6|378.4
112017,399.35|389.7
112018,561.6|590.2
112019,492.15|455.5
112020,350.05|204.95
112021,471.4|435.05
112022,436.2|568.3
112023,562.95|484.8
112024,479.5|333.3
112025,501.7|590.2
112026,251.0|240.05
112027,360.55|585.8
112028,230.45|485.6
112029,481.35|266.55
112030,351.9|218.9
112031,524.45|460.1
112032,420.85|233.0
112033,228.65|428.5
112034,274.55|281.45
112035,260.4|206.8
112036,230.0|556.45
112037,298.45|438.05
112038,364.65|431.2
112039,474.0|457.15
112040,219.95|301.95
112041,574.0|385.2
112042,216.2|421.5
112043,393.1|325.5
112044,427.7|467.45
112045,544.1|230.45
112046,405.05|334.15
112047,576.25|373.15
112048,224.1|302.1
112049,216.35|312.05
112050,265.15|353.85
112051,418.7|565.35
112052,393.7|384.3
112053,259.1|487.85
112054,566.15|248.45
112055,545.7|464.0
112056,364.8|211.95
112057,356.1|443.0
112058,263.15|283.15
112059,216.65|217.45
112060,560.05|568.8
112061,351.5|439.25
112062,383.9|556.15
112063,219.5|293.0
112064,367.6|238.85
112065,596.0|281.15
112066,339.65|519.4
112067,458.9|589.45
112068,272.1|241.45
112069,228.35|375.15
112070,292.75|358.2
112071,455.4|484.15
112072,249.3|552.65
112073,582.45|575.4
112074,251.35|287.15
112075,408.95|412.2
112076,484.4|261.65
112077,484.95|457.55
112078,355.25|213.5
112079,583.65|259.95
112080,268.65|331.7
112081,244.2|367.3
112082,438.05|551.8
112083,391.55|588.7
112084,570.7|399.4
112085,393.35|229.3
112086,263.9|577.25
112087,367.35|583.15
112088,564.95|222.8
112089,347.7|458.55
112090,392.05|581.5
112091,414.25|464.25
112092,540.7|337.5
112093,579.0|453.55
112094,403.5|401.8
112095,400.6|210.3
112096,524.95|571.6
112097,558.25|313.35
112098,449.55|273.75
112099,372.65|508.0
112100,520.3|510.65
112101,343.6|594.6
112102,561.05|251.3
112103,206.95|501.6
112104,568.75|430.8
112105,420.2|412.5
112106,336.45|268.9
112107,344.65|338.1
112108,258.5|552.4
112109,279.0|301.95
112110,420.55|249.7
112111,406.4|563.45
112112,371.5|239.7
112113,394.15|321.5
112114,401.15|560.65
112115,275.15|304.4
112116,325.15|410.6
112117,325.55|331.8
112118,452.25|357.65
112119,346.35|548.95
112120,408.05|328.3
112121,459.55|446.5
112122,453.05|373.6
112123,512.15|491.3
112124,469.2|343.55
112125,471.3|279.55
112126,226.3|486.0
112127,461.1|386.8
112128,403.0|488.4
112129,360.6|595.35
112130,299.25|590.15
112131,536.5|288.95
112132,224.55|423.9
112133,395.3|575.35
112134,216.3|276.2
112135,401.4|374.15
112136,363.65|246.2
112137,273.25|220.65
112138,274.95|289.35
112139,538.7|469.8
112140,239.6|330.8
112141,407.8|344.15
112142,278.65|585.05
112143,272.9|391.25
112144,468.7|526.1
112145,478.2|455.55
112146,529.75|545.3
112147,506.2|504.7
112148,342.75|424.15
112149,281.15|274.35
112150,467.75|285.5
112151,399.75|495.4
112152,255.05|443.15
112153,422.55|572.05
112154,254.25|385.15
112155,384.5|222.6
112156,569.05|435.85
112157,435.45|397.3
112158,218.0|278.05
112159,278.15|457.15
112160,339.95|522.55
112161,439.3|367.45
112162,365.6|298.0
112163,208.2|588.3
112164,292.4|293.1
112165,434.9|534.55
112166,466.0|458.35
112167,391.3|410.15
112168,417.1|242.35
112169,311.6|391.2
112170,297.75|328.3
112171,574.95|289.2
112172,254.5|468.6
112173,485.2|333.6
112174,579.5|467.6
112175,474.55|268.3
112176,536.45|548.75
112177,402.3|239.75
112178,431.75|393.4
112179,409.5|547.1
112180,569.3|373.5
112181,576.6|451.5
112182,518.3|220.3
112183,382.3|455.6
112184,519.95|492.15
112185,452.75|214.05
112186,444.7|400.6
112187,277.0|573.6
112188,246.2|564.6
112189,276.85|340.25
112190,383.1|387.2
112191,544.2|464.1
112192,463.15|558.05
112193,472.05|471.2
112194,537.9|584.7
112195,427.6|495.85
112196,454.85|475.0
112197,343.2|594.15
112198,566.45|258.5
112199,530.55|544.2
112200,245.25|288.45
112201,378.1|278.6
112202,485.55|515.35
112203,462.9|368.85
112204,574.55|467.05
112205,463.75|235.05
112206,220.9|402.35
112207,239.85|485.55
112208,367.9|330.0
112209,239.25|575.6
112210,541.3|366.25
112211,471.75|357.7
112212,338.55|377.8
112213,473.35|378.05
112214,586.0|366.65
112215,212.5|589.55
112216,366.1|408.15
112217,216.45|577.5
112218,375.9|237.0
112219,389.75|337.1
112220,583.75|480.6
112221,278.85|366.8
112222,477.25|554.6
112223,320.85|423.9
112224,256.45|564.8
112225,416.4|213.6
112226,394.3|544.95
112227,576.75|544.55
112228,564.0|243.1
112229,243.3|317.45
112230,550.8|412.2
112231,464.1|288.15
112232,438.4|404.15
112233,357.7|274.05
112234,454.6|571.2
112235,479.65|474.75
112236,466.85|368.6
112237,449.0|461.6
112238,539.8|506.05
112239,496.6|327.25
112240,362.95|593.2
112241,396.15|533.55
112242,388.4|490.7
112243,364.4|342.45
112244,544.5|487.2
112245,542.55|432.75
112246,265.6|527.8
112247,541.2|291.6
112248,545.5|506.35
112249,442.25|244.35
112250,462.65|214.75
112251,371.65|575.4
112252,566.85|223.0
112253,520.35|354.75
112254,448.2|279.35
112255,360.05|479.2
112256,242.35|379.35
112257,578.9|403.35
112258,417.3|574.6
112259,263.25|436.7
112260,407.0|453.25
112261,291.75|452.55
112262,330.8|306.25
112263,549.85|554.3
112264,544.25|432.15
112265,371.85|380.35
112266,581.8|357.1
112267,214.65|588.85
112268,394.2|552.75
112269,590.3|510.65
112270,293.55|536.8
112271,465.9|319.9
112272,393.75|361.9
112273,326.8|514.05
112274,589.65|416.9
112275,366.85|375.95
112276,423.9|551.6
112277,398.35|287.65
112278,436.65|303.0
112279,552.35|465.3
112280,231.9|277.4
112281,473.15|288.8
112282,409.1|342.1
112283,238.35|352.55
112284,426.8|413.3
112285,240.2|575.35
112286,391.35|558.0
112287,294.1|313.4
112288,287.45|535.15
112289,501.7|502.1
112290,375.2|222.5
112291,239.15|417.1
112292,379.0|364.05
112293,229.9|396.35
112294,420.0|354.15
112295,405.95|560.65
112296,425.1|585.95
112297,257.1|588.95
112298,465.35|278.4
112299,291.4|331.6
112300,476.05|505.05
112301,486.45|479.35
112302,588.9|573.75
112303,469.15|244.55
112304,526.85|574.45
112305,507.0|489.0
112306,424.85|564.9
112307,424.3|581.2
112308,346.45|593.5
112309,351.95|455.1
112310,547.95|553.15
112311,437.05|537.9
112312,298.15|502.55
112313,366.45|434.3
112314,588.55|341.15
112315,523.75|504.95
112316,521.15|334.75
112317,550.25|549.25
112318,347.45|563.75
112319,588.4|279.35
112320,489.55|472.7
112321,518.5|541.1
112322,457.95|343.7
112323,463.9|483.85
112324,366.85|496.2
112325,213.2|294.95
112326,293.55|416.5
112327,561.35|487.75
112328,359.9|445.0
112329,257.3|430.05
112330,336.6|320.45
112331,537.7|292.1
112332,463.55|347.8
112333,397.95|321.4
112334,568.35|529.85
112335,449.95|544.1
112336,472.3|279.7
112337,439.35|226.85
112338,433.15|224.35
112339,543.35|518.75
112340,424.9|399.8
112341,291.15|438.1
112342,592.25|369.45
112343,540.1|433.35
112344,354.6|490.7
112345,355.5|454.6
112346,549.0|571.25
112347,236.05|415.65
112348,390.0|484.05
112349,283.2|426.7
112350,227.0|541.15
112351,207.45|581.2
112352,405.35|402.25
112353,581.0|404.3
112354,433.1|258.5
112355,464.5|311.05
112356,580.75|561.9
112357,592.05|269.85
112358,347.75|345.0
112359,588.2|415.45
112360,530.8|444.75
112361,537.75|230.1
112362,395.6|508.65
112363,219.65|585.4
112364,338.65|369.55
112365,391.65|570.25
112366,575.4|357.55
112367,588.6|460.65
112368,382.5|361.2
112369,583.85|592.25
112370,534.85|509.55
112371,323.45|391.5
112372,291.35|339.5
112373,400.75|504.95
112374,245.1|313.2
112375,357.8|467.5
112376,576.3|418.45
112377,221.45|473.6
112378,287.25|307.2
112379,363.85|282.7
112380,227.3|351.8
112381,564.45|484.4
112382,274.9|533.25
112383,441.95|595.45
112384,230.8|476.8
112385,544.7|247.15
112386,578.1|436.8
112387,339.6|590.05
112388,232.15|407.5
112389,484.5|348.6
112390,352.55|534.05
112391,217.1|570.95
112392,250.8|482.0
112393,462.6|250.35
112394,244.1|237.4
112395,211.0|243.45
112396,568.4|546.7
112397,425.45|288.7
112398,398.8|507.65
112399,211.6|589.75
112400,256.0|368.4
112401,571.1|404.9
112402,368.0|492.85
112403,280.55|544.7
112404,276.75|279.4
112405,490.7|467.4
112406,479.9|357.55
112407,371.25|408.1
112408,456.65|269.8
112409,440.95|359.0
112410,251.5|427.85
112411,408.05|270.55
112412,556.05|495.85
112413,232.4|528.9
112414,211.6|464.1
112415,400.35|444.05
112416,357.65|452.7
112417,384.8|494.95
112418,300.85|364.65
112419,547.75|444.75
112420,349.65|226.7
112421,318.65|251.15
112422,522.35|248.7
112423,373.7|212.05
112424,276.75|316.9
112425,228.95|325.35
112426,339.55|434.55
112427,225.65|571.45
112428,528.35|474.7
112429,362.9|492.1
112430,304.15|397.3
112431,446.2|543.5
112432,468.85|282.4
112433,382.7|499.25
112434,229.1|423.55
112435,349.6|210.2
112436,297.25|548.9
112437,592.2|499.45
112438,213.85|287.8
112439,406.3|213.0
112440,477.7|369.9
112441,450.15|273.9
112442,243.9|575.6
112443,258.25|436.2
112444,451.8|301.25
112445,408.15|211.85
112446,443.35|473.45
112447,590.15|403.35
112448,417.9|461.25
112449,461.5|583.65
112450,376.2|353.8
112451,431.6|556.5
112452,251.8|443.7
112453,269.0|278.9
112454,228.15|295.15
112455,592.65|427.95
112456,550.75|233.75
112457,395.9|350.35
112458,461.0|267.2
112459,535.45|275.3
112460,223.55|439.05
112461,352.25|596.15
112462,258.9|371.85
112463,346.85|268.2
112464,270.2|587.45
112465,257.05|385.35
112466,531.4|554.45
112467,552.5|554.05
112468,588.85|206.1
112469,205.8|525.3
112470,288.25|568.25
112471,580.05|413.8
112472,359.45|593.2
112473,298.5|300.15
112474,265.8|575.45
112475,209.35|590.2
112476,361.85|465.65
112477,521.85|500.0
112478,292.45|432.5
112479,453.1|514.55
112480,536.4|434.5
112481,321.9|334.6
112482,576.7|402.3
112483,590.95|215.1
112484,560.8|244.3
112485,228.35|466.0
112486,593.5|273.15
112487,395.9|238.2
112488,221.4|210.25
112489,352.6|272.8
112490,431.05|421.9
112491,232.25|413.55
112492,581.75|571.75
112493,250.9|251.8
112494,255.85|389.6
112495,213.0|411.6
112496,236.95|460.0
112497,400.25|579.9
112498,278.4|543.7
112499,228.25|233.85
112500,476.7|237.55
112501,465.3|504.35
112502,590.35|504.75
112503,407.55|272.95
112504,402.7|298.95
112505,366.35|447.65
112506,468.05|326.65
112507,471.9|357.1
112508,419.2|394.65
112509,246.6|351.7
112510,457.25|384.5
112511,573.65|455.3
112512,546.95|507.0
112513,586.4|406.75
112514,427.4|376.6
112515,345.65|583.45
112516,252.4|364.35
112517,397.15|301.0
112518,246.35|580.75
112519,352.0|308.75
112520,458.35|450.1
112521,384.35|347.6
112522,266.65|284.65
112523,470.85|261.15
112524,273.65|421.3
112525,551.85|470.1
112526,552.1|233.75
112527,430.95|361.8
112528,272.05|411.35
112529,389.75|215.15
112530,295.55|297.3
112531,539.55|536.3
112532,588.2|553.1
112533,510.55|494.85
112534,542.35|459.8
112535,292.75|328.4
112536,357.15|229.2
112537,462.2|460.4
112538,249.3|550.4
112539,406.2|514.0
112540,434.55|212.1
112541,475.7|356.15
112542,233.9|295.7
112543,244.15|255.55
112544,538.2|345.2
112545,229.75|542.15
112546,354.0|523.0
112547,417.4|526.4
112548,346.4|593.4
112549,294.7|410.5
112550,215.9|483.3
112551,417.55|537.8
112552,571.7|319.7
112553,580.6|283.35
112554,515.55|529.8
112555,445.95|517.95
112556,380.85|381.25
112557,368.4|428.0
112558,254.75|264.9
112559,351.9|567.5
112560,385.25|390.3
112561,398.4|581.4
112562,454.4|544.4
112563,271.25|299.3
112564,232.95|472.6
112565,444.8|258.5
112566,423.55|526.5
112567,206.85|263.9
112568,594.15|591.5
112569,289.05|387.05
112570,556.25|275.65
112571,287.65|577.2
112572,239.1|505.25
112573,419.3|358.5
112574,437.05|447.95
112575,419.1|371.55
112576,216.15|476.55
112577,411.15|334.05
112578,560.7|227.8
112579,467.7|269.75
112580,257.7|256.65
112581,288.8|349.35
112582,325.4|349.2
112583,536.85|443.55
112584,578.45|583.45
112585,205.2|526.85
112586,216.05|248.15
112587,434.0|382.2
112588,540.8|444.55
112589,237.2|297.1
112590,414.45|488.75
112591,302.25|331.15
112592,560.65|465.85
112593,216.6|371.2
112594,253.3|586.0
112595,437.45|307.4
112596,276.4|482.85
112597,575.35|509.9
112598,430.0|546.05
112599,547.85|317.15
112600,262.8|414.35
112601,332.0|410.8
112602,432.65|258.7
112603,543.65|536.2
112604,590.35|577.55
112605,424.35|322.15
112606,462.25|242.45
112607,381.2|453.65
112608,464.1|574.3
112609,557.15|493.9
112610,220.05|239.75
112611,590.2|577.0
112612,559.3|328.3
112613,418.65|298.55
112614,487.55|438.8
112615,569.95|567.25
112616,396.1|313.8
112617,422.75|376.05
112618,234.4|216.7
112619,228.45|472.6
112620,238.65|268.8
112621,402.35|218.0
112622,375.0|252.65
112623,555.75|519.4
112624,206.6|231.7
112625,311.45|421.7
112626,237.8|460.8
112627,368.6|481.0
112628,276.15|592.75
112629,279.0|372.65
112630,473.05|368.45
112631,582.2|455.15
112632,481.9|310.75
112633,238.75|420.55
112634,463.05|558.05
112635,213.15|584.55
112636,396.25|443.95
112637,539.8|541.0
112638,363.2|391.25
112639,583.8|283.55
112640,576.8|376.2
112641,317.5|415.35
112642,542.5|483.1
112643,560.4|584.2
112644,240.25|375.95
112645,544.0|235.25
112646,281.65|554.15
112647,338.4|260.85
112648,338.8|256.35
112649,465.7|214.05
112650,490.15|247.85
112651,526.6|534.35
112652,453.5|245.6
112653,339.25|324.35
112654,417.75|210.15
112655,480.25|517.75
112656,451.9|441.75
112657,288.45|555.0
112658,591.65|380.15
112659,386.8|498.05
112660,382.25|462.1
112661,315.6|499.05
112662,544.7|454.55
112663,396.65|279.2
112664,472.55|334.4
112665,417.1|546.6
112666,448.4|495.7
112667,574.95|300.55
112668,250.6|423.5
112669,496.05|236.65
112670,404.5|337.7
112671,381.85|593.75
112672,236.8|340.7
112673,577.25|356.55
112674,547.2|448.7
112675,486.75|504.9
112676,471.1|283.8
112677,496.8|318.65
112678,430.2|498.55
112679,540.45|305.15
112680,409.2|210.85
112681,237.35|271.45
112682,265.4|221.8
112683,340.65|340.95
112684,219.8|589.7
112685,471.4|244.05
112686,578.6|469.9
112687,261.65|424.25
112688,399.0|331.6
112689,423.3|375.7
112690,530.25|333.05
112691,364.45|493.5
112692,210.8|314.65
112693,577.85|436.95
112694,383.15|571.85
112695,232.45|489.2
112696,236.35|345.25
112697,220.45|268.0
112698,207.55|582.1
112699,228.8|262.7
112700,400.6|413.6
112701,375.8|275.5
112702,476.1|508.0
112703,272.7|552.55
112704,462.2|504.25
112705,413.5|552.05
112706,221.8|524.7
112707,462.15|433.95
112708,372.1|273.15
112709,252.6|532.15
112710,252.65|287.5
112711,508.75|305.4
112712,226.2|220.15
112713,238.55|575.4
112714,334.6|439.05
112715,474.95|397.1
112716,490.45|358.0
112717,506.65|519.15
112718,553.85|529.75
112719,402.1|351.4
112720,483.7|482.5
112721,553.4|295.55
112722,430.4|346.55
112723,480.9|254.8
112724,566.65|271.9
112725,563.7|276.75
112726,223.4|220.9
112727,322.8|396.8
112728,407.4|285.6
112729,461.95|289.6
112730,402.5|508.35
112731,447.6|508.05
112732,286.1|440.9
112733,400.65|485.9
112734,562.95|223.45
112735,549.25|533.7
112736,527.0|512.35
112737,252.3|223.0
112738,539.3|339.6
112739,298.0|414.3
112740,464.9|550.1
112741,541.7|505.55
112742,243.75|506.7
112743,274.45|543.55
112744,207.2|515.4
112745,473.15|359.05
112746,416.6|369.5
112747,549.65|284.45
112748,354.7|513.75
112749,430.5|239.2
112750,531.75|524.65
112751,588.3|549.9
112752,367.05|385.05
112753,514.85|496.05
112754,416.45|368.5
112755,208.05|231.2
112756,558.85|300.5
112757,344.25|399.6
112758,526.9|418.9
112759,583.45|298.65
112760,449.25|304.2
112761,567.1|227.1
112762,381.4|233.1
112763,236.2|510.4
112764,351.85|218.0
112765,576.35|230.7
112766,583.6|359.65
112767,443.15|441.0
112768,259.55|432.35
112769,468.5|335.6
112770,432.3|385.85
112771,454.1|458.6
112772,475.05|462.95
112773,467.65|428.6
112774,385.15|369.7
112775,461.05|241.55
112776,409.55|323.5
112777,460.4|492.95
112778,394.3|587.0
112779,490.15|219.1
112780,418.4|443.55
112781,379.25|365.95
112782,265.95|468.4
112783,384.6|363.9
112784,273.05|367.95
112785,310.05|412.7
112786,399.15|262.8
112787,332.7|561.0
112788,346.8|231.15
112789,507.55|291.7
112790,530.5|531.0
112791,377.3|455.4
112792,591.9|218.75
112793,261.55|520.65
112794,373.9|445.75
112795,570.2|456.25
112796,595.7|370.05
112797,576.55|231.8
112798,283.9|378.75
112799,574.6|455.55
112800,527.35|478.4
112801,374.4|279.4
112802,282.3|517.15
112803,331.1|330.4
112804,424.1|405.55
112805,554.9|308.55
112806,252.25|390.75
112807,261.05|295.9
112808,301.95|430.75
112809,558.5|270.5
112810,235.85|291.8
112811,516.6|459.65
112812,480.2|406.8
112813,255.0|534.15
112814,228.05|481.2
112815,399.65|230.3
112816,285.65|268.75
112817,257.2|359.8
112818,586.15|547.3
112819,253.2|325.75
112820,445.35|386.05
112821,221.9|556.15
112822,438.5|557.0
112823,225.0|400.6
112824,264.6|385.3
112825,549.25|540.75
112826,255.55|373.5
112827,231.9|580.2
112828,260.4|230.95
112829,388.9|470.15
112830,528.85|579.65
112831,592.5|433.15
112832,534.9|280.7
112833,217.6|501.95
112834,428.45|567.55
112835,212.15|561.45
112836,471.8|308.6
112837,541.6|457.4
112838,208.6|340.55
112839,372.85|577.3
112840,360.85|390.65
112841,274.95|352.2
112842,529.2|412.7
112843,295.4|340.8
112844,359.95|391.0
112845,277.35|385.7
112846,313.75|476.85
112847,366.2|339.2
112848,244.2|512.25
112849,210.45|586.95
112850,575.5|216.9
112851,229.15|534.2
112852,593.8|279.45
112853,215.3|594.4
112854,577.5|591.9
112855,339.55|427.25
112856,264.0|303.1
112857,567.9|537.0
112858,249.45|430.25
112859,235.2|574.95
112860,266.25|276.35
112861,585.8|557.9
112862,484.0|330.0
112863,389.7|595.2
112864,442.05|562.45
112865,344.15|356.7
112866,437.15|261.35
112867,468.2|357.35
112868,564.5|287.05
112869,547.35|285.55
112870,355.6|502.85
112871,341.6|243.95
112872,213.2|484.75
112873,529.95|531.35
112874,419.85|452.95
112875,408.0|452.3
112876,260.7|414.85
112877,397.6|440.85
112878,567.65|594.2
112879,206.6|392.9
112880,347.2|345.5
112881,569.85|476.35
112882,497.1|336.4
112883,416.1|527.5
112884,543.9|435.25
112885,570.5|498.3
112886,556.5|535.7
112887,406.3|485.8
112888,579.8|433.35
112889,364.65|256.75
112890,563.05|428.8
112891,313.75|422.3
112892,401.1|385.4
112893,380.9|249.3
112894,434.2|384.3
112895,451.75|571.4
112896,437.25|484.85
112897,466.5|309.9
112898,481.45|332.35
112899,301.2|418.3
112900,354.65|442.9
112901,560.1|589.45
112902,406.55|567.55
112903,543.45|428.2
112904,398.05|364.2
112905,415.85|385.7
112906,266.2|494.9
112907,540.75|241.65
112908,585.65|444.4
112909,342.7|413.15
112910,258.0|206.95
112911,434.95|497.2
112912,217.1|276.45
112913,343.0|430.15
112914,469.15|568.25
112915,221.7|303.6
112916,388.55|263.45
112917,339.65|378.2
112918,520.6|453.2
112919,545.8|345.0
112920,537.35|340.35
112921,389.15|403.4
112922,226.05|392.9
112923,572.6|343.55
112924,542.25|328.55
112925,272.0|245.55
112926,348.2|473.95
112927,419.45|559.95
112928,459.9|544.45
112929,475.85|353.85
112930,565.25|463.85
112931,442.2|576.3
112932,422.85|423.4
112933,581.8|491.8
112934,297.25|392.85
112935,450.7|236.45
112936,412.0|254.5
112937,572.2|253.25
112938,593.95|502.0
112939,427.45|322.2
112940,455.25|445.2
112941,488.95|271.0
112942,325.4|391.2
112943,422.6|438.5
112944,592.85|416.25
112945,309.45|485.5
112946,433.25|492.95
112947,530.4|496.6
112948,361.9|548.7
112949,467.0|445.6
112950,493.5|489.05
112951,402.85|335.5
112952,350.45|207.4
112953,425.95|346.3
112954,558.0|499.05
112955,461.95|519.0
112956,257.9|583.15
112957,212.95|536.5
112958,512.65|497.3
112959,349.55|548.95
112960,226.1|274.3
112961,368.95|557.1
112962,272.25|379.6
112963,283.05|581.75
112964,430.95|580.55
112965,383.0|488.5
112966,484.15|453.85
112967,294.1|450.8
112968,583.6|388.15
112969,574.45|552.5
112970,457.4|391.85
112971,520.5|455.5
112972,574.85|297.6
112973,442.9|351.5
112974,545.45|277.05
112975,399.2|380.9
112976,471.0|256.9
112977,265.4|402.45
112978,233.15|534.15
112979,476.5|546.15
112980,477.9|244.4
112981,457.15|281.25
112982,273.85|374.0
112983,484.9|256.6
112984,324.75|408.65
112985,295.4|523.7
112986,375.6|224.8
112987,218.9|398.7
112988,452.35|448.7
112989,458.5|315.25
112990,309.65|384.4
112991,298.9|312.2
112992,581.5|349.9
112993,437.9|517.9
112994,215.1|509.15
112995,584.85|379.3
112996,420.8|311.6
112997,356.0|593.85
112998,518.5|478.65
112999,223.0|327.05
113000,452.25|229.55
113001,582.65|527.55
113002,277.15|380.35
113003,326.25|362.9
113004,381.25|357.3
113005,581.25|270.5
113006,467.7|328.4
113007,405.4|451.75
113008,367.0|372.3
113009,560.7|479.25
113010,414.6|568.0
113011,489.6|228.1
113012,216.7|575.5
113013,259.8|278.65
113014,403.8|300.8
113015,573.4|308.05
113016,427.95|576.3
113017,221.3|418.0
113018,380.45|555.05
113019,400.4|537.45
113020,314.7|323.45
113021,549.05|519.45
113022,568.05|585.8
113023,484.2|278.75
113024,338.25|330.9
113025,351.45|208.35
113026,588.4|366.4
113027,401.9|540.65
113028,414.75|582.85
113029,590.6|355.65
113030,551.65|228.5
113031,338.25|233.05
113032,392.45|591.3
113033,332.9|419.5
113034,528.95|523.25
113035,531.6|351.7
113036,447.2|512.6
113037,524.7|423.9
113038,403.5|317.65
113039,285.0|346.65
113040,542.15|435.6
113041,549.2|522.9
113042,587.45|478.05
113043,253.0|260.35
113044,405.3|366.7
113045,456.9|354.4
113046,456.3|573.75
113047,407.3|288.95
113048,371.2|533.05
113049,365.25|577.5
113050,210.05|227.05
113051,455.5|439.8
113052,380.7|236.65
113053,589.4|397.4
113054,483.35|465.85
113055,297.45|392.85
113056,579.55|578.75
113057,522.7|528.8
113058,473.4|371.0
113059,566.9|308.5
113060,407.3|480.65
113061,337.3|221.05
113062,584.6|398.1
113063,401.45|393.75
113064,470.5|523.2
113065,469.9|464.9
113066,267.95|368.9
113067,420.25|455.7
113068,423.8|246.3
113069,551.8|305.05
113070,356.3|362.1
113071,485.15|332.0
113072,210.8|486.95
113073,355.25|590.35
113074,378.5|544.95
113075,309.05|469.05
113076,464.4|439.8
113077,440.2|337.1
113078,203.4|531.6
113079,379.95|370.55
113080,418.7|542.65
113081,290.05|530.35
113082,269.95|331.9
113083,346.9|331.6
113084,346.55|229.85
113085,564.75|434.15
113086,444.5|471.1
113087,575.1|475.7
113088,208.1|333.2
113089,267.95|321.25
113090,557.15|459.2
113091,558.1|543.95
113092,236.7|345.4
113093,283.9|385.9
113094,467.65|394.6
113095,260.05|315.6
113096,554.75|513.9
113097,467.8|327.85
113098,229.65|242.9
113099,392.25|577.95
113100,304.6|399.6
113101,235.45|255.35
113102,275.8|394.9
113103,263.15|463.8
113104,209.9|458.55
113105,444.9|407.5
113106,217.2|226.85
113107,213.65|270.5
113108,422.85|486.1
113109,534.05|561.1
113110,368.2|346.75
113111,427.45|469.0
113112,235.2|473.25
113113,439.4|364.05
113114,362.35|246.85
113115,546.45|329.2
113116,455.05|461.5
113117,238.7|539.35
113118,546.55|255.25
113119,278.25|335.65
113120,297.4|298.95
113121,430.8|475.8
113122,406.05|591.3
113123,276.2|355.75
113124,347.2|541.15
113125,563.55|510.85
113126,591.6|412.65
113127,355.15|536.1
113128,266.05|572.45
113129,251.45|385.05
113130,561.05|477.6
113131,419.45|480.1
113132,206.9|330.55
113133,267.85|220.45
113134,218.8|586.25
113135,442.95|591.95
113136,216.6|588.25
113137,554.25|325.1
113138,584.1|313.75
113139,413.6|270.35
113140,497.15|345.4
113141,344.6|431.15
113142,399.1|570.65
113143,541.55|539.3
113144,339.7|370.4
113145,235.15|436.1
113146,478.8|343.0
113147,469.95|358.4
113148,579.35|534.1
113149,524.55|351.45
113150,242.6|226.35
113151,280.9|540.8
113152,409.35|585.7
113153,522.95|283.1
113154,279.85|572.0
113155,209.4|475.95
113156,248.5|545.75
113157,549.1|446.6
113158,402.55|500.05
113159,406.95|538.55
113160,344.65|374.35
113161,410.9|498.7
113162,548.7|335.7
113163,579.3|353.2
113164,214.55|468.75
113165,300.95|523.25
113166,585.65|567.65
113167,247.55|570.4
113168,245.75|516.15
113169,224.25|269.4
113170,354.1|568.2
113171,248.9|372.75
113172,315.45|330.5
113173,583.3|341.35
113174,479.45|383.05
113175,427.75|575.85
113176,278.15|384.65
113177,226.1|476.0
113178,222.75|320.5
113179,547.9|300.4
113180,332.1|337.05
113181,435.8|504.6
113182,464.1|324.9
113183,338.6|238.45
113184,241.95|355.0
113185,343.75|538.3
113186,568.1|594.4
113187,477.8|252.4
113188,273.0|255.15
113189,543.65|575.05
113190,479.9|347.5
113191,417.15|578.6
113192,347.25|369.8
113193,301.9|402.05
113194,210.35|579.15
113195,449.7|582.85
113196,525.9|374.55
113197,280.65|309.25
113198,424.2|209.3
113199,426.8|310.75
113200,343.15|582.95
113201,531.5|543.1
113202,533.75|454.95
113203,255.1|375.15
113204,364.85|519.1
113205,268.6|276.2
113206,238.85|301.2
113207,287.2|346.75
113208,269.25|384.25
113209,426.75|594.3
113210,571.45|403.3
113211,356.1|347.1
113212,292.1|512.6
113213,411.45|494.1
113214,382.95|392.85
113215,231.55|417.75
113216,471.65|359.75
113217,578.55|301.35
113218,531.2|581.4
113219,268.8|305.6
113220,290.5|593.1
113221,269.4|336.8
113222,540.75|245.2
113223,424.4|260.1
113224,530.95|531.2
113225,386.8|395.1
113226,294.0|353.35
113227,482.45|441.6
113228,401.15|387.6
113229,333.45|408.45
113230,357.6|213.3
113231,594.3|565.9
113232,436.75|307.7
113233,409.05|314.5
113234,282.2|428.8
113235,443.85|550.85
113236,543.6|324.9
113237,535.6|491.35
113238,407.4|381.65
113239,392.5|276.6
113240,532.5|459.8
113241,431.5|385.4
113242,382.35|586.0
113243,579.85|491.3
113244,577.65|417.7
113245,440.7|530.75
113246,317.95|340.45
113247,344.7|344.9
113248,351.0|532.3
113249,286.05|547.85
113250,403.8|284.65
113251,516.8|236.75
113252,588.8|385.15
113253,213.35|249.05
113254,567.55|320.0
113255,351.5|440.6
113256,541.05|511.55
113257,258.05|508.65
113258,482.1|321.05
113259,240.8|215.25
113260,504.75|347.55
113261,432.0|306.1
113262,211.4|579.75
113263,584.85|354.0
113264,465.0|221.15
113265,552.2|566.05
113266,213.2|346.0
113267,273.05|389.75
113268,304.05|322.15
113269,529.25|421.55
113270,395.3|542.6
113271,237.85|487.75
113272,590.35|266.55
113273,225.45|590.55
113274,273.4|247.85
113275,230.75|591.85
113276,384.3|572.85
113277,406.2|226.1
113278,503.8|491.15
113279,350.35|596.05
113280,388.75|560.75
113281,440.05|291.3
113282,548.0|432.65
113283,318.6|357.5
113284,574.3|324.65
113285,581.1|218.0
113286,399.2|451.2
113287,522.55|463.45
113288,241.85|476.2
113289,391.9|207.8
113290,583.5|432.25
113291,566.35|448.45
113292,582.75|468.25
113293,367.4|374.85
113294,545.0|246.0
113295,401.2|351.7
113296,544.1|577.9
113297,341.5|565.6
113298,425.5|398.05
113299,583.45|362.6
113300,441.2|464.35
113301,569.8|493.5
113302,527.8|507.85
113303,485.2|211.15
113304,458.95|454.15
113305,223.4|221.55
113306,427.1|380.2
113307,361.85|450.65
113308,279.9|559.35
113309,351.95|215.7
113310,562.7|342.55
113311,547.85|259.2
113312,404.65|331.45
113313,543.0|563.1
113314,469.0|349.95
113315,248.6|239.35
113316,379.85|353.9
113317,417.8|303.75
113318,378.85|496.1
113319,319.15|332.85
113320,296.45|487.8
113321,358.1|262.05
113322,343.65|282.35
113323,369.45|390.75
113324,209.5|589.65
113325,253.1|288.15
113326,360.7|286.85
113327,437.1|588.8
113328,355.7|447.9
113329,462.45|574.4
113330,354.6|379.0
113331,427.7|383.6
113332,530.8|281.8
113333,410.1|476.25
113334,389.6|478.45
113335,209.4|591.5
113336,464.3|432.9
113337,300.45|410.9
113338,397.65|202.85
113339,244.3|219.0
113340,217.85|513.45
113341,529.5|571.0
113342,560.85|357.7
113343,400.55|546.05
113344,433.6|581.35
113345,471.0|228.0
113346,345.1|247.35
113347,587.15|538.75
113348,335.0|294.95
113349,548.35|517.5
113350,589.3|587.55
113351,218.35|309.7
113352,341.1|375.4
113353,414.85|486.8
113354,273.75|566.7
113355,468.1|284.4
113356,442.85|265.95
113357,433.7|457.45
113358,438.7|290.1
113359,354.85|394.45
113360,312.5|508.1
113361,583.45|361.95
113362,380.35|256.6
113363,460.7|223.6
113364,300.9|485.65
113365,528.95|430.5
113366,396.3|576.85
113367,474.7|472.6
113368,586.6|486.0
113369,391.95|399.65
113370,400.55|208.55
113371,269.0|461.45
113372,318.55|369.25
113373,339.0|359.95
113374,299.5|253.95
113375,418.45|292.55
113376,554.9|560.35
113377,525.8|370.65
113378,504.95|456.25
113379,234.1|445.5
113380,248.95|316.95
113381,374.65|490.15
113382,578.15|360.4
113383,214.9|228.9
113384,394.6|327.9
113385,223.85|282.1
113386,346.75|311.45
113387,218.25|292.1
113388,210.9|584.85
113389,591.25|345.35
113390,382.35|262.05
113391,382.45|579.55
113392,265.05|370.25
113393,448.9|449.7
113394,413.75|408.3
113395,371.7|510.5
113396,276.3|582.85
113397,584.3|528.65
113398,287.15|543.6
113399,244.8|412.85
113400,553.45|264.6
113401,477.0|504.9
113402,459.3|381.7
113403,258.6|325.95
113404,354.25|248.45
113405,517.25|345.8
113406,570.75|238.0
113407,339.5|590.2
113408,426.7|590.25
113409,247.65|359.45
113410,408.5|573.0
113411,290.3|427.25
113412,255.35|219.15
113413,464.6|454.1
113414,401.25|594.9
113415,588.65|371.1
113416,478.25|379.3
113417,400.1|552.35
113418,226.15|306.7
113419,576.25|409.25
113420,212.4|526.65
113421,416.85|355.1
113422,287.05|547.45
113423,503.8|330.4
113424,406.6|337.1
113425,339.25|545.1
113426,317.1|414.25
113427,524.7|313.3
113428,514.5|543.2
113429,240.9|404.25
113430,547.2|592.75
113431,490.2|473.75
113432,487.4|328.2
113433,405.85|373.15
113434,275.0|445.25
113435,245.5|469.65
113436,424.5|351.0
113437,456.8|383.95
113438,377.45|492.3
113439,228.15|408.0
113440,372.55|496.3
113441,294.5|498.75
113442,522.35|551.2
113443,473.95|309.35
113444,473.45|319.95
113445,218.6|524.85
113446,279.7|306.2
113447,438.1|521.35
113448,471.55|448.85
113449,570.2|249.7
113450,209.1|325.15
113451,349.2|394.55
113452,524.05|495.8
113453,228.5|491.15
113454,351.3|494.35
113455,397.3|472.1
113456,436.45|378.5
113457,264.65|217.8
113458,375.8|211.2
113459,556.25|258.8
113460,380.65|473.55
113461,571.3|476.7
113462,453.8|485.85
113463,442.25|532.6
113464,394.75|540.9
113465,542.1|423.35
113466,470.9|380.75
113467,427.55|256.95
113468,357.45|434.4
113469,455.05|306.15
113470,214.8|248.7
113471,285.55|479.25
113472,462.0|305.1
113473,400.05|242.7
113474,286.45|428.8
113475,369.75|211.55
113476,587.5|561.2
113477,479.1|264.25
113478,235.0|395.55
113479,279.65|265.9
113480,235.3|276.15
113481,456.75|394.65
113482,419.75|574.5
113483,223.35|237.25
113484,273.45|355.95
113485,401.1|589.65
113486,270.45|537.35
113487,481.2|321.15
113488,331.85|492.8
113489,515.5|298.85
113490,563.15|584.3
113491,308.25|421.5
113492,522.0|448.15
113493,410.75|586.25
113494,489.15|491.7
113495,563.9|455.95
113496,469.8|277.45
113497,475.6|456.7
113498,413.65|342.3
113499,543.3|509.1
113500,215.55|209.35
113501,376.0|280.7
113502,469.95|334.15
113503,405.0|363.75
113504,590.05|421.85
113505,553.85|213.7
113506,377.35|487.65
113507,209.7|587.85
113508,379.55|498.9
113509,290.6|319.9
113510,354.75|277.15
113511,403.4|240.1
113512,421.0|323.4
113513,376.7|454.7
113514,220.6|379.25
113515,281.3|366.2
113516,538.6|561.55
113517,480.9|273.9
113518,214.75|216.15
113519,569.3|456.45
113520,448.1|516.25
113521,358.35|386.5
113522,572.8|381.85
113523,216.95|298.5
113524,293.0|291.55
113525,589.7|551.3
113526,470.15|292.6
113527,510.6|476.25
113528,559.8|262.45
113529,543.15|583.35
113530,578.0|589.55
113531,373.8|469.25
113532,419.3|377.45
113533,307.8|476.0
113534,374.0|330.95
113535,317.85|403.9
113536,461.55|443.25
113537,520.4|450.15
113538,425.55|218.5
113539,443.55|333.55
113540,389.8|523.95
113541,455.9|347.75
113542,208.55|541.7
113543,224.95|395.9
113544,590.55|223.25
113545,415.1|503.95
113546,452.5|540.25
113547,533.2|539.95
113548,478.25|235.4
113549,378.8|257.5
113550,561.6|414.7
113551,562.05|228.7
113552,569.45|368.9
113553,223.65|357.65
113554,348.5|452.5
113555,346.4|366.75
113556,227.4|210.8
113557,445.4|553.15
113558,210.1|584.0
113559,542.95|354.55
113560,247.9|383.95
113561,471.7|529.95
113562,339.15|422.8
113563,285.4|414.6
113564,426.4|484.0
113565,317.25|337.7
113566,575.45|445.55
113567,241.25|304.0
113568,469.0|213.45
113569,568.5|309.7
113570,210.6|561.9
113571,531.3|456.8
113572,430.3|290.25
113573,577.05|225.3
113574,508.35|302.3
113575,274.25|411.1
113576,372.05|497.65
113577,246.15|394.05
113578,238.65|560.5
113579,461.9|441.95
113580,351.95|581.8
113581,298.05|491.55
113582,504.2|456.85
113583,534.4|343.35
113584,263.4|345.2
113585,225.0|259.0
113586,430.65|470.8
113587,405.25|263.8
113588,365.85|212.8
113589,539.2|318.2
113590,448.25|562.5
113591,471.9|326.0
113592,254.55|290.5
113593,353.65|522.35
113594,455.8|316.85
113595,576.95|394.95
113596,541.25|315.75
113597,377.15|515.15
113598,359.1|237.3
113599,586.6|516.35
113600,406.2|464.65
113601,577.7|437.0
113602,341.55|243.1
113603,428.45|441.15
113604,465.85|539.35
113605,543.6|585.25
113606,227.1|361.55
113607,394.65|474.35
113608,481.2|334.35
113609,564.9|447.35
113610,293.1|360.4
113611,447.9|554.55
113612,461.75|493.75
113613,368.55|450.35
113614,237.35|348.15
113615,246.55|347.2
113616,295.95|429.0
113617,594.3|348.1
113618,278.25|594.5
113619,460.85|415.75
113620,471.25|255.85
113621,425.2|259.45
113622,534.4|291.8
113623,574.85|469.0
113624,332.2|330.3
113625,430.9|431.05
113626,367.65|508.45
113627,543.05|584.4
113628,472.25|294.65
113629,535.8|263.7
113630,220.5|267.2
113631,245.25|490.4
113632,469.0|497.15
113633,236.25|483.4
113634,552.15|361.35
113635,469.25|300.35
113636,591.25|506.75
113637,512.7|486.2
113638,588.5|477.0
113639,386.55|321.75
113640,408.0|582.8
113641,463.4|278.5
113642,289.05|507.4
113643,590.0|412.65
113644,261.45|282.65
113645,463.0|333.2
113646,385.55|492.3
113647,245.8|426.35
113648,227.85|573.75
113649,361.85|529.85
113650,353.1|222.8
113651,568.35|231.75
113652,346.85|557.1
113653,589.15|560.95
113654,574.65|472.95
113655,385.0|448.6
113656,465.25|519.1
113657,478.05|533.9
113658,366.1|588.9
113659,537.75|585.25
113660,373.75|545.1
113661,401.4|339.6
113662,473.0|326.8
113663,391.05|564.8
113664,244.75|433.9
113665,300.9|587.15
113666,298.05|552.75
113667,359.5|449.9
113668,248.7|521.0
113669,395.45|281.4
113670,478.95|330.3
113671,588.9|371.35
113672,588.2|555.8
113673,529.1|519.95
113674,377.7|362.95
113675,353.95|449.85
113676,291.5|539.95
113677,544.2|500.3
113678,465.9|397.95
113679,571.9|458.85
113680,376.4|379.55
113681,551.05|462.75
113682,433.15|415.5
113683,557.75|331.85
113684,205.25|497.35
113685,472.8|340.45
113686,371.15|255.65
113687,376.4|484.0
113688,579.5|458.55
113689,501.4|335.65
113690,275.2|493.05
113691,528.05|439.1
113692,539.7|237.25
113693,536.0|416.35
113694,447.3|368.4
113695,509.95|340.45
113696,411.3|566.3
113697,247.4|264.6
113698,464.65|433.25
113699,396.65|253.35
113700,245.65|367.6
113701,229.4|341.75
113702,574.8|308.75
113703,566.75|464.15
113704,467.3|551.25
113705,239.15|276.3
113706,536.5|406.9
113707,211.05|484.05
113708,499.85|240.35
113709,561.3|279.4
113710,325.75|415.4
113711,245.15|282.85
113712,287.9|469.5
113713,280.3|317.95
113714,464.1|322.25
113715,420.3|319.45
113716,433.85|337.6
113717,210.95|523.2
113718,287.25|541.45
113719,406.85|350.75
113720,472.6|488.35
113721,271.95|337.15
113722,222.8|301.45
113723,451.1|555.3
113724,351.05|540.8
113725,213.2|389.0
113726,572.4|314.9
113727,422.85|465.4
113728,428.85|331.5
113729,373.45|292.5
113730,449.7|559.85
113731,438.3|215.8
113732,267.0|566.15
113733,206.6|583.0
113734,462.0|550.7
113735,582.2|413.6
113736,356.0|459.3
113737,265.35|259.3
113738,279.9|464.95
113739,256.2|405.8
113740,319.95|411.4
113741,443.65|314.35
113742,346.65|234.85
113743,286.45|426.3
113744,413.75|473.15
113745,460.65|566.2
113746,559.55|254.65
113747,262.9|290.35
113748,378.65|296.0
113749,319.4|360.55
113750,533.35|479.85
113751,340.5|213.3
113752,407.65|547.2
113753,292.15|504.2
113754,362.65|587.4
113755,244.15|325.45
113756,585.85|403.35
113757,582.85|474.75
113758,388.9|504.55
113759,347.1|281.4
113760,335.8|228.15
113761,478.05|246.65
113762,285.45|367.7
113763,592.2|559.0
113764,222.0|585.45
113765,422.25|296.5
113766,404.95|368.2
113767,439.85|571.75
113768,223.4|541.5
113769,271.1|215.65
113770,417.55|503.3
113771,354.25|460.15
113772,349.9|514.5
113773,213.5|390.75
113774,366.3|480.05
113775,577.3|522.8
113776,564.95|210.3
113777,260.65|272.15
113778,243.6|414.0
113779,431.7|223.35
113780,376.1|430.45
113781,563.1|237.65
113782,222.55|248.75
113783,277.1|275.45
113784,279.5|425.95
113785,280.0|229.55
113786,572.3|583.95
113787,553.7|229.6
113788,537.65|490.95
113789,441.6|593.0
113790,330.65|553.45
113791,515.25|522.85
113792,508.9|496.75
113793,532.7|457.3
113794,418.2|236.5
113795,278.35|288.3
113796,503.85|484.55
113797,458.15|590.65
113798,438.55|554.0
113799,455.95|310.1
113800,363.9|257.7
113801,374.85|331.4
113802,575.35|536.45
113803,574.65|399.9
113804,468.5|436.2
113805,556.15|435.15
113806,553.9|385.0
113807,415.05|447.5
113808,328.3|426.75
113809,262.65|584.35
113810,319.7|395.85
113811,532.2|337.45
113812,345.15|407.9
113813,426.7|589.9
113814,406.1|591.9
113815,449.75|238.35
113816,366.65|260.35
113817,579.3|548.45
113818,445.4|308.3
113819,245.15|243.7
113820,272.9|404.5
113821,259.8|424.2
113822,289.7|353.2
113823,431.8|442.5
113824,266.95|269.95
113825,235.0|242.65
113826,535.25|341.65
113827,431.5|546.25
113828,386.4|564.5
113829,269.05|262.4
113830,318.75|368.25
113831,282.5|490.7
113832,216.4|456.7
113833,281.2|494.35
113834,206.35|318.55
113835,343.4|422.95
113836,420.35|507.4
113837,233.0|451.9
113838,424.8|484.35
113839,589.85|397.85
113840,447.6|236.2
113841,570.45|224.8
113842,388.1|479.05
113843,350.85|244.05
113844,430.1|308.45
113845,346.1|215.8
113846,478.6|337.0
113847,379.35|482.7
113848,433.9|503.25
113849,567.95|232.55
113850,421.2|429.6
113851,532.45|546.6
113852,475.05|561.1
113853,440.15|496.05
113854,419.2|335.85
113855,563.6|467.55
113856,482.7|540.15
113857,591.65|385.05
113858,283.45|331.0
113859,284.35|553.55
113860,261.05|395.95
113861,449.25|337.65
113862,507.4|510.85
113863,564.4|237.85
113864,358.8|299.15
113865,427.2|442.15
113866,219.05|320.9
113867,536.7|295.45
113868,208.0|257.4
113869,516.2|364.35
113870,460.0|565.1
113871,410.6|521.2
113872,214.0|450.9
113873,379.2|552.65
113874,569.35|445.1
113875,325.6|333.15
113876,211.95|330.75
113877,216.8|346.3
113878,300.05|531.2
113879,594.2|556.95
113880,548.1|496.65
113881,536.85|496.4
113882,365.05|571.5
113883,332.0|335.2
113884,591.1|368.45
113885,473.0|386.3
113886,393.1|543.7
113887,464.6|451.7
113888,390.0|493.05
113889,271.15|381.15
113890,449.75|332.85
113891,576.6|352.05
113892,238.25|288.25
113893,265.15|254.25
113894,426.7|582.9
113895,342.4|366.7
113896,456.7|566.6
113897,224.05|473.15
113898,565.9|569.15
113899,477.45|221.5
113900,475.25|471.4
113901,239.95|389.05
113902,408.7|327.95
113903,573.95|335.85
113904,541.6|499.85
113905,547.45|231.2
113906,249.95|575.65
113907,281.4|535.1
113908,305.4|594.75
113909,374.7|206.1
113910,271.95|294.95
113911,418.85|347.8
113912,281.75|493.3
113913,456.1|496.0
113914,443.9|531.75
113915,561.25|230.0
113916,234.15|216.0
113917,460.6|394.6
113918,403.3|479.25
113919,569.55|567.65
113920,543.85|590.85
113921,587.9|417.9
113922,269.85|414.85
113923,323.35|513.45
113924,270.6|276.65
113925,208.75|483.35
113926,476.25|240.05
113927,307.7|552.3
113928,471.95|349.0
113929,364.6|364.6
113930,384.0|375.35
113931,416.3|545.5
113932,470.95|343.1
113933,472.45|232.15
113934,476.7|459.9
113935,428.0|215.15
113936,456.1|262.55
113937,543.35|317.45
113938,258.35|227.0
113939,218.35|426.9
113940,389.8|257.95
113941,370.7|422.35
113942,233.8|351.0
113943,265.45|277.35
113944,390.0|274.25
113945,354.0|322.55
113946,570.2|464.7
113947,213.1|585.9
113948,367.65|389.15
113949,537.05|367.05
113950,277.15|342.7
113951,432.4|439.75
113952,569.65|591.85
113953,368.9|592.45
113954,360.25|330.9
113955,402.65|555.7
113956,467.3|247.4
113957,339.85|563.95
113958,488.85|494.95
113959,584.85|578.95
113960,241.2|221.85
113961,340.3|231.8
113962,219.8|243.65
113963,480.6|365.25
113964,589.55|564.35
113965,591.1|404.35
113966,586.5|458.75
113967,288.0|267.65
113968,298.7|368.65
113969,379.15|371.5
113970,271.3|277.6
113971,360.8|414.7
113972,405.1|579.6
113973,407.1|399.35
113974,238.7|234.7
113975,561.35|411.55
113976,387.8|216.95
113977,368.8|346.55
113978,219.75|405.4
113979,266.85|372.8
113980,343.15|548.9
113981,303.25|342.2
113982,324.25|535.4
113983,355.3|437.7
113984,324.8|317.7
113985,208.9|244.3
113986,474.6|489.45
113987,395.25|589.85
113988,329.5|372.05
113989,550.75|439.65
113990,413.25|538.6
113991,393.25|307.7
113992,292.45|379.05
113993,524.75|482.15
113994,232.0|246.15
113995,363.4|578.35
113996,361.55|287.65
113997,389.7|570.7
113998,571.45|462.05
113999,263.4|416.6
114000,475.4|275.25
114001,357.5|441.65
114002,294.9|328.05
114003,210.75|276.0
114004,442.0|387.75
114005,283.05|410.0
114006,392.5|592.4
114007,261.15|319.95
114008,390.55|590.45
114009,358.6|552.0
114010,225.2|578.65
114011,357.8|593.45
114012,253.6|561.6
114013,586.55|580.5
114014,414.7|549.65
114015,535.35|216.05
114016,381.25|496.5
114017,554.55|332.5
114018,278.75|281.65
114019,432.85|452.55
114020,214.65|444.35
114021,265.15|464.85
114022,238.8|496.55
114023,204.85|451.45
114024,581.05|499.8
114025,316.35|397.85
114026,467.4|485.25
114027,437.3|402.35
114028,417.55|418.35
114029,461.7|549.9
114030,454.0|229.9
114031,349.95|245.6
114032,375.0|589.25
114033,386.0|508.0
114034,287.25|584.25
114035,565.85|321.95
114036,325.6|253.4
114037,367.35|500.45
114038,242.5|438.55
114039,421.75|477.45
114040,299.4|431.15
114041,372.5|454.4
114042,407.25|551.85
114043,226.8|241.9
114044,265.25|249.8
114045,227.6|567.4
114046,350.55|365.65
114047,409.35|592.3
114048,457.2|448.2
114049,592.95|579.8
114050,467.7|454.3
114051,386.45|275.2
114052,542.55|297.7
114053,453.55|520.55
114054,579.6|415.9
114055,209.1|588.05
114056,589.85|572.4
114057,407.65|568.9
114058,478.85|272.1
114059,227.6|252.25
114060,348.65|256.55
114061,211.45|314.25
114062,415.15|231.1
114063,274.25|580.35
114064,553.2|536.8
114065,410.65|297.55
114066,348.75|283.3
114067,438.85|577.8
114068,217.05|284.2
114069,577.25|212.6
114070,212.9|220.45
114071,323.95|351.6
114072,307.15|381.5
114073,559.95|248.45
114074,221.75|591.0
114075,453.25|535.25
114076,450.45|220.95
114077,408.4|266.35
114078,420.15|261.1
114079,530.05|430.05
114080,485.15|403.3
114081,348.85|238.1
114082,594.1|468.65
114083,391.65|441.3
114084,363.55|535.6
114085,587.5|315.85
114086,575.4|480.9
114087,368.3|444.3
114088,397.45|532.95
114089,371.25|219.65
114090,544.4|342.45
114091,577.5|441.05
114092,435.95|266.7
114093,239.25|421.1
114094,329.05|335.9
114095,543.75|328.2
114096,299.9|371.9
114097,282.75|423.5
114098,251.35|466.0
114099,211.85|317.2
114100,210.85|219.35
114101,543.7|330.75
114102,339.1|468.2
114103,466.95|255.2
114104,561.4|269.45
114105,538.85|573.05
114106,528.2|485.85
114107,590.55|582.25
114108,390.2|307.05
114109,471.25|307.25
114110,206.8|470.7
114111,435.05|381.4
114112,591.55|401.65
114113,435.0|390.0
114114,209.5|257.0
114115,569.6|444.8
114116,434.5|560.2
114117,461.25|303.15
114118,272.15|525.8
114119,449.6|488.3
114120,351.95|334.2
114121,535.1|576.6
114122,534.7|501.0
114123,275.3|375.45
114124,589.35|512.9
114125,289.95|373.2
114126,252.15|501.85
114127,243.75|435.7
114128,462.75|550.8
114129,372.35|218.05
114130,454.5|519.5
114131,445.8|489.6
114132,367.6|357.05
114133,413.15|591.1
114134,347.9|257.0
114135,428.35|248.85
114136,554.35|391.25
114137,472.75|481.8
114138,245.75|560.55
114139,475.85|512.3
114140,296.15|403.65
114141,468.35|324.3
114142,586.25|490.3
114143,493.85|338.85
114144,497.85|539.55
114145,433.45|583.6
114146,247.25|580.3
114147,464.8|562.85
114148,221.95|580.85
114149,258.5|346.35
114150,334.65|304.15
114151,555.8|493.6
114152,554.55|301.5
114153,439.25|555.25
114154,454.3|412.2
114155,572.9|215.9
114156,333.75|242.7
114157,584.25|484.0
114158,443.65|267.5
114159,353.2|333.5
114160,472.0|313.8
114161,395.35|351.4
114162,458.5|464.35
114163,459.55|571.95
114164,224.3|464.9
114165,557.2|229.9
114166,532.45|557.3
114167,590.1|409.6
114168,363.1|411.05
114169,594.75|273.95
114170,281.8|455.35
114171,354.35|339.05
114172,586.7|548.0
114173,448.3|324.05
114174,549.25|430.35
114175,504.35|458.5
114176,469.85|456.55
114177,440.7|378.15
114178,295.9|571.0
114179,468.15|448.75
114180,225.85|274.35
114181,210.65|545.5
114182,238.95|253.95
114183,248.15|349.1
114184,400.05|580.0
114185,345.15|593.75
114186,584.9|416.95
114187,454.2|539.45
114188,358.15|595.65
114189,268.25|440.25
114190,585.6|516.5
114191,462.65|474.3
114192,465.3|396.85
114193,272.1|566.65
114194,552.1|288.7
114195,586.2|561.55
114196,591.55|367.9
114197,216.65|318.7
114198,555.15|238.1
114199,573.8|208.55
114200,553.25|237.3
114201,404.75|544.25
114202,352.3|495.2
114203,230.05|512.25
114204,395.0|574.05
114205,590.85|356.55
114206,266.6|271.3
114207,512.55|483.3
114208,236.85|472.9
114209,581.8|208.85
114210,411.55|483.0
114211,343.8|240.15
114212,404.05|338.3
114213,446.8|398.3
114214,208.7|323.95
114215,385.15|511.9
114216,404.2|561.1
114217,417.5|546.2
114218,565.45|415.0
114219,396.7|305.05
114220,224.05|408.1
114221,412.5|506.15
114222,326.2|414.85
114223,251.65|583.9
114224,385.15|555.15
114225,458.75|553.55
114226,541.4|482.55
114227,529.05|572.15
114228,577.6|501.8
114229,443.2|320.0
114230,457.45|218.55
114231,460.85|403.55
114232,225.95|217.05
114233,224.4|499.95
114234,272.25|558.5
114235,283.65|227.75
114236,278.5|595.25
114237,233.65|434.65
114238,376.9|215.9
114239,580.5|354.5
114240,255.8|572.7
114241,261.45|408.85
114242,465.7|545.2
114243,327.65|221.15
114244,566.05|480.2
114245,429.5|462.85
114246,545.1|488.55
114247,306.95|536.55
114248,550.5|527.25
114249,279.15|583.4
114250,279.15|588.5
114251,572.55|519.55
114252,539.85|267.55
114253,396.75|576.35
114254,392.85|341.2
114255,580.35|288.25
114256,522.5|435.2
114257,426.45|569.85
114258,435.7|246.2
114259,251.75|584.6
114260,461.1|470.0
114261,288.85|342.05
114262,469.25|244.35
114263,231.35|360.9
114264,536.9|392.55
114265,408.55|335.75
114266,557.5|243.3
114267,475.15|274.9
114268,240.75|576.4
114269,415.75|502.25
114270,282.7|263.25
114271,320.6|386.1
114272,429.5|241.7
114273,282.15|387.85
114274,470.35|353.15
114275,531.0|518.15
114276,548.8|588.35
114277,263.4|216.7
114278,311.15|585.15
114279,579.85|461.6
114280,371.55|335.2
114281,209.05|237.0
114282,306.75|416.15
114283,519.4|493.6
114284,439.0|556.7
114285,445.35|470.05
114286,376.25|563.1
114287,489.35|359.05
114288,433.65|395.6
114289,422.35|581.35
114290,233.8|511.15
114291,228.5|514.45
114292,559.2|316.5
114293,250.3|490.3
114294,228.25|587.95
114295,517.4|490.3
114296,455.1|583.9
114297,480.85|339.95
114298,395.0|459.65
114299,385.3|517.0
114300,252.15|556.75
114301,247.0|262.0
114302,576.25|536.35
114303,479.95|506.9
114304,560.1|548.0
114305,449.8|380.25
114306,595.35|539.05
114307,346.15|357.5
114308,417.65|576.5
114309,470.65|240.85
114310,262.2|437.0
114311,231.1|415.1
114312,218.85|461.2
114313,236.65|582.25
114314,397.4|497.8
114315,214.95|316.15
114316,260.9|444.55
114317,281.5|453.5
114318,527.85|577.95
114319,293.0|364.0
114320,458.05|569.65
114321,358.95|367.55
114322,355.1|214.3
114323,588.7|591.15
114324,572.35|432.75
114325,209.05|318.1
114326,580.05|276.45
114327,473.55|329.45
114328,275.0|578.3
114329,343.15|269.9
114330,408.05|376.55
114331,377.85|417.15
114332,556.2|274.05
114333,306.8|368.6
114334,247.6|418.35
114335,294.15|333.0
114336,540.35|564.2
114337,239.75|420.5
114338,405.95|387.85
114339,424.2|331.8
114340,561.1|531.8
114341,275.35|239.0
114342,580.05|263.25
114343,465.75|221.35
114344,279.05|421.85
114345,356.65|240.15
114346,494.9|493.45
114347,283.75|547.75
114348,220.65|255.15
114349,466.7|376.65
114350,480.55|259.9
114351,454.15|566.55
114352,425.7|408.9
114353,460.15|265.45
114354,216.8|589.55
114355,589.65|567.0
114356,206.95|540.55
114357,334.9|247.1
114358,460.4|218.1
114359,285.95|371.15
114360,343.7|576.65
114361,580.05|393.0
114362,509.1|351.9
114363,246.2|563.35
114364,516.85|456.55
114365,476.3|446.9
114366,459.4|392.0
114367,355.35|211.4
114368,435.05|537.65
114369,223.7|260.1
114370,235.15|421.9
114371,262.55|566.9
114372,458.6|451.5
114373,341.05|352.55
114374,294.9|430.55
114375,458.65|519.5
114376,554.8|345.7
114377,385.65|504.0
114378,260.25|211.55
114379,453.25|306.3
114380,322.15|343.15
114381,363.05|276.85
114382,445.2|285.95
114383,410.0|465.15
114384,282.35|472.2
114385,432.4|363.75
114386,593.85|420.6
114387,359.55|588.8
114388,478.5|348.0
114389,282.95|408.25
114390,271.15|562.85
114391,389.4|539.15
114392,411.5|324.75
114393,359.7|287.1
114394,354.0|593.85
114395,459.55|452.4
114396,276.7|285.95
114397,278.05|283.95
114398,463.7|372.85
114399,570.65|237.75
114400,306.85|395.15
114401,235.4|560.9
114402,247.45|425.95
114403,304.0|472.45
114404,442.45|270.9
114405,389.4|310.6
114406,476.3|510.25
114407,223.85|565.5
114408,352.75|260.4
114409,431.15|441.4
114410,377.6|301.95
114411,544.05|466.25
114412,301.9|415.4
114413,565.55|317.2
114414,533.6|435.6
114415,454.55|257.5
114416,469.0|491.5
114417,395.4|242.6
114418,349.05|593.65
114419,458.9|376.55
114420,397.75|354.65
114421,269.35|305.45
114422,352.5|277.95
114423,461.15|250.9
114424,349.35|595.05
114425,444.45|231.35
114426,381.7|371.75
114427,260.85|580.1
114428,483.85|570.8
114429,512.0|326.3
114430,460.95|333.4
114431,579.15|264.1
114432,568.35|419.6
114433,343.65|577.3
114434,588.25|271.2
114435,437.15|481.2
114436,537.35|424.95
114437,291.25|328.1
114438,304.05|325.7
114439,409.4|521.6
114440,284.45|438.25
114441,371.5|272.25
114442,463.35|483.75
114443,369.05|440.05
114444,479.75|339.7
114445,220.05|512.05
114446,581.4|590.3
114447,400.8|477.25
114448,364.95|573.4
114449,340.55|543.15
114450,332.15|564.6
114451,267.4|259.65
114452,406.0|550.95
114453,344.05|584.15
114454,475.15|496.7
114455,468.65|447.6
114456,402.85|575.05
114457,229.55|506.5
114458,403.9|250.45
114459,318.25|256.35
114460,451.65|557.7
114461,428.6|418.4
114462,249.85|238.45
114463,394.55|464.95
114464,336.2|230.9
114465,440.85|531.8
114466,229.45|399.75
114467,343.6|555.55
114468,377.3|211.65
114469,255.7|286.2
114470,211.35|564.8
114471,595.35|566.65
114472,248.7|369.25
114473,464.15|464.2
114474,250.8|361.65
114475,454.85|263.4
114476,276.15|298.4
114477,428.4|555.5
114478,384.5|283.7
114479,439.3|578.9
114480,418.75|589.6
114481,579.25|536.25
114482,580.55|295.95
114483,366.35|520.0
114484,486.75|434.95
114485,476.8|351.55
114486,509.2|478.2
114487,530.9|354.05
114488,236.3|568.4
114489,520.85|494.2
114490,368.15|581.85
114491,208.8|468.35
114492,297.5|449.1
114493,365.5|495.7
114494,215.55|285.7
114495,252.95|547.25
114496,283.0|357.25
114497,466.3|218.25
114498,469.8|531.25
114499,257.05|217.6
114500,282.15|293.25
114501,462.05|498.15
114502,549.65|460.95
114503,550.7|529.85
114504,332.1|487.25
114505,407.1|218.1
114506,458.15|460.5
114507,592.6|248.65
114508,505.3|481.05
114509,553.9|493.9
114510,582.6|251.7
114511,374.35|319.7
114512,433.9|345.2
114513,473.1|365.35
114514,213.3|443.4
114515,282.4|566.6
114516,281.0|305.45
114517,553.45|295.8
114518,390.7|276.6
114519,476.7|290.9
114520,406.8|559.1
114521,379.25|479.2
114522,262.0|550.7
114523,322.3|401.05
114524,587.15|374.85
114525,438.6|507.3
114526,593.8|586.15
114527,574.15|538.65
114528,318.45|494.95
114529,355.15|491.05
114530,244.05|230.45
114531,583.05|429.55
114532,345.2|378.1
114533,262.0|393.65
114534,286.65|238.5
114535,339.45|422.0
114536,277.25|289.6
114537,586.6|290.55
114538,488.1|348.2
114539,372.05|210.9
114540,577.2|467.8
114541,377.05|421.2
114542,467.5|493.75
114543,210.3|587.0
114544,429.2|516.75
114545,210.3|463.4
114546,565.4|520.5
114547,245.8|303.7
114548,556.2|391.0
114549,472.0|473.45
114550,561.3|543.9
114551,381.75|298.6
114552,267.0|245.4
114553,348.6|249.4
114554,450.95|241.1
114555,236.9|356.2
114556,217.0|376.55
114557,352.95|456.5
114558,466.65|237.8
114559,521.55|479.6
114560,583.1|538.0
114561,531.75|566.95
114562,445.2|395.8
114563,544.6|288.2
114564,589.8|293.95
114565,511.85|500.15
114566,322.6|417.0
114567,292.1|401.85
114568,453.2|510.85
114569,258.75|587.5
114570,410.6|477.3
114571,248.25|433.95
114572,284.35|574.25
114573,584.65|291.3
114574,266.8|533.95
114575,462.25|567.0
114576,400.2|234.75
114577,398.0|393.4
114578,462.65|295.45
114579,468.2|441.95
114580,431.0|445.95
114581,567.5|250.7
114582,217.65|434.75
114583,236.25|376.75
114584,553.55|282.4
114585,519.3|272.55
114586,534.05|549.45
114587,460.0|293.75
114588,413.45|255.05
114589,263.2|553.8
114590,293.6|519.5
114591,253.05|381.6
114592,346.75|542.5
114593,588.45|583.05
114594,369.9|264.0
114595,359.45|542.35
114596,291.15|314.85
114597,575.75|311.9
114598,444.6|551.15
114599,474.8|337.5
114600,472.95|279.95
114601,543.3|449.65
114602,263.2|267.05
114603,301.95|334.55
114604,301.55|347.05
114605,403.15|253.5
114606,222.3|299.05
114607,377.55|431.75
114608,354.9|434.65
114609,414.0|384.75
114610,594.0|393.4
114611,278.5|466.85
114612,516.5|476.0
114613,514.0|371.45
114614,260.1|257.95
114615,584.45|294.05
114616,544.65|357.05
114617,339.4|377.25
114618,581.6|533.35
114619,352.35|232.6
114620,377.7|498.35
114621,230.6|573.05
114622,269.9|275.9
114623,424.75|310.95
114624,388.25|499.9
114625,223.85|212.75
114626,214.75|337.05
114627,252.5|278.75
114628,339.25|333.8
114629,231.3|513.1
114630,560.25|549.8
114631,570.5|548.7
114632,287.1|403.05
114633,333.05|332.95
114634,353.15|519.3
114635,289.15|341.85
114636,451.65|587.75
114637,362.7|211.5
114638,253.0|391.05
114639,338.25|269.95
114640,378.2|469.0
114641,435.15|589.15
114642,531.2|429.75
114643,356.65|275.6
114644,233.5|535.15
114645,414.1|594.95
114646,211.4|515.35
114647,528.35|434.15
114648,400.25|503.25
114649,586.2|229.95
114650,338.1|315.1
114651,358.4|533.55
114652,364.2|501.55
114653,213.5|530.0
114654,255.85|425.3
114655,450.15|521.6
114656,427.35|499.6
114657,443.8|505.1
114658,593.6|594.1
114659,300.45|394.2
114660,537.7|456.05
114661,573.5|561.25
114662,487.4|491.85
114663,560.55|450.2
114664,445.05|388.95
114665,276.4|387.95
114666,432.5|366.6
114667,415.7|379.8
114668,221.95|308.25
114669,393.8|585.2
114670,282.85|343.6
114671,420.5|591.3
114672,538.35|352.1
114673,480.55|329.85
114674,443.7|504.55
114675,292.15|529.35
114676,574.4|592.65
114677,522.85|338.3
114678,571.6|296.45
114679,249.9|441.45
114680,269.1|572.15
114681,525.45|435.15
114682,336.6|431.85
114683,489.95|486.15
114684,242.85|274.7
114685,589.05|214.35
114686,375.9|290.7
114687,588.2|511.7
114688,349.35|355.05
114689,278.45|570.7
114690,452.65|315.6
114691,337.1|397.3
114692,314.8|388.85
114693,210.4|466.45
114694,224.9|519.45
114695,253.15|409.1
114696,570.1|494.35
114697,231.2|535.35
114698,426.15|547.1
114699,410.9|267.15
114700,463.75|289.25
114701,485.25|493.35
114702,567.7|312.15
114703,214.95|320.95
114704,370.85|397.25
114705,369.2|566.0
114706,311.35|456.25
114707,460.25|459.95
114708,294.1|451.45
114709,460.4|433.95
114710,509.45|456.55
114711,391.35|394.95
114712,553.5|347.8
114713,242.2|423.1
114714,580.65|588.7
114715,582.35|594.7
114716,408.6|260.2
114717,287.5|399.1
114718,556.35|465.0
114719,568.95|473.1
114720,207.75|324.5
114721,371.25|232.75
114722,563.0|530.0
114723,586.8|495.25
114724,424.9|436.3
114725,396.85|259.95
114726,590.35|211.3
114727,357.05|259.05
114728,358.7|280.35
114729,405.35|206.5
114730,569.1|312.65
114731,406.55|286.3
114732,235.55|511.65
114733,293.9|416.65
114734,228.6|311.7
114735,531.9|403.95
114736,278.6|459.95
114737,481.0|498.35
114738,240.85|258.2
114739,262.65|264.1
114740,394.7|264.3
114741,595.1|576.9
114742,563.35|390.3
114743,562.5|321.6
114744,298.4|385.1
114745,542.8|470.6
114746,264.2|561.05
114747,442.0|357.0
114748,397.45|232.6
114749,572.35|539.0
114750,277.55|455.7
114751,404.0|564.7
114752,342.65|551.45
114753,352.05|338.1
114754,436.6|448.6
114755,258.65|349.7
114756,353.7|549.75
114757,471.65|212.9
114758,401.8|219.25
114759,443.65|305.4
114760,446.2|290.2
114761,462.3|235.1
114762,218.75|590.35
114763,436.05|581.95
114764,209.05|312.4
114765,590.3|263.2
114766,257.8|376.7
114767,258.95|282.15
114768,593.4|559.25
114769,577.95|295.8
114770,447.05|509.95
114771,555.85|441.35
114772,230.75|302.85
114773,425.25|341.05
114774,284.05|546.6
114775,387.3|418.5
114776,269.95|422.7
114777,537.95|566.4
114778,356.85|331.1
114779,386.5|240.0
114780,551.55|593.8
114781,209.25|585.05
114782,350.7|255.8
114783,335.25|349.2
114784,221.65|324.7
114785,275.75|442.25
114786,241.55|508.4
114787,583.7|310.6
114788,417.55|429.85
114789,319.25|359.2
114790,275.05|410.65
114791,345.75|564.55
114792,344.2|376.25
114793,213.25|483.45
114794,275.4|358.25
114795,416.35|208.45
114796,385.5|471.4
114797,587.1|368.35
114798,434.4|517.15
114799,589.4|513.55
114800,386.95|275.6
114801,243.15|512.1
114802,285.65|355.95
114803,580.3|580.6
114804,287.3|338.45
114805,594.85|481.0
114806,237.3|418.3
114807,545.5|339.1
114808,571.65|295.9
114809,564.5|576.3
114810,431.85|234.75
114811,233.7|418.6
114812,212.75|254.0
114813,337.6|329.3
114814,448.6|481.65
114815,348.75|551.65
114816,310.95|349.75
114817,464.0|392.65
114818,442.85|461.25
114819,390.95|405.8
114820,346.2|354.3
114821,454.45|330.2
114822,405.85|418.45
114823,427.15|575.5
114824,266.55|282.75
114825,459.1|223.15
114826,218.75|288.4
114827,546.4|469.75
114828,320.6|411.6
114829,576.3|523.6
114830,374.2|345.65
114831,370.55|588.4
114832,290.2|420.25
114833,531.05|500.45
114834,573.15|463.55
114835,578.15|214.75
114836,344.45|338.6
114837,444.2|388.9
114838,396.9|214.65
114839,568.7|436.55
114840,400.4|350.4
114841,558.55|421.0
114842,375.85|426.8
114843,458.6|282.35
114844,341.0|269.15
114845,228.2|547.8
114846,354.4|273.6
114847,225.65|487.15
114848,351.25|441.2
114849,439.5|391.95
114850,229.6|225.6
114851,499.65|309.05
114852,260.9|268.35
114853,351.95|270.9
114854,434.5|420.25
114855,592.5|567.8
114856,468.6|487.25
114857,474.65|330.1
114858,359.35|584.55
114859,310.1|316.45
114860,354.4|582.45
114861,441.7|223.95
114862,474.95|428.6
114863,214.25|215.5
114864,264.8|257.55
114865,454.45|238.3
114866,215.45|472.45
114867,381.1|369.5
114868,457.8|363.9
114869,293.05|415.75
114870,283.2|297.15
114871,290.25|567.95
114872,243.8|359.5
114873,401.25|373.45
114874,393.1|571.2
114875,590.9|267.0
114876,481.6|493.1
114877,346.45|240.1
114878,481.95|269.2
114879,407.1|356.95
114880,402.35|441.2
114881,407.85|220.75
114882,584.25|368.6
114883,298.05|364.15
114884,558.7|556.35
114885,302.55|373.7
114886,521.4|426.1
114887,552.65|331.6
114888,217.35|497.25
114889,432.9|343.8
114890,548.9|490.7
114891,467.2|553.4
114892,362.05|388.9
114893,539.15|580.9
114894,411.75|335.7
114895,424.9|415.55
114896,420.95|336.65
114897,438.0|455.95
114898,252.4|462.7
114899,427.05|554.25
114900,275.2|365.05
114901,375.75|255.75
114902,414.55|566.4
114903,464.95|215.75
114904,538.35|240.45
114905,364.55|594.1
114906,569.4|431.05
114907,424.9|495.25
114908,493.15|363.9
114909,442.8|478.4
114910,242.6|537.55
114911,483.65|500.3
114912,490.3|221.05
114913,212.85|240.2
114914,249.3|273.2
114915,340.95|227.2
114916,525.7|559.0
114917,491.0|445.25
114918,484.4|407.8
114919,291.35|410.5
114920,581.1|489.7
114921,287.5|434.45
114922,562.85|261.95
114923,446.85|414.8
114924,581.75|388.9
114925,466.5|514.3
114926,370.85|269.7
114927,495.85|254.8
114928,542.45|316.85
114929,555.65|463.15
114930,590.9|342.7
114931,520.4|418.25
114932,437.0|327.85
114933,456.15|513.65
114934,558.35|296.45
114935,220.25|239.15
114936,273.9|546.55
114937,349.15|312.7
114938,248.8|273.15
114939,221.1|227.5
114940,453.3|451.05
114941,575.1|439.35
114942,455.5|432.75
114943,428.7|427.25
114944,569.35|248.3
114945,444.8|385.35
114946,562.25|498.5
114947,458.6|444.3
114948,413.55|216.65
114949,244.6|399.55
114950,225.9|324.95
114951,250.4|439.2
114952,459.8|272.25
114953,530.75|429.8
114954,269.3|498.85
114955,269.25|567.8
114956,591.45|260.95
114957,437.25|319.75
114958,455.95|573.55
114959,307.5|388.1
114960,424.0|552.4
114961,434.65|462.1
114962,251.7|486.35
114963,377.7|261.75
114964,529.25|590.75
114965,266.6|248.6
114966,362.3|334.3
114967,432.1|463.4
114968,469.3|539.6
114969,456.5|590.25
114970,216.4|587.1
114971,537.1|462.1
114972,336.7|509.8
114973,272.75|248.85
114974,586.35|560.25
114975,221.95|485.4
114976,533.4|434.0
114977,365.55|338.7
114978,447.8|463.4
114979,260.1|283.55
114980,470.5|532.3
114981,304.25|406.9
114982,479.55|355.6
114983,527.55|510.8
114984,451.55|445.8
114985,436.05|385.75
114986,467.3|313.4
114987,537.7|487.7
114988,218.85|530.1
114989,436.75|552.7
114990,479.95|552.15
114991,340.5|219.0
114992,212.65|457.0
114993,465.95|280.2
114994,252.25|520.3
114995,473.0|278.45
114996,317.5|358.2
114997,217.6|220.4
114998,582.65|544.8
114999,523.7|448.45
115000,514.1|485.4
115001,279.35|413.25
115002,296.95|351.85
115003,298.65|552.25
115004,376.95|208.45
115005,240.95|492.25
115006,579.65|298.05
115007,275.45|360.9
115008,452.95|557.4
115009,219.3|249.8
115010,358.45|319.95
115011,316.95|413.2
115012,532.0|419.05
115013,377.95|208.2
115014,456.7|457.5
115015,556.65|262.1
115016,580.1|507.5
115017,394.65|266.55
115018,334.65|541.6
115019,377.15|475.35
115020,216.0|289.55
115021,263.15|411.8
115022,271.2|264.0
115023,484.05|488.15
115024,281.1|470.1
115025,230.5|420.1
115026,276.7|371.5
115027,557.1|494.45
115028,419.65|335.3
115029,558.45|552.85
115030,344.15|384.2
115031,335.55|378.1
115032,462.6|275.6
115033,274.25|345.9
115034,346.15|558.05
115035,422.05|233.8
115036,225.85|525.0
115037,459.4|583.45
115038,351.15|442.45
115039,418.6|355.15
115040,455.05|500.2
115041,423.15|581.6
115042,596.6|362.95
115043,352.15|397.5
115044,460.4|323.3
115045,266.7|414.95
115046,584.25|232.0
115047,432.6|531.25
115048,355.6|376.85
115049,462.35|476.7
115050,476.1|553.5
115051,444.8|501.2
115052,581.85|235.15
115053,581.25|295.15
115054,351.0|235.0
115055,415.1|364.95
115056,398.8|204.25
115057,274.45|348.3
115058,217.2|501.35
115059,554.15|315.3
115060,447.75|331.5
115061,218.75|571.45
115062,212.6|250.45
115063,322.85|497.8
115064,357.45|228.2
115065,395.55|580.4
115066,237.95|291.25
115067,266.55|550.4
115068,474.4|247.35
115069,578.05|437.85
115070,273.95|296.9
115071,348.5|270.55
115072,333.85|580.45
115073,267.55|220.4
115074,573.05|380.05
115075,272.7|361.4
115076,372.65|516.0
115077,373.35|257.45
115078,461.9|389.05
115079,209.6|326.7
115080,245.3|221.9
115081,389.5|402.25
115082,504.95|461.7
115083,263.7|391.75
115084,539.45|349.7
115085,474.65|348.7
115086,471.15|222.85
115087,458.5|261.05
115088,347.8|273.85
115089,414.7|587.9
115090,525.8|296.75
115091,540.2|267.6
115092,414.4|528.75
115093,482.3|489.9
115094,392.0|209.55
115095,347.35|388.5
115096,266.75|556.1
115097,285.25|529.7
115098,508.6|478.15
115099,251.55|242.7
115100,208.4|269.1
115101,424.35|445.4
115102,354.95|517.55
115103,475.25|279.05
115104,265.15|219.5
115105,585.5|455.3
115106,364.05|329.2
115107,583.2|444.2
115108,257.55|372.6
115109,404.6|400.8
115110,270.25|235.25
115111,229.7|569.7
115112,474.75|342.65
115113,369.35|284.45
115114,431.85|549.5
115115,579.2|469.5
115116,490.7|492.3
115117,340.85|370.45
115118,230.3|588.9
115119,274.4|269.8
115120,370.6|481.9
115121,217.3|469.4
115122,565.25|394.25
115123,445.2|510.4
115124,341.65|442.7
115125,221.65|215.65
115126,543.05|443.8
115127,354.4|443.75
115128,350.3|431.5
115129,418.95|469.8
115130,518.55|434.8
115131,377.95|251.35
115132,367.0|573.15
115133,398.45|557.5
115134,304.8|500.1
115135,571.85|456.45
115136,530.25|342.55
115137,353.65|396.2
115138,251.7|561.9
115139,568.35|420.4
115140,582.65|529.7
115141,392.55|211.05
115142,491.95|498.55
115143,263.2|573.95
115144,390.65|384.8
115145,472.25|322.7
115146,466.8|227.05
115147,450.05|295.85
115148,228.95|500.35
115149,431.8|363.4
115150,407.55|591.85
115151,396.0|578.5
115152,573.45|444.4
115153,571.45|270.25
115154,413.45|337.85
115155,348.7|441.95
115156,475.65|309.1
115157,341.9|493.6
115158,254.55|242.5
115159,268.5|344.3
115160,534.1|407.65
115161,472.6|230.0
115162,503.7|542.85
115163,376.7|586.9
115164,375.95|263.55
115165,221.65|286.65
115166,575.1|497.05
115167,396.95|510.35
115168,439.95|574.45
115169,521.75|484.0
115170,237.45|222.7
115171,394.75|467.15
115172,376.9|221.95
115173,214.8|512.25
115174,271.65|313.9
115175,562.85|290.1
115176,327.35|434.0
115177,412.8|252.05
115178,550.35|516.2
115179,422.45|427.45
115180,586.35|290.7
115181,557.5|234.05
115182,559.7|534.55
115183,584.5|220.2
115184,337.8|557.8
115185,422.3|319.6
115186,356.3|497.9
115187,285.15|427.85
115188,246.1|588.8
115189,430.0|540.25
115190,347.55|420.2
115191,409.2|431.4
115192,458.25|454.8
115193,532.7|495.05
115194,226.15|529.95
115195,212.3|377.25
115196,388.0|287.1
115197,305.6|392.85
115198,270.75|252.95
115199,458.15|223.7
115200,454.05|588.3
115201,587.05|217.9
115202,444.9|373.65
115203,263.05|354.6
115204,516.9|352.8
115205,429.85|226.6
115206,259.65|295.95
115207,224.9|287.0
115208,254.2|214.4
115209,594.8|274.75
115210,465.9|279.2
115211,264.1|261.6
115212,431.1|479.5
115213,354.85|564.0
115214,573.05|390.95
115215,547.35|545.95
115216,591.15|482.55
115217,456.05|567.55
115218,508.8|486.95
115219,278.45|590.2
115220,343.7|427.1
115221,205.25|581.2
115222,499.8|441.85
115223,411.85|226.25
115224,389.25|267.3
115225,430.5|376.95
115226,210.7|531.0
115227,440.15|279.55
115228,380.15|288.35
115229,264.7|249.65
115230,344.8|572.55
115231,396.25|445.65
115232,564.0|338.5
115233,555.55|574.2
115234,576.75|441.2
115235,298.1|430.8
115236,569.95|243.95
115237,539.9|442.2
115238,568.35|257.55
115239,238.85|505.7
115240,352.4|329.15
115241,274.7|223.2
115242,401.95|280.95
115243,427.3|489.6
115244,266.7|403.05
115245,457.7|571.35
115246,284.5|451.05
115247,239.3|439.55
115248,473.95|451.2
115249,549.6|274.6
115250,219.65|304.4
115251,444.05|389.2
115252,488.65|448.55
115253,485.95|508.65
115254,343.8|258.15
115255,581.95|541.35
115256,259.2|551.5
115257,475.7|355.2
115258,590.45|468.3
115259,268.15|410.45
115260,533.15|556.6
115261,368.3|469.55
115262,398.45|366.9
115263,240.35|444.05
115264,486.5|524.7
115265,246.15|494.35
115266,455.15|523.2
115267,584.05|390.65
115268,408.5|370.15
115269,425.35|582.4
115270,256.0|358.25
115271,467.1|342.65
115272,522.95|452.25
115273,256.65|247.7
115274,217.15|473.35
115275,486.75|307.65
115276,515.75|531.95
115277,388.7|325.0
115278,383.65|270.25
115279,578.2|281.5
115280,409.9|498.35
115281,385.45|499.3
115282,523.8|494.7
115283,511.95|496.15
115284,273.5|411.95
115285,533.2|553.85
115286,402.3|281.7
115287,265.1|220.05
115288,572.65|487.9
115289,451.75|594.45
115290,421.95|503.25
115291,286.05|291.9
115292,225.15|236.3
115293,450.95|588.05
115294,486.8|273.7
115295,545.95|273.4
115296,267.4|350.45
115297,264.9|276.65
115298,399.55|344.5
115299,459.25|515.95
115300,574.05|482.55
115301,440.9|479.6
115302,239.1|401.3
115303,392.75|407.6
115304,415.15|412.4
115305,547.15|304.15
115306,408.35|550.55
115307,418.2|566.7
115308,203.55|466.0
115309,441.95|475.1
115310,276.9|474.45
115311,430.45|374.95
115312,226.1|427.1
115313,433.25|311.0
115314,563.2|221.9
115315,451.15|455.15
115316,356.7|402.65
115317,444.25|587.4
115318,550.1|522.45
115319,398.75|207.8
115320,382.0|501.75
115321,457.15|587.25
115322,415.25|254.0
115323,474.05|352.9
115324,477.45|453.55
115325,329.15|411.7
115326,373.6|345.95
115327,468.1|350.35
115328,247.25|433.4
115329,459.3|212.2
115330,398.75|354.8
115331,403.65|557.35
115332,566.3|235.9
115333,444.35|374.7
115334,465.45|214.6
115335,450.4|382.25
115336,360.85|588.85
115337,363.4|358.35
115338,484.4|483.25
115339,399.9|206.9
115340,468.0|314.15
115341,342.5|226.15
115342,282.55|226.1
115343,467.15|268.9
115344,452.55|287.75
115345,468.85|277.2
115346,446.2|317.05
115347,347.55|567.25
115348,448.0|323.15
115349,324.3|367.0
115350,583.35|443.15
115351,352.0|316.85
115352,462.7|470.5
115353,212.0|527.8
115354,558.9|583.15
115355,385.65|356.3
115356,339.1|246.45
115357,249.35|579.8
115358,240.05|583.45
115359,578.8|450.7
115360,220.6|514.95
115361,541.0|319.65
115362,270.05|589.8
115363,551.6|470.45
115364,282.7|373.1
115365,403.75|361.45
115366,208.25|581.0
115367,370.5|459.5
115368,369.2|521.05
115369,562.65|386.9
115370,355.25|274.5
115371,292.7|325.1
115372,208.75|525.15
115373,404.3|473.25
115374,501.3|447.1
115375,422.9|576.25
115376,348.9|456.25
115377,281.8|347.5
115378,287.25|290.55
115379,583.45|376.0
115380,316.1|322.1
115381,427.1|388.3
115382,435.9|388.35
115383,342.3|329.05
115384,251.5|218.1
115385,443.95|455.15
115386,319.2|343.25
115387,445.25|277.6
115388,512.7|498.4
115389,365.8|267.75
115390,461.8|349.45
115391,566.75|459.95
115392,586.2|591.15
115393,589.75|371.4
115394,290.25|590.8
115395,464.75|305.4
115396,232.75|215.5
115397,225.3|535.6
115398,204.4|481.8
115399,591.65|559.85
115400,583.1|210.6
115401,444.75|404.95
115402,444.45|318.45
115403,567.45|283.15
115404,584.55|552.0
115405,374.5|220.85
115406,451.75|382.0
115407,591.5|369.75
115408,296.95|338.55
115409,448.6|381.9
115410,563.35|405.6
115411,224.8|264.3
115412,583.55|321.1
115413,375.15|525.85
115414,402.6|543.45
115415,474.5|498.45
115416,460.15|446.7
115417,267.15|419.45
115418,211.55|533.85
115419,538.85|331.3
115420,536.55|559.3
115421,451.65|385.7
115422,468.75|326.25
115423,460.9|382.4
115424,587.55|335.45
115425,419.4|449.25
115426,214.15|217.8
115427,560.9|313.5
115428,521.1|502.4
115429,534.1|489.1
115430,498.55|325.8
115431,554.15|249.05
115432,451.15|439.15
115433,562.95|523.45
115434,394.1|203.35
115435,456.65|556.55
115436,367.35|464.35
115437,361.65|486.85
115438,221.95|419.55
115439,380.35|506.25
115440,469.45|448.8
115441,351.9|533.55
115442,210.95|591.4
115443,289.0|429.05
115444,259.1|217.45
115445,543.2|490.95
115446,267.6|281.1
115447,214.95|582.3
115448,551.05|301.05
115449,232.75|299.75
115450,380.1|361.25
115451,212.9|577.4
115452,410.1|441.3
115453,589.85|386.2
115454,223.6|426.2
115455,463.2|389.15
115456,277.2|394.1
115457,382.15|277.1
115458,566.1|534.7
115459,389.45|467.05
115460,588.55|410.9
115461,403.5|321.15
115462,239.35|444.7
115463,471.6|477.65
115464,291.5|447.55
115465,461.55|229.85
115466,269.65|355.85
115467,426.65|290.0
115468,414.65|226.55
115469,326.4|577.4
115470,405.15|467.25
115471,427.65|257.65
115472,531.95|286.0
115473,337.7|247.5
115474,386.1|281.0
115475,355.25|544.75
115476,208.05|455.4
115477,319.15|432.65
115478,269.85|564.15
115479,344.3|407.85
115480,361.5|435.2
115481,265.8|364.75
115482,458.45|259.3
115483,247.2|338.25
115484,340.3|450.95
115485,498.25|240.7
115486,257.65|244.05
115487,469.05|523.05
115488,425.0|381.05
115489,477.35|359.75
115490,290.35|465.2
115491,386.1|505.2
115492,234.7|287.4
115493,310.3|308.4
115494,368.9|574.2
115495,547.4|512.35
115496,570.05|214.05
115497,453.45|555.65
115498,557.1|269.2
115499,352.65|217.55
115500,535.9|572.85
115501,417.1|548.8
115502,467.4|321.0
115503,275.9|255.25
115504,539.55|295.65
115505,256.35|555.3
115506,229.0|229.55
115507,465.4|373.6
115508,354.05|455.65
115509,582.0|525.9
115510,576.8|264.55
115511,407.6|289.85
115512,278.9|270.05
115513,402.6|212.3
115514,417.6|562.15
115515,446.8|300.9
115516,418.25|467.6
115517,270.55|262.0
115518,278.45|530.75
115519,536.15|549.55
115520,343.2|402.3
115521,316.6|319.15
115522,352.5|559.45
115523,389.4|476.65
115524,284.4|332.05
115525,274.45|249.95
115526,228.7|584.25
115527,532.1|570.6
115528,528.3|549.6
115529,418.0|419.95
115530,475.95|521.7
115531,222.5|519.5
115532,452.75|558.8
115533,330.3|436.2
115534,578.1|301.0
115535,237.9|593.4
115536,575.9|460.2
115537,223.95|585.4
115538,297.2|574.25
115539,552.85|424.4
115540,452.55|456.3
115541,513.35|521.5
115542,217.2|585.0
115543,291.6|307.9
115544,412.15|573.45
115545,401.7|575.95
115546,245.7|464.95
115547,348.7|559.45
115548,325.7|363.65
115549,568.6|406.15
115550,399.8|579.0
115551,455.9|302.45
115552,429.45|219.65
115553,319.05|417.0
115554,591.8|409.0
115555,387.1|499.45
115556,242.85|338.0
115557,587.45|226.5
115558,408.55|254.55
115559,260.95|334.7
115560,208.1|585.85
115561,520.75|454.8
115562,574.15|248.1
115563,268.35|571.45
115564,412.05|384.6
115565,251.15|393.05
115566,246.0|540.9
115567,573.75|592.55
115568,582.25|205.6
115569,355.7|532.7
115570,544.95|424.15
115571,466.2|453.2
115572,427.0|315.35
115573,431.95|413.6
115574,527.55|343.05
115575,223.25|317.45
115576,569.7|226.2
115577,375.45|238.5
115578,294.6|366.35
115579,412.05|576.8
115580,349.0|294.75
115581,224.6|300.75
115582,567.1|301.55
115583,285.5|376.35
115584,534.25|533.25
115585,287.55|373.05
115586,351.55|374.0
115587,234.5|252.5
115588,590.9|265.1
115589,289.2|444.9
115590,230.4|421.6
115591,572.65|538.85
115592,455.65|287.8
115593,354.4|451.45
115594,299.0|587.75
115595,407.8|550.9
115596,213.0|248.65
115597,337.15|330.15
115598,385.2|297.45
115599,360.4|361.55
115600,433.75|591.75
115601,220.85|448.55
115602,438.8|451.95
115603,442.4|441.6
115604,214.8|545.45
115605,452.0|463.5
115606,469.9|347.15
115607,585.3|325.25
115608,469.25|217.35
115609,211.95|280.95
115610,435.0|569.95
115611,452.85|563.05
115612,457.0|319.1
115613,245.25|572.75
115614,215.15|587.85
115615,450.3|472.7
115616,359.75|578.55
115617,552.4|519.3
115618,479.05|331.3
115619,360.85|240.55
115620,471.35|377.05
115621,213.65|226.2
115622,413.15|445.1
115623,235.7|469.8
115624,340.0|426.3
115625,410.6|359.9
115626,317.0|404.6
115627,221.75|301.75
115628,293.55|332.6
115629,540.7|304.35
115630,323.35|366.3
115631,288.8|415.1
115632,398.15|467.2
115633,441.4|520.9
115634,361.8|331.05
115635,533.65|497.5
115636,528.9|566.55
115637,378.2|446.8
115638,220.8|393.95
115639,545.85|233.85
115640,292.35|362.55
115641,304.6|516.3
115642,341.65|400.7
115643,579.45|499.2
115644,406.15|594.9
115645,290.25|347.75
115646,529.2|355.3
115647,467.4|440.75
115648,588.05|351.45
115649,231.65|578.9
115650,349.85|243.8
115651,211.9|268.05
115652,307.45|574.4
115653,492.25|360.35
115654,467.75|425.9
115655,323.25|368.0
115656,353.4|514.35
115657,549.65|592.3
115658,254.8|395.45
115659,458.95|587.35
115660,389.4|420.6
115661,465.05|314.15
115662,449.25|435.55
115663,462.9|558.45
115664,215.65|486.8
115665,298.15|565.0
115666,354.8|550.3
115667,593.0|376.2
115668,585.75|304.95
115669,227.85|239.55
115670,412.6|557.5
115671,438.45|225.9
115672,408.55|275.2
115673,580.65|415.15
115674,390.7|233.35
115675,238.35|279.4
115676,404.9|209.5
115677,336.6|419.45
115678,316.45|236.75
115679,562.3|437.7
115680,531.2|557.6
115681,578.85|535.6
115682,403.2|234.1
115683,277.6|506.8
115684,565.35|464.0
115685,544.9|506.9
115686,243.5|504.9
115687,517.55|479.0
115688,388.55|582.5
115689,386.3|276.25
115690,271.25|350.15
115691,536.15|463.95
115692,419.05|404.95
115693,584.9|444.75
115694,388.85|384.25
115695,520.8|451.0
115696,238.65|506.35
115697,459.75|430.4
115698,418.95|242.35
115699,287.9|287.15
115700,234.9|461.3
115701,207.7|472.1
115702,278.25|400.85
115703,285.1|478.0
115704,493.4|455.3
115705,520.25|451.5
115706,350.05|241.4
115707,468.65|384.6
115708,437.0|505.3
115709,334.35|420.25
115710,456.1|590.15
115711,277.0|261.5
115712,298.15|543.15
115713,466.1|449.25
115714,288.15|333.65
115715,477.4|281.5
115716,294.7|395.95
115717,589.8|400.95
115718,551.3|584.15
115719,263.5|479.5
115720,259.35|512.45
115721,293.2|333.15
115722,423.6|592.05
115723,228.15|565.85
115724,554.65|285.0
115725,443.8|312.95
115726,211.1|298.75
115727,588.05|553.15
115728,234.45|217.85
115729,459.55|304.75
115730,247.85|307.0
115731,592.3|294.2
115732,211.35|589.2
115733,552.15|231.5
115734,557.3|408.8
115735,211.0|492.7
115736,252.35|207.95
115737,562.0|511.15
115738,563.65|445.25
115739,399.7|475.3
115740,447.35|310.8
115741,424.0|590.15
115742,420.65|229.9
115743,219.05|268.05
115744,407.6|241.0
115745,242.55|504.85
115746,274.1|588.0
115747,576.85|457.3
115748,337.6|563.0
115749,498.65|343.8
115750,463.05|275.15
115751,356.75|271.15
115752,543.0|241.4
115753,268.75|254.7
115754,228.3|306.4
115755,282.75|422.0
115756,220.55|232.3
115757,263.5|217.75
115758,228.8|402.65
115759,290.95|307.95
115760,359.0|214.75
115761,277.4|438.85
115762,560.8|556.1
115763,227.85|317.8
115764,457.3|502.55
115765,401.05|230.1
115766,558.0|227.45
115767,481.0|311.8
115768,495.25|524.05
115769,264.6|332.25
115770,347.2|436.3
115771,466.35|420.75
115772,361.4|224.9
115773,356.5|257.65
115774,207.25|325.4
115775,286.1|356.85
115776,523.8|520.65
115777,352.05|585.6
115778,247.2|267.25
115779,486.55|338.75
115780,384.4|281.9
115781,472.3|506.95
115782,395.9|297.5
115783,404.75|325.7
115784,546.15|523.05
115785,587.3|400.45
115786,228.25|321.9
115787,289.85|459.4
115788,266.55|275.85
115789,556.75|588.15
115790,350.0|351.7
115791,567.5|316.4
115792,534.15|285.85
115793,451.9|551.0
115794,470.15|435.65
115795,544.25|417.1
115796,399.2|306.75
115797,530.95|434.7
115798,296.9|511.6
115799,568.15|411.45
115800,579.25|306.4
115801,208.75|582.8
115802,262.85|567.75
115803,284.3|364.4
115804,290.35|543.4
115805,253.5|511.8
115806,537.6|272.95
115807,564.75|305.95
115808,529.55|401.95
115809,458.4|259.8
115810,523.25|440.8
115811,373.8|439.65
115812,453.55|391.55
115813,347.2|366.95
115814,246.55|340.1
115815,349.4|576.8
115816,528.55|380.2
115817,452.0|330.25
115818,268.9|325.45
115819,542.35|257.05
115820,460.15|236.25
115821,469.45|568.35
115822,272.6|255.25
115823,232.95|408.45
115824,339.55|245.05
115825,585.25|257.85
115826,531.1|521.1
115827,393.65|329.45
115828,449.8|566.7
115829,351.1|434.95
115830,462.9|292.9
115831,250.1|479.0
115832,408.25|380.4
115833,516.45|552.55
115834,354.35|448.3
115835,391.45|384.35
115836,447.45|310.8
115837,443.35|586.65
115838,438.3|391.2
115839,388.1|315.2
115840,565.6|576.85
115841,550.05|245.7
115842,569.7|539.95
115843,556.9|298.0
115844,320.85|343.35
115845,214.75|337.75
115846,551.45|287.8
115847,457.95|514.6
115848,524.05|238.0
115849,484.75|437.8
115850,473.85|213.35
115851,463.5|435.4
115852,349.7|265.75
115853,235.35|562.3
115854,562.65|224.25
115855,584.85|333.4
115856,278.5|213.55
115857,572.0|353.4
115858,537.95|401.2
115859,466.3|252.9
115860,241.9|447.35
115861,337.65|551.25
115862,339.45|362.7
115863,521.9|346.15
115864,452.35|408.35
115865,472.45|224.65
115866,517.1|507.5
115867,443.7|337.35
115868,336.85|343.95
115869,402.55|590.9
115870,410.85|436.35
115871,369.7|501.05
115872,551.05|253.7
115873,396.2|413.55
115874,401.85|380.05
115875,419.2|276.2
115876,364.75|287.05
115877,441.8|215.4
115878,263.5|256.3
115879,236.0|324.8
115880,285.35|536.2
115881,353.9|275.9
115882,455.15|395.6
115883,432.9|410.05
115884,217.6|239.3
115885,215.95|292.3
115886,543.85|587.55
115887,350.95|358.5
115888,288.8|346.8
115889,377.15|489.05
115890,286.75|590.65
115891,282.7|310.15
115892,589.9|366.0
115893,576.9|424.5
115894,589.5|352.1
115895,286.95|424.25
115896,269.3|409.85
115897,299.85|349.5
115898,583.5|423.35
115899,423.0|544.85
115900,239.15|540.35
115901,359.8|336.05
115902,424.8|444.0
115903,381.1|356.75
115904,400.3|320.2
115905,369.8|214.5
115906,375.45|230.9
115907,385.05|493.4
115908,239.55|318.0
115909,241.1|299.95
115910,558.6|302.5
115911,292.65|521.9
115912,367.5|336.0
115913,294.85|432.9
115914,395.55|331.35
115915,576.8|521.1
115916,504.05|525.2
115917,334.95|336.4
115918,228.4|256.1
115919,564.4|246.2
115920,487.15|368.8
115921,459.55|387.55
115922,240.65|583.0
115923,363.35|207.75
115924,546.9|400.95
115925,296.5|547.1
115926,233.05|297.35
115927,591.2|491.6
115928,548.3|246.45
115929,349.25|411.1
115930,467.25|426.75
115931,437.55|300.45
115932,461.35|572.7
115933,257.75|555.05
115934,473.35|473.95
115935,405.95|292.9
115936,204.2|501.1
115937,448.8|413.25
115938,205.35|521.55
115939,404.1|350.0
115940,506.4|357.8
115941,580.2|447.05
115942,264.65|564.7
115943,561.55|458.6
115944,266.15|284.75
115945,292.55|378.6
115946,409.9|533.15
115947,346.45|555.15
115948,317.9|328.2
115949,478.1|325.15
115950,220.0|556.45
115951,393.4|471.25
115952,365.25|239.9
115953,364.5|337.05
115954,298.65|354.85
115955,574.95|231.5
115956,567.25|581.1
115957,323.55|360.9
115958,537.8|587.65
115959,467.3|345.1
115960,427.7|505.85
115961,440.4|487.1
115962,548.45|256.15
115963,283.0|478.8
115964,566.4|322.25
115965,530.75|559.0
115966,577.0|282.35
115967,277.4|380.95
115968,288.9|321.95
115969,508.1|287.6
115970,510.3|374.9
115971,214.6|250.75
115972,367.35|391.55
115973,301.3|517.65
115974,249.05|386.35
115975,292.6|378.05
115976,478.9|353.75
115977,346.7|539.9
115978,414.15|507.4
115979,478.9|529.8
115980,447.3|576.65
115981,557.1|290.35
115982,268.15|243.9
115983,222.6|540.95
115984,264.55|552.9
115985,568.7|307.8
115986,537.7|275.05
115987,278.5|542.5
115988,340.35|409.4
115989,263.65|222.35
115990,490.15|373.5
115991,464.45|431.45
115992,223.25|476.65
115993,218.4|593.0
115994,418.4|208.5
115995,275.1|235.75
115996,549.55|521.45
115997,457.65|454.75
115998,529.85|546.5
115999,277.7|586.25
116000,210.35|290.55
116001,444.2|245.7
116002,418.6|498.8
116003,441.35|228.6
116004,357.4|336.4
116005,340.95|239.85
116006,411.15|284.85
116007,405.5|243.55
116008,443.4|498.95
116009,289.6|342.6
116010,435.85|419.3
116011,489.2|470.2
116012,215.7|287.85
116013,392.3|504.15
116014,212.85|519.15
116015,267.95|240.55
116016,477.8|582.9
116017,246.4|364.85
116018,373.75|302.45
116019,204.15|495.8
116020,244.0|582.85
116021,452.3|442.95
116022,398.95|538.4
116023,420.95|228.35
116024,308.45|356.35
116025,389.45|465.35
116026,257.0|457.85
116027,212.45|581.8
116028,560.5|356.15
116029,575.9|521.25
116030,212.55|585.4
116031,587.0|370.05
116032,356.75|510.2
116033,387.95|576.6
116034,535.95|537.15
116035,472.9|237.6
116036,279.2|587.15
116037,444.35|582.05
116038,583.75|364.95
116039,439.1|298.0
116040,403.2|307.45
116041,247.9|278.65
116042,480.85|357.8
116043,510.8|396.55
116044,215.05|463.0
116045,400.95|540.8
116046,269.4|239.0
116047,579.2|425.25
116048,254.2|347.3
116049,326.7|396.75
116050,523.1|452.2
116051,405.9|556.2
116052,261.05|337.6
116053,245.0|589.85
116054,587.05|362.65
116055,261.5|291.2
116056,249.95|467.7
116057,222.7|420.3
116058,212.6|338.1
116059,389.8|525.45
116060,475.5|531.45
116061,387.0|449.4
116062,399.45|326.45
116063,226.9|219.3
116064,291.7|568.6
116065,227.6|492.6
116066,403.85|445.6
116067,241.4|220.0
116068,413.2|571.75
116069,323.3|409.95
116070,468.15|228.45
116071,578.55|213.0
116072,322.3|433.55
116073,319.2|376.25
116074,354.45|415.4
116075,590.1|423.2
116076,396.6|459.45
116077,257.9|240.05
116078,359.2|330.25
116079,568.45|300.3
116080,397.75|296.05
116081,421.45|233.65
116082,369.7|373.25
116083,275.4|247.85
116084,338.95|557.65
116085,233.95|233.6
116086,288.5|340.6
116087,497.25|484.1
116088,415.2|552.4
116089,591.2|212.7
116090,289.55|485.6
116091,576.35|512.75
116092,273.4|242.7
116093,586.85|533.25
116094,449.75|389.3
116095,548.8|310.25
116096,533.55|580.1
116097,223.25|445.7
116098,360.45|334.75
116099,352.65|311.7
116100,539.65|305.5
116101,492.65|247.35
116102,265.9|370.45
116103,427.1|249.4
116104,547.55|335.2
116105,338.5|516.45
116106,258.45|568.75
116107,245.05|554.1
116108,591.3|296.95
116109,583.55|328.4
116110,308.4|400.35
116111,455.2|591.2
116112,380.5|323.65
116113,287.75|380.55
116114,453.25|517.05
116115,420.15|240.55
116116,577.7|218.2
116117,565.95|295.75
116118,458.2|565.3
116119,572.8|411.2
116120,233.6|506.65
116121,328.4|409.9
116122,356.9|211.65
116123,542.6|579.2
116124,484.0|466.55
116125,594.2|404.15
116126,491.3|502.35
116127,257.25|345.15
116128,560.5|530.45
116129,448.35|421.3
116130,341.65|539.2
116131,334.35|520.0
116132,351.9|403.95
116133,402.3|527.15
116134,521.9|425.6
116135,548.5|588.2
116136,290.5|585.3
116137,574.6|333.6
116138,221.15|581.85
116139,438.25|524.8
116140,349.15|350.5
116141,431.75|473.45
116142,422.55|506.8
116143,382.55|401.7
116144,390.7|355.8
116145,388.5|485.7
116146,258.45|333.9
116147,449.0|312.55
116148,417.65|567.05
116149,326.25|566.25
116150,577.5|479.55
116151,265.55|251.2
116152,374.5|489.5
116153,244.55|475.65
116154,547.0|314.8
116155,434.15|329.9
116156,442.45|586.45
116157,407.6|241.8
116158,246.15|484.3
116159,297.65|383.6
116160,402.5|508.3
116161,359.9|428.6
116162,511.65|502.5
116163,223.45|488.35
116164,554.6|587.2
116165,425.8|311.7
116166,477.9|503.35
116167,282.45|449.3
116168,230.65|300.45
116169,553.15|266.8
116170,383.6|503.15
116171,254.4|388.4
116172,211.0|486.3
116173,554.75|292.35
116174,238.1|577.85
116175,221.2|470.0
116176,444.35|559.65
116177,414.65|213.2
116178,584.7|355.6
116179,211.6|522.25
116180,346.3|370.3
116181,472.3|212.05
116182,228.5|339.4
116183,288.2|314.15
116184,447.75|399.85
116185,494.55|482.4
116186,375.25|286.6
116187,224.6|238.1
116188,404.45|267.2
116189,376.4|277.7
116190,360.0|497.15
116191,207.55|509.25
116192,390.5|483.15
116193,281.45|412.95
116194,275.55|477.0
116195,570.1|501.35
116196,590.45|361.8
116197,224.05|524.25
116198,374.45|569.5
116199,577.05|383.9
116200,342.55|328.4
116201,297.15|548.85
116202,212.35|235.3
116203,222.5|331.05
116204,495.95|355.8
116205,358.1|305.2
116206,313.65|409.55
116207,581.45|495.35
116208,348.9|466.35
116209,360.95|477.95
116210,235.95|473.1
116211,563.85|429.3
116212,389.1|586.5
116213,411.95|308.9
116214,256.65|249.75
116215,321.2|368.75
116216,347.4|254.4
116217,581.35|381.75
116218,423.4|345.7
116219,377.4|305.75
116220,353.8|223.15
116221,535.65|513.35
116222,446.8|310.85
116223,470.75|398.95
116224,531.15|544.35
116225,466.05|251.65
116226,210.95|446.55
116227,355.7|291.65
116228,548.6|488.35
116229,269.9|435.8
116230,263.45|249.6
116231,356.8|558.75
116232,284.55|423.3
116233,345.15|371.95
116234,405.15|531.05
116235,456.15|269.85
116236,347.9|557.35
116237,455.6|437.5
116238,472.7|290.1
116239,477.8|356.0
116240,247.8|568.25
116241,208.4|484.45
116242,369.5|547.25
116243,297.15|418.15
116244,216.6|465.5
116245,575.2|436.2
116246,210.85|536.6
116247,480.1|283.35
116248,278.15|246.25
116249,586.05|512.4
116250,548.65|513.95
116251,476.5|260.4
116252,467.35|327.1
116253,361.05|208.8
116254,230.85|587.35
116255,539.0|579.45
116256,376.75|214.2
116257,384.8|358.35
116258,241.5|580.1
116259,396.4|267.25
116260,400.0|462.35
116261,569.45|207.95
116262,446.0|318.65
116263,235.9|213.0
116264,410.45|553.85
116265,548.95|559.1
116266,280.2|436.55
116267,518.55|504.7
116268,321.25|398.35
116269,373.6|571.25
116270,219.25|232.95
116271,405.5|208.65
116272,545.65|368.35
116273,375.15|288.2
116274,540.9|307.9
116275,472.6|335.5
116276,567.65|266.6
116277,377.9|437.5
116278,281.9|420.95
116279,586.7|575.0
116280,552.2|300.7
116281,369.55|276.6
116282,286.2|561.3
116283,583.25|341.6
116284,328.8|317.65
116285,226.75|296.45
116286,434.3|426.35
116287,363.35|222.05
116288,341.45|332.75
116289,394.85|540.8
116290,340.45|582.5
116291,238.15|380.05
116292,529.75|441.6
116293,425.35|556.15
116294,246.65|562.55
116295,226.3|353.85
116296,550.75|252.1
116297,364.8|343.7
116298,529.8|548.75
116299,579.7|476.7
116300,419.35|208.85
116301,471.9|304.4
116302,580.35|369.85
116303,405.35|589.0
116304,440.0|392.1
116305,213.4|419.6
116306,315.15|544.8
116307,574.55|297.3
116308,440.9|358.95
116309,539.7|439.5
116310,242.2|337.55
116311,426.0|369.8
116312,435.15|382.15
116313,283.45|388.95
116314,263.2|359.2
116315,545.7|343.2
116316,414.8|229.1
116317,567.0|308.0
116318,552.65|284.15
116319,476.65|372.85
116320,327.9|429.75
116321,264.85|334.5
116322,569.8|437.45
116323,353.75|454.8
116324,280.7|454.8
116325,381.1|486.45
116326,481.15|512.45
116327,565.05|572.15
116328,473.55|217.5
116329,418.25|469.65
116330,446.75|473.15
116331,224.8|349.75
116332,446.4|429.6
116333,388.1|348.95
116334,379.0|571.1
116335,262.1|554.9
116336,412.15|337.05
116337,367.95|321.5
116338,569.85|458.75
116339,250.6|219.75
116340,565.65|255.95
116341,487.95|225.85
116342,356.15|542.55
116343,334.1|591.95
116344,437.85|227.55
116345,513.8|338.3
116346,485.35|497.25
116347,286.95|355.7
116348,341.65|565.3
116349,387.75|236.8
116350,421.05|233.25
116351,389.9|587.15
116352,384.5|595.2
116353,311.95|524.05
116354,330.95|517.4
116355,385.7|494.4
116356,396.9|489.95
116357,487.95|267.4
116358,206.05|325.65
116359,444.05|314.6
116360,560.6|439.7
116361,510.8|524.55
116362,424.8|530.95
116363,524.1|543.45
116364,228.45|560.65
116365,391.4|552.65
116366,301.75|428.7
116367,435.2|399.7
116368,249.55|362.3
116369,451.35|472.2
116370,233.95|407.8
116371,228.45|303.9
116372,382.2|489.75
116373,521.25|461.95
116374,223.0|342.0
116375,549.6|589.3
116376,460.65|279.3
116377,462.45|294.45
116378,396.15|384.5
116379,475.25|406.1
116380,462.7|437.15
116381,538.25|480.5
116382,272.4|242.55
116383,447.6|360.75
116384,258.45|278.85
116385,466.05|467.9
116386,298.0|583.7
116387,268.85|587.5
116388,554.35|584.95
116389,411.5|567.8
116390,347.4|269.5
116391,427.15|472.35
116392,204.7|454.5
116393,252.3|358.9
116394,247.5|286.55
116395,401.3|305.65
116396,343.95|319.05
116397,258.4|298.85
116398,384.75|349.85
116399,312.5|238.6
116400,234.9|234.0
116401,429.0|268.5
116402,441.1|459.75
116403,357.0|586.45
116404,210.8|532.7
116405,468.6|234.85
116406,581.65|441.45
116407,491.0|472.7
116408,371.0|488.05
116409,391.25|459.0
116410,261.85|482.25
116411,312.9|360.9
116412,437.4|244.7
116413,464.6|372.65
116414,269.3|324.65
116415,320.55|400.35
116416,214.0|407.9
116417,371.0|488.6
116418,231.75|564.5
116419,251.25|561.7
116420,219.1|233.2
116421,346.05|251.2
116422,587.35|423.25
116423,447.6|261.55
116424,245.9|416.5
116425,411.1|448.9
116426,370.95|453.8
116427,393.1|491.75
116428,219.75|299.85
116429,390.1|495.5
116430,352.6|511.7
116431,564.65|289.4
116432,522.55|527.35
116433,272.6|306.25
116434,454.55|428.5
116435,534.35|290.05
116436,382.85|476.85
116437,408.55|463.15
116438,476.55|217.05
116439,472.1|313.85
116440,425.6|367.9
116441,343.65|387.9
116442,338.65|324.8
116443,344.15|225.2
116444,404.75|333.75
116445,349.5|440.05
116446,235.0|448.5
116447,375.15|584.35
116448,583.65|426.5
116449,584.45|300.55
116450,582.45|504.5
116451,435.1|327.55
116452,357.65|481.75
116453,467.95|458.8
116454,230.25|504.55
116455,471.45|509.0
116456,351.5|243.15
116457,404.3|427.1
116458,431.95|368.15
116459,577.25|556.55
116460,218.9|378.4
116461,409.9|581.65
116462,341.75|564.75
116463,408.55|578.45
116464,475.05|301.05
116465,333.2|366.3
116466,550.0|288.35
116467,208.6|471.0
116468,274.75|443.95
116469,592.95|281.55
116470,457.0|588.15
116471,343.7|330.3
116472,557.65|246.65
116473,413.65|369.65
116474,426.7|488.4
116475,441.55|221.1
116476,518.95|551.0
116477,243.5|563.0
116478,238.75|564.8
116479,580.8|291.95
116480,516.2|483.05
116481,383.4|561.4
116482,207.4|584.5
116483,342.7|212.85
116484,448.7|381.65
116485,571.55|245.6
116486,395.5|208.15
116487,317.4|367.35
116488,457.7|502.1
116489,407.6|246.6
116490,211.15|459.15
116491,224.65|408.4
116492,380.05|215.85
116493,216.2|590.0
116494,348.15|261.15
116495,469.85|350.5
116496,217.05|547.05
116497,398.1|435.35
116498,400.0|333.45
116499,387.85|349.45
116500,316.9|386.25
116501,535.3|555.8
116502,340.3|411.75
116503,575.55|439.0
116504,511.9|515.8
116505,217.55|461.15
116506,396.45|234.2
116507,218.8|289.8
116508,536.5|232.0
116509,370.25|419.95
116510,542.15|398.75
116511,258.1|344.9
116512,531.0|561.45
116513,469.8|250.35
116514,271.8|234.0
116515,227.7|459.05
116516,287.05|466.15
116517,330.7|405.4
116518,264.85|244.45
116519,270.6|338.2
116520,591.85|364.65
116521,375.3|345.1
116522,494.55|359.0
116523,335.9|384.75
116524,455.85|299.35
116525,210.35|286.05
116526,408.15|247.3
116527,214.3|249.05
116528,213.2|410.8
116529,381.95|272.0
116530,399.9|513.9
116531,282.2|519.25
116532,530.7|458.0
116533,372.1|262.2
116534,440.1|450.25
116535,364.6|584.9
116536,339.85|220.7
116537,567.45|248.0
116538,536.15|536.9
116539,564.75|217.95
116540,547.85|445.0
116541,589.9|366.75
116542,546.9|582.9
116543,589.65|564.7
116544,591.45|586.45
116545,550.1|386.55
116546,580.0|448.8
116547,441.9|386.05
116548,281.6|416.8
116549,209.0|250.85
116550,318.6|341.65
116551,224.55|574.95
116552,246.3|399.35
116553,533.3|342.9
116554,594.05|565.3
116555,399.65|343.85
116556,258.3|567.3
116557,518.05|275.2
116558,354.95|380.85
116559,579.2|293.65
116560,373.0|369.5
116561,405.0|210.15
116562,352.25|246.25
116563,493.65|373.05
116564,532.45|533.5
116565,264.35|551.0
116566,520.6|539.05
116567,593.6|419.9
116568,256.4|512.6
116569,560.25|228.1
116570,451.8|245.7
116571,282.0|352.35
116572,554.45|349.45
116573,460.7|296.3
116574,344.3|560.4
116575,340.5|388.05
116576,336.8|385.95
116577,358.3|551.65
116578,343.25|377.75
116579,513.6|548.95
116580,572.15|225.25
116581,595.55|408.7
116582,582.55|219.55
116583,410.1|587.8
116584,203.45|510.55
116585,422.75|398.8
116586,254.65|562.2
116587,337.7|224.2
116588,220.95|212.7
116589,250.8|379.95
116590,459.0|427.45
116591,213.1|407.5
116592,383.25|298.6
116593,449.7|510.4
116594,505.5|393.15
116595,459.05|341.2
116596,580.7|271.5
116597,567.65|228.65
116598,229.1|541.95
116599,442.15|485.6
116600,394.8|454.85
116601,236.2|422.7
116602,436.85|589.3
116603,581.7|481.3
116604,427.95|354.15
116605,395.7|485.35
116606,264.1|261.8
116607,233.8|273.05
116608,237.3|366.85
116609,285.75|255.65
116610,419.2|568.95
116611,433.3|533.35
116612,440.35|462.05
116613,573.85|565.05
116614,213.75|585.3
116615,244.0|345.45
116616,264.15|318.5
116617,408.45|574.65
116618,489.6|377.85
116619,390.05|507.75
116620,216.2|244.45
116621,498.3|269.55
116622,403.25|573.25
116623,445.45|384.4
116624,567.55|234.25
116625,591.15|366.65
116626,452.6|561.5
116627,393.7|465.65
116628,544.45|349.0
116629,346.0|235.05
116630,436.1|374.7
116631,406.25|357.15
116632,252.7|423.05
116633,261.7|316.05
116634,379.65|355.3
116635,464.7|370.3
116636,590.3|512.35
116637,426.45|234.55
116638,477.4|474.7
116639,235.55|336.7
116640,522.95|407.4
116641,381.1|212.05
116642,468.25|401.8
116643,558.25|242.5
116644,568.4|212.95
116645,243.85|213.3
116646,260.9|377.55
116647,422.05|255.45
116648,397.8|393.75
116649,578.45|588.95
116650,586.5|500.6
116651,406.5|433.65
116652,340.55|365.3
116653,400.05|287.4
116654,470.25|242.05
116655,564.75|481.55
116656,590.15|592.65
116657,397.35|334.35
116658,581.15|455.15
116659,218.2|467.95
116660,537.35|526.25
116661,507.95|458.5
116662,500.5|220.75
116663,352.0|228.0
116664,541.25|333.45
116665,463.5|398.35
116666,330.2|335.55
116667,556.2|463.15
116668,412.25|365.2
116669,583.95|394.95
116670,422.6|484.55
116671,278.75|561.6
116672,347.8|263.6
116673,476.0|348.75
116674,492.5|302.45
116675,542.45|222.25
116676,422.7|257.7
116677,537.35|445.4
116678,536.65|491.55
116679,283.9|439.65
116680,347.5|350.75
116681,376.55|475.55
116682,432.4|381.5
116683,385.7|489.65
116684,361.3|352.9
116685,340.2|592.5
116686,583.3|295.25
116687,298.15|396.5
116688,208.05|239.8
116689,310.45|256.85
116690,366.45|315.05
116691,532.75|576.6
116692,474.45|361.9
116693,448.2|503.75
116694,488.75|371.4
116695,549.1|299.7
116696,419.1|227.7
116697,536.0|418.9
116698,340.85|543.55
116699,550.6|375.0
116700,240.85|590.0
116701,344.35|535.3
116702,254.55|228.2
116703,263.85|261.2
116704,361.7|434.45
116705,280.5|336.6
116706,238.1|559.2
116707,405.1|367.55
116708,239.6|447.35
116709,452.7|377.2
116710,528.8|535.4
116711,370.65|379.3
116712,454.4|561.4
116713,397.3|555.75
116714,279.4|364.3
116715,533.15|413.25
116716,268.5|282.45
116717,467.5|271.6
116718,250.35|370.1
116719,490.35|480.8
116720,341.35|331.15
116721,454.3|513.1
116722,565.65|457.55
116723,235.45|586.9
116724,294.8|299.05
116725,450.25|553.3
116726,327.85|344.5
116727,486.5|212.9
116728,345.1|566.05
116729,215.9|213.15
116730,583.2|589.4
116731,567.2|234.9
116732,220.95|298.35
116733,552.1|530.85
116734,592.8|416.95
116735,590.25|423.5
116736,522.1|357.0
116737,526.4|320.6
116738,572.4|216.45
116739,575.9|384.2
116740,476.35|352.85
116741,588.55|221.85
116742,384.4|272.65
116743,543.45|419.55
116744,443.2|240.7
116745,283.85|544.2
116746,232.65|514.15
116747,396.5|568.0
116748,363.35|380.5
116749,511.35|358.9
116750,270.4|449.2
116751,460.35|467.15
116752,236.5|589.35
116753,578.35|476.55
116754,269.6|292.55
116755,468.35|337.5
116756,515.85|515.75
116757,585.55|212.95
116758,565.65|244.5
116759,386.5|574.25
116760,361.75|522.15
116761,431.3|471.55
116762,593.8|483.7
116763,320.15|270.0
116764,587.95|355.55
116765,522.25|471.25
116766,578.75|452.05
116767,417.05|476.35
116768,446.5|365.15
116769,463.4|300.05
116770,372.15|355.75
116771,572.6|275.05
116772,341.1|253.6
116773,395.35|472.0
116774,569.0|463.85
116775,210.9|273.35
116776,284.65|401.05
116777,535.4|456.55
116778,215.5|497.7
116779,263.1|555.15
116780,343.3|547.15
116781,341.4|406.35
116782,300.25|324.35
116783,405.1|535.75
116784,538.7|356.3
116785,552.85|404.7
116786,391.35|355.35
116787,241.55|496.25
116788,478.45|361.7
116789,474.85|448.0
116790,310.8|316.55
116791,289.7|248.15
116792,404.0|591.4
116793,252.55|435.35
116794,469.4|338.8
116795,280.35|357.05
116796,270.65|289.55
116797,205.75|494.75
116798,384.2|585.45
116799,534.9|560.75
116800,587.1|592.75
116801,561.3|418.8
116802,356.7|535.3
116803,407.3|471.0
116804,280.1|570.2
116805,274.65|417.7
116806,435.15|465.5
116807,347.3|593.0
116808,465.85|397.5
116809,301.1|378.5
116810,293.85|344.4
116811,339.6|551.75
116812,579.9|504.15
116813,507.85|398.35
116814,582.5|372.2
116815,497.6|292.75
116816,359.0|466.95
116817,479.6|472.15
116818,292.25|569.45
116819,542.95|273.6
116820,262.35|549.25
116821,323.95|404.95
116822,289.45|383.4
116823,259.05|427.4
116824,371.75|390.4
116825,240.3|388.4
116826,575.25|422.35
116827,348.95|575.35
116828,386.9|496.7
116829,388.05|322.65
116830,566.05|589.65
116831,585.9|499.3
116832,401.35|371.35
116833,221.1|314.25
116834,274.25|553.4
116835,230.25|468.8
116836,401.2|586.25
116837,539.4|301.65
116838,563.0|331.8
116839,289.55|384.25
116840,523.1|357.05
116841,400.75|547.45
116842,404.85|322.8
116843,292.85|289.7
116844,349.85|558.25
116845,469.45|315.2
116846,458.1|590.25
116847,313.15|370.3
116848,223.35|443.3
116849,481.15|467.05
116850,372.65|281.85
116851,468.45|475.55
116852,390.05|410.85
116853,585.85|477.3
116854,400.25|241.35
116855,272.55|307.5
116856,564.25|386.85
116857,472.15|435.0
116858,467.05|460.45
116859,447.4|441.95
116860,293.3|369.15
116861,281.55|305.3
116862,576.25|570.3
116863,449.7|424.05
116864,412.45|399.45
116865,478.35|260.65
116866,321.75|358.95
116867,582.6|403.55
116868,537.3|334.85
116869,279.45|425.45
116870,339.35|339.95
116871,394.65|395.65
116872,463.1|428.6
116873,349.8|583.8
116874,377.2|280.95
116875,241.95|446.4
116876,420.6|449.15
116877,206.6|469.25
116878,235.95|460.15
116879,572.3|281.6
116880,390.8|514.35
116881,355.6|525.4
116882,357.45|211.05
116883,385.8|380.15
116884,340.85|246.4
116885,584.6|563.15
116886,207.55|321.95
116887,523.85|293.85
116888,564.9|270.05
116889,219.5|576.35
116890,363.8|337.65
116891,574.2|575.45
116892,445.3|328.8
116893,425.85|570.45
116894,426.05|567.95
116895,206.6|467.15
116896,567.35|421.95
116897,316.75|397.3
116898,211.05|584.25
116899,454.2|239.8
116900,225.2|463.15
116901,441.8|412.3
116902,420.25|380.4
116903,440.55|393.8
116904,401.05|412.4
116905,583.8|503.15
116906,516.0|544.0
116907,367.55|372.05
116908,581.15|331.9
116909,356.4|538.45
116910,402.55|301.25
116911,358.05|251.25
116912,291.9|399.8
116913,383.55|527.45
116914,249.3|533.9
116915,420.2|581.95
116916,361.7|208.95
116917,437.7|390.25
116918,391.2|372.35
116919,451.5|587.3
116920,344.35|544.7
116921,457.95|440.4
116922,458.35|535.65
116923,549.75|562.45
116924,562.05|487.1
116925,362.4|380.3
116926,364.7|563.5
116927,224.25|549.25
116928,485.9|457.25
116929,477.15|346.9
116930,444.55|398.35
116931,390.35|400.35
116932,375.0|218.75
116933,576.7|434.0
116934,404.9|508.15
116935,351.5|525.55
116936,575.15|247.3
116937,570.7|236.9
116938,537.95|332.7
116939,314.2|420.3
116940,210.15|353.8
116941,296.8|408.9
116942,568.5|313.65
116943,288.85|497.6
116944,267.15|547.1
116945,468.55|339.25
116946,378.15|559.15
116947,242.3|502.7
116948,281.45|498.35
116949,273.3|360.55
116950,406.0|204.35
116951,511.7|509.8
116952,478.8|505.85
116953,585.6|478.85
116954,336.4|327.95
116955,500.15|456.0
116956,514.35|456.55
116957,338.95|218.15
116958,338.65|555.6
116959,444.3|405.2
116960,394.75|420.75
116961,483.8|346.55
116962,556.25|585.8
116963,256.3|249.55
116964,323.45|331.1
116965,350.05|585.9
116966,324.25|487.3
116967,585.2|286.65
116968,513.35|484.5
116969,237.0|542.2
116970,353.45|452.2
116971,358.1|565.05
116972,399.65|593.2
116973,248.4|375.15
116974,440.1|389.9
116975,589.9|578.95
116976,240.25|566.2
116977,310.6|370.9
116978,373.2|285.95
116979,234.6|552.8
116980,323.45|522.15
116981,549.05|454.9
116982,461.85|482.6
116983,425.45|520.8
116984,488.2|483.35
116985,439.65|370.9
116986,249.2|571.6
116987,211.3|488.05
116988,567.5|395.5
116989,217.2|230.3
116990,403.05|470.7
116991,574.35|346.75
116992,282.15|481.8
116993,582.45|450.95
116994,439.35|566.55
116995,344.75|217.1
116996,557.25|409.85
116997,454.7|369.25
116998,383.55|480.35
116999,360.4|503.55
117000,472.5|226.5
117001,466.0|467.1
117002,217.9|573.75
117003,593.0|392.0
117004,558.7|264.8
117005,263.85|380.75
117006,278.1|371.45
117007,396.0|313.45
117008,381.65|290.05
117009,395.55|555.4
117010,242.95|561.7
117011,467.5|325.65
117012,586.9|218.0
117013,463.25|520.5
117014,349.3|431.7
117015,573.75|346.65
117016,234.65|335.9
117017,549.0|369.35
117018,229.05|301.4
117019,389.95|357.2
117020,437.0|396.75
117021,208.85|582.25
117022,577.8|219.25
117023,273.7|522.9
117024,381.25|462.5
117025,360.6|396.6
117026,255.4|378.35
117027,208.85|525.65
117028,239.1|231.85
117029,424.5|349.7
117030,466.4|323.3
117031,374.2|464.55
117032,577.1|563.7
117033,494.3|219.2
117034,273.7|571.65
117035,416.5|207.15
117036,464.7|468.6
117037,460.05|236.65
117038,435.5|404.45
117039,439.8|486.65
117040,584.15|362.45
117041,578.6|230.15
117042,435.35|368.3
117043,469.25|321.6
117044,574.65|234.9
117045,588.85|403.8
117046,425.4|384.4
117047,335.85|332.0
117048,287.1|331.0
117049,519.05|456.8
117050,338.05|349.8
117051,426.15|490.85
117052,394.95|539.65
117053,328.45|501.95
117054,463.85|574.5
117055,524.6|487.8
117056,240.55|381.9
117057,272.15|555.45
117058,336.45|422.65
117059,442.55|314.3
117060,207.25|583.6
117061,267.8|228.8
117062,592.05|586.5
117063,301.05|499.5
117064,370.5|250.2
117065,549.3|305.35
117066,535.7|353.4
117067,290.2|470.25
117068,228.55|575.8
117069,218.8|385.1
117070,339.05|212.8
117071,229.6|385.75
117072,458.45|427.3
117073,407.35|497.75
117074,340.95|533.6
117075,474.3|261.4
117076,219.95|393.35
117077,482.45|486.55
117078,490.55|347.35
117079,268.6|583.35
117080,305.05|271.75
117081,443.3|468.4
117082,424.35|215.55
117083,479.25|333.95
117084,228.8|467.25
117085,259.55|289.65
117086,427.15|220.8
117087,559.15|219.85
117088,236.75|275.7
117089,410.95|468.25
117090,242.15|359.1
117091,531.3|446.75
117092,445.35|324.3
117093,398.0|268.5
117094,440.55|500.3
117095,219.6|318.7
117096,405.9|225.25
117097,358.05|394.45
117098,231.5|219.25
117099,569.55|454.6
117100,290.85|408.0
117101,425.5|220.9
117102,405.8|588.2
117103,453.05|504.2
117104,274.45|539.6
117105,339.65|345.85
117106,472.1|367.6
117107,355.55|261.9
117108,407.1|361.65
117109,557.0|381.7
117110,357.8|211.8
117111,344.05|545.65
117112,509.0|459.75
117113,381.15|278.45
117114,215.75|346.65
117115,401.2|271.45
117116,265.6|256.4
117117,228.75|356.25
117118,345.4|329.75
117119,251.85|392.1
117120,474.95|467.05
117121,567.65|499.75
117122,265.1|440.1
117123,249.05|276.95
117124,383.75|385.35
117125,580.0|295.9
117126,574.95|538.55
117127,213.05|469.05
117128,586.65|475.95
117129,542.1|569.15
117130,456.35|556.2
117131,464.25|297.95
117132,407.25|488.3
117133,573.65|518.4
117134,271.35|239.8
117135,366.5|371.8
117136,453.7|461.25
117137,489.25|274.4
117138,227.85|493.5
117139,271.3|279.6
117140,380.0|470.2
117141,213.35|564.45
117142,348.1|437.55
117143,469.65|310.7
117144,353.75|363.55
117145,364.45|453.25
117146,251.8|578.1
117147,239.7|449.7
117148,519.3|348.85
117149,535.05|343.5
117150,530.75|492.65
117151,355.85|224.9
117152,377.7|564.2
117153,230.05|305.0
117154,355.35|247.3
117155,434.8|344.7
117156,336.6|348.3
117157,393.85|547.25
117158,402.5|570.55
117159,365.25|221.7
117160,418.85|475.4
117161,583.85|233.15
117162,213.95|401.75
117163,558.05|224.15
117164,539.5|535.15
117165,436.8|321.75
117166,400.05|591.35
117167,460.6|348.3
117168,538.15|297.85
117169,445.6|468.35
117170,208.4|246.0
117171,449.95|256.65
117172,422.85|473.45
117173,568.2|295.3
117174,571.2|532.35
117175,580.3|302.5
117176,430.55|442.9
117177,392.95|559.65
117178,433.95|241.2
117179,392.1|328.5
117180,460.85|244.7
117181,411.6|235.7
117182,293.4|325.9
117183,419.95|469.75
117184,444.4|217.95
117185,232.05|218.8
117186,471.85|331.4
117187,469.25|218.75
117188,393.2|302.05
117189,388.8|525.1
117190,207.7|241.6
117191,208.4|517.6
117192,542.25|254.95
117193,233.0|279.8
117194,399.5|402.25
117195,237.55|328.6
117196,392.75|326.05
117197,255.65|510.7
117198,441.0|352.45
117199,287.5|409.55
117200,565.75|261.65
117201,386.5|580.0
117202,369.2|252.5
117203,567.85|574.3
117204,425.25|488.9
117205,343.9|593.15
117206,550.55|228.55
117207,378.6|425.7
117208,285.65|297.4
117209,589.3|586.7
117210,362.7|207.2
117211,363.45|204.65
117212,231.35|588.05
117213,577.05|400.15
117214,363.9|259.9
117215,402.95|375.25
117216,404.25|526.9
117217,557.8|339.75
117218,281.4|303.8
117219,408.75|555.9
117220,365.8|358.9
117221,214.75|338.5
117222,580.75|532.6
117223,340.9|412.8
117224,467.15|228.55
117225,325.55|437.2
117226,426.35|321.35
117227,445.75|385.95
117228,246.9|564.2
117229,381.9|576.35
117230,254.9|454.25
117231,354.3|501.15
117232,575.1|310.45
117233,224.8|278.0
117234,405.25|585.25
117235,542.5|515.2
117236,409.1|539.7
117237,284.15|479.45
117238,222.15|226.85
117239,342.65|417.85
117240,478.35|330.25
117241,332.3|352.4
117242,361.05|473.6
117243,346.55|522.7
117244,251.55|265.6
117245,204.6|477.9
117246,386.15|468.3
117247,345.25|220.65
117248,210.1|495.95
117249,259.7|349.95
117250,416.5|503.9
117251,405.85|589.25
117252,226.35|264.25
117253,332.9|406.3
117254,525.2|317.55
117255,256.95|438.8
117256,591.15|352.65
117257,352.5|348.85
117258,452.85|456.05
117259,426.8|323.95
117260,532.75|388.05
117261,577.65|565.85
117262,245.1|591.05
117263,579.8|436.6
117264,585.2|359.35
117265,264.4|286.85
117266,405.75|338.6
117267,410.75|436.5
117268,341.5|321.3
117269,535.1|557.4
117270,340.8|350.8
117271,462.15|393.85
117272,282.65|579.95
117273,253.45|371.8
117274,351.05|397.85
117275,569.7|584.2
117276,580.7|403.15
117277,582.95|264.1
117278,399.5|351.85
117279,455.7|591.75
117280,232.85|573.15
117281,542.45|242.55
117282,553.0|305.4
117283,340.55|592.45
117284,409.25|214.75
117285,351.85|341.25
117286,206.7|319.45
117287,457.85|324.45
117288,299.95|562.3
117289,232.65|564.3
117290,256.55|288.65
117291,215.15|325.1
117292,440.4|294.3
117293,445.9|587.3
117294,552.75|432.55
117295,416.5|213.4
117296,465.5|384.95
117297,588.7|434.3
117298,284.15|549.85
117299,557.45|238.0
117300,545.8|277.9
117301,274.45|543.7
117302,556.95|594.45
117303,457.75|293.75
117304,475.6|571.7
117305,362.55|442.35
117306,396.55|530.75
117307,583.55|569.55
117308,558.95|534.6
117309,392.75|585.75
117310,380.4|381.35
117311,445.1|369.75
117312,281.55|461.25
117313,261.9|493.4
117314,477.0|509.9
117315,237.5|255.1
117316,537.95|288.85
117317,256.5|281.85
117318,458.2|229.55
117319,221.5|555.55
117320,494.1|338.05
117321,279.05|555.35
117322,279.65|231.25
117323,505.75|506.95
117324,402.95|538.1
117325,543.8|342.2
117326,546.9|580.75
117327,346.2|553.25
117328,349.9|219.6
117329,568.3|554.05
117330,247.85|448.4
117331,444.7|345.05
117332,286.35|451.95
117333,582.65|340.75
117334,557.85|273.35
117335,231.1|374.25
117336,219.75|480.05
117337,285.0|468.8
117338,586.85|298.75
117339,349.25|584.25
117340,355.5|593.15
117341,207.15|491.75
117342,539.6|254.25
117343,562.45|247.85
117344,283.65|412.65
117345,215.65|250.65
117346,434.5|279.8
117347,233.25|482.25
117348,550.45|539.35
117349,239.3|573.8
117350,387.35|274.85
117351,572.05|207.8
117352,308.95|497.3
117353,570.25|505.25
117354,480.8|219.55
117355,576.25|526.85
117356,552.45|303.15
117357,390.45|228.8
117358,470.6|498.9
117359,219.05|481.8
117360,538.35|520.2
117361,439.95|436.85
117362,267.4|410.2
117363,258.45|225.25
117364,231.45|383.7
117365,594.9|278.6
117366,374.5|458.0
117367,238.15|333.8
117368,214.15|241.95
117369,350.8|344.4
117370,586.75|509.3
117371,243.15|570.6
117372,266.75|544.7
117373,549.5|543.35
117374,554.8|338.7
117375,225.3|490.4
117376,540.05|263.25
117377,400.5|369.25
117378,400.3|407.0
117379,468.45|316.7
117380,381.65|209.75
117381,542.15|498.7
117382,268.35|278.95
117383,578.75|411.05
117384,371.8|364.7
117385,212.25|384.2
117386,214.3|576.5
117387,282.3|362.0
117388,278.55|429.3
117389,472.85|309.5
117390,463.05|355.35
117391,540.45|539.0
117392,400.05|488.5
117393,282.55|344.0
117394,400.55|499.6
117395,257.2|475.2
117396,462.55|365.4
117397,344.55|552.1
117398,389.55|465.35
117399,367.8|378.35
117400,593.35|265.35
117401,234.05|412.7
117402,399.6|596.15
117403,591.75|363.0
117404,455.15|491.0
117405,362.65|512.5
117406,342.55|396.85
117407,563.7|441.35
117408,272.1|528.7
117409,240.9|404.95
117410,401.8|382.2
117411,369.85|396.7
117412,303.7|513.45
117413,428.1|326.4
117414,270.65|530.35
117415,229.7|416.7
117416,423.75|553.7
117417,263.2|533.95
117418,530.4|517.9
117419,400.55|572.25
117420,227.35|515.05
117421,286.05|493.2
117422,239.9|413.55
117423,229.25|306.2
117424,247.15|271.8
117425,537.2|498.3
117426,535.65|564.35
117427,205.0|523.2
117428,234.65|560.9
117429,576.4|435.1
117430,310.6|428.65
117431,242.55|226.85
117432,482.25|221.35
117433,236.65|411.35
117434,232.75|576.3
117435,255.35|230.95
117436,463.7|357.95
117437,463.8|317.5
117438,570.65|467.35
117439,223.25|409.0
117440,366.95|532.25
117441,564.55|269.0
117442,439.95|565.65
117443,405.6|432.0
117444,582.35|266.15
117445,583.25|343.3
117446,260.4|587.2
117447,475.35|520.75
117448,589.05|232.05
117449,254.5|246.5
117450,357.05|530.5
117451,417.4|563.5
117452,211.95|483.6
117453,522.65|447.8
117454,233.8|333.9
117455,421.65|377.2
117456,275.5|516.65
117457,405.5|221.1
117458,404.0|398.8
117459,383.05|259.6
117460,444.4|445.8
117461,302.85|364.7
117462,359.75|596.85
117463,285.05|441.55
117464,427.35|447.2
117465,261.75|377.0
117466,359.6|503.2
117467,441.5|296.2
117468,232.5|510.4
117469,355.6|337.2
117470,227.8|265.85
117471,270.95|533.75
117472,226.7|364.75
117473,231.7|417.8
117474,319.6|368.4
117475,591.6|356.8
117476,384.1|279.4
117477,471.6|523.6
117478,292.7|567.35
117479,266.8|578.55
117480,338.35|510.25
117481,391.25|506.55
117482,529.95|564.3
117483,215.55|492.35
117484,559.15|533.5
117485,299.5|339.3
117486,520.4|456.75
117487,215.1|336.85
117488,290.15|360.2
117489,341.95|359.4
117490,266.2|543.3
117491,401.4|333.4
117492,318.1|339.55
117493,397.5|364.55
117494,433.15|392.6
117495,350.95|558.8
117496,374.5|247.65
117497,366.2|280.7
117498,455.25|391.0
117499,513.6|458.9
117500,336.0|227.6
117501,373.2|538.3
117502,473.35|225.3
117503,445.3|384.35
117504,497.2|343.85
117505,525.55|537.3
117506,545.0|335.15
117507,591.9|327.1
117508,397.1|279.0
117509,549.45|258.7
117510,474.95|337.65
117511,351.5|274.9
117512,347.6|503.9
117513,403.5|342.8
117514,473.2|514.05
117515,268.8|266.25
117516,278.95|496.0
117517,286.05|363.25
117518,451.75|458.4
117519,358.6|461.95
117520,441.9|312.1
117521,587.55|481.75
117522,578.0|221.75
117523,309.9|389.3
117524,361.45|366.7
117525,350.7|385.1
117526,377.9|422.85
117527,232.85|586.55
117528,581.35|353.8
117529,582.05|463.95
117530,294.7|355.4
117531,269.6|562.9
117532,451.45|219.05
117533,361.45|215.9
117534,243.65|580.5
117535,219.65|485.65
117536,210.2|587.15
117537,216.3|525.8
117538,556.0|245.25
117539,431.05|470.35
117540,555.45|234.9
117541,213.2|467.65
117542,486.65|278.15
117543,405.85|388.95
117544,342.2|534.2
117545,425.5|380.8
117546,362.8|532.25
117547,382.45|581.3
117548,463.45|590.35
117549,530.35|427.6
117550,471.6|374.15
117551,493.5|336.2
117552,474.35|345.05
117553,571.75|576.6
117554,353.5|234.0
117555,528.15|358.55
117556,379.3|394.2
117557,262.95|405.2
117558,376.4|354.15
117559,513.15|417.75
117560,456.1|526.75
117561,350.9|335.85
117562,253.15|575.8
117563,359.05|227.75
117564,571.7|444.55
117565,581.15|234.1
117566,442.3|474.65
117567,492.9|263.85
117568,352.1|560.85
117569,481.8|392.35
117570,278.2|547.3
117571,510.6|384.6
117572,517.4|556.4
117573,380.8|331.45
117574,466.55|356.4
117575,582.8|508.4
117576,325.35|374.9
117577,580.05|296.25
117578,457.6|273.85
117579,338.9|517.15
117580,213.95|587.25
117581,291.25|386.65
117582,528.75|490.8
117583,468.25|212.65
117584,388.0|325.9
117585,394.15|559.7
117586,212.5|585.55
117587,405.05|379.9
117588,376.1|507.25
117589,356.35|225.95
117590,384.05|490.1
117591,442.55|531.75
117592,469.1|333.25
117593,589.25|587.4
117594,429.05|265.65
117595,232.05|306.0
117596,571.2|536.65
117597,545.1|562.65
117598,465.25|257.8
117599,551.55|525.25
117600,361.45|458.95
117601,260.6|226.05
117602,565.65|458.7
117603,403.6|305.6
117604,461.2|316.5
117605,344.25|248.55
117606,297.75|514.0
117607,320.35|321.25
117608,316.65|372.55
117609,245.55|574.5
117610,592.85|269.35
117611,240.35|548.25
117612,579.5|389.55
117613,209.8|454.1
117614,440.55|269.75
117615,538.95|589.75
117616,225.55|521.85
117617,573.55|291.4
117618,586.35|228.85
117619,480.75|456.15
117620,276.2|261.65
117621,326.4|317.55
117622,358.2|365.1
117623,399.25|395.8
117624,250.7|225.1
117625,588.75|375.55
117626,290.15|568.5
117627,379.95|240.85
117628,427.7|326.0
117629,246.7|277.6
117630,338.0|543.7
117631,533.9|270.65
117632,336.15|406.7
117633,295.25|419.2
117634,516.6|343.75
117635,225.75|296.6
117636,399.55|325.5
117637,589.75|420.55
117638,410.3|240.5
117639,235.85|281.0
117640,523.85|300.8
117641,217.4|502.95
117642,563.95|471.25
117643,420.7|586.8
117644,219.9|570.0
117645,452.75|235.55
117646,464.5|349.65
117647,578.85|574.85
117648,216.65|580.1
117649,567.15|536.1
117650,232.7|476.35
117651,237.9|411.1
117652,371.5|207.1
117653,477.9|321.55
117654,297.7|429.95
117655,390.2|224.6
117656,450.15|450.65
117657,253.35|219.45
117658,459.0|537.5
117659,380.0|562.45
117660,504.4|484.7
117661,310.25|337.65
117662,377.65|228.05
117663,550.55|226.5
117664,489.65|279.95
117665,388.75|471.8
117666,297.55|337.05
117667,439.15|245.45
117668,371.4|491.75
117669,286.45|335.4
117670,211.6|583.3
117671,285.65|445.1
117672,579.75|476.0
117673,225.85|591.5
117674,244.3|476.5
117675,400.95|503.15
117676,432.15|574.2
117677,322.5|375.8
117678,273.3|377.05
117679,415.15|344.2
117680,259.65|269.45
117681,531.5|436.2
117682,414.1|416.5
117683,443.45|376.4
117684,215.55|454.05
117685,454.9|387.7
117686,442.6|590.25
117687,381.55|548.35
117688,513.8|353.5
117689,482.55|330.95
117690,417.55|535.4
117691,418.65|311.55
117692,231.8|594.4
117693,336.0|587.8
117694,386.0|515.1
117695,546.45|493.55
117696,204.25|467.9
117697,343.7|444.6
117698,593.4|486.05
117699,268.55|359.85
117700,403.55|568.45
117701,535.8|259.45
117702,255.45|213.4
117703,572.05|388.7
117704,562.4|307.1
117705,582.5|487.95
117706,212.45|232.25
117707,259.7|427.35
117708,213.3|556.85
117709,393.6|489.15
117710,276.2|391.0
117711,341.25|546.25
117712,524.4|328.45
117713,259.4|500.4
117714,247.7|491.35
117715,209.8|470.55
117716,273.4|339.3
117717,585.9|473.05
117718,489.0|363.15
117719,443.8|476.95
117720,238.95|535.2
117721,457.65|585.55
117722,213.7|406.0
117723,524.9|493.55
117724,391.1|266.9
117725,443.8|583.05
117726,228.15|542.4
117727,561.25|405.6
117728,590.05|373.9
117729,512.2|486.85
117730,326.15|382.65
117731,228.4|434.2
117732,532.75|374.8
117733,486.75|471.55
117734,541.7|555.7
117735,266.8|241.2
117736,319.2|340.55
117737,221.5|585.15
117738,592.85|554.0
117739,585.55|269.0
117740,256.35|518.15
117741,319.45|394.15
117742,455.55|342.25
117743,587.75|293.5
117744,405.45|375.25
117745,553.75|487.8
117746,472.4|345.05
117747,264.55|459.35
117748,210.1|237.7
117749,559.7|339.1
117750,441.65|461.75
117751,550.3|560.65
117752,291.4|444.9
117753,212.2|583.65
117754,226.8|267.65
117755,227.2|407.35
117756,425.1|476.65
117757,518.05|470.8
117758,231.0|538.5
117759,316.5|368.0
117760,459.8|438.05
117761,408.2|586.85
117762,417.0|357.9
117763,211.05|330.85
117764,345.0|547.25
117765,521.95|354.3
117766,572.8|334.15
117767,399.85|285.95
117768,418.5|541.5
117769,376.85|220.95
117770,472.35|469.7
117771,337.25|513.7
117772,357.6|296.85
117773,423.45|529.1
117774,450.8|232.65
117775,460.0|385.05
117776,453.85|385.55
117777,387.25|303.2
117778,242.85|383.75
117779,337.85|250.6
117780,254.3|308.3
117781,311.4|325.55
117782,560.2|481.15
117783,397.35|356.25
117784,589.55|499.7
117785,469.15|279.7
117786,390.15|526.3
117787,377.05|274.9
117788,209.6|259.1
117789,404.65|306.2
117790,253.7|332.1
117791,339.05|247.75
117792,424.1|574.3
117793,433.3|514.05
117794,378.5|337.45
117795,341.65|336.8
117796,406.35|271.3
117797,491.85|239.65
117798,459.0|437.05
117799,539.8|396.6
117800,298.55|396.35
117801,238.85|356.35
117802,266.45|588.3
117803,276.35|294.8
117804,374.3|427.35
117805,512.25|482.95
117806,210.5|516.8
117807,574.1|361.5
117808,420.45|567.5
117809,542.6|324.2
117810,208.4|260.3
117811,374.75|404.75
117812,366.35|268.5
117813,373.15|404.0
117814,215.95|386.4
117815,460.05|326.9
117816,584.15|229.9
117817,224.35|588.45
117818,422.5|456.2
117819,401.05|466.0
117820,445.05|349.5
117821,238.35|230.1
117822,261.95|587.7
117823,580.65|297.0
117824,533.75|436.3
117825,394.9|478.6
117826,461.2|300.15
117827,343.45|430.0
117828,401.5|282.15
117829,472.45|508.1
117830,535.0|289.55
117831,373.2|252.85
117832,464.75|337.85
117833,334.3|409.95
117834,433.1|224.3
117835,485.1|528.55
117836,530.35|236.65
117837,531.1|515.85
117838,420.45|463.85
117839,473.15|527.75
117840,246.6|514.15
117841,383.65|499.5
117842,573.8|395.85
117843,262.45|426.85
117844,533.55|545.3
117845,286.75|342.6
117846,263.2|376.85
117847,539.5|305.25
117848,341.1|595.55
117849,276.1|270.25
117850,574.5|306.8
117851,331.4|263.9
117852,375.25|383.7
117853,476.4|558.15
117854,567.55|408.5
117855,384.75|576.75
117856,411.0|584.5
117857,534.9|589.25
117858,390.0|233.75
117859,438.75|216.15
117860,223.0|350.8
117861,580.35|304.3
117862,419.5|280.35
117863,420.85|251.3
117864,566.7|510.2
117865,434.9|241.5
117866,455.1|354.6
117867,251.6|343.05
117868,228.2|295.85
117869,259.35|577.5
117870,358.15|584.4
117871,254.55|594.55
117872,371.75|213.2
117873,417.45|364.7
117874,532.25|514.1
117875,527.5|539.4
117876,211.65|518.55
117877,526.9|485.6
117878,415.9|538.45
117879,370.75|553.2
117880,523.4|501.45
117881,266.2|205.85
117882,391.1|279.9
117883,246.6|283.7
117884,454.45|396.05
117885,407.55|380.7
117886,309.65|302.05
117887,369.8|526.4
117888,292.0|372.6
117889,470.65|529.1
117890,480.2|338.5
117891,468.5|545.75
117892,474.1|341.55
117893,487.85|526.35
117894,234.85|541.75
117895,408.0|267.35
117896,229.0|262.4
117897,350.9|447.55
117898,340.65|345.25
117899,235.8|540.3
117900,571.6|585.0
117901,480.7|238.25
117902,359.35|382.15
117903,346.8|216.65
117904,213.15|511.55
117905,268.8|284.2
117906,419.7|472.05
117907,461.85|439.4
117908,281.8|589.2
117909,382.85|449.95
117910,269.95|274.65
117911,533.3|422.95
117912,257.75|280.35
117913,267.75|415.95
117914,213.95|587.75
117915,349.55|363.65
117916,276.65|372.75
117917,372.75|436.1
117918,334.6|328.0
117919,431.4|560.85
117920,362.5|435.75
117921,471.95|271.55
117922,370.25|214.6
117923,298.8|328.45
117924,430.4|428.55
117925,218.8|481.6
117926,586.95|372.2
117927,353.7|291.1
117928,525.5|524.0
117929,576.55|527.9
117930,565.75|315.85
117931,238.85|496.95
117932,346.4|227.2
117933,243.15|422.95
117934,583.25|305.05
117935,229.05|325.8
117936,358.5|280.4
117937,591.65|388.25
117938,212.55|320.1
117939,213.35|238.8
117940,451.35|438.9
117941,512.85|496.4
117942,275.25|338.15
117943,444.0|232.85
117944,386.75|497.25
117945,395.55|246.95
117946,454.25|578.3
117947,434.7|481.35
117948,409.5|477.95
117949,579.9|543.2
117950,458.4|477.75
117951,361.45|332.2
117952,466.0|291.95
117953,271.15|434.9
117954,421.55|591.6
117955,244.05|274.05
117956,266.55|275.85
117957,232.9|567.5
117958,234.95|587.9
117959,563.0|589.95
117960,370.6|245.0
117961,546.3|327.95
117962,540.8|439.55
117963,265.5|334.05
117964,447.15|387.8
117965,400.1|327.55
117966,330.15|283.1
117967,231.9|339.3
117968,585.95|451.5
117969,546.4|260.25
117970,215.5|584.45
117971,250.0|221.9
117972,419.25|486.65
117973,591.0|272.65
117974,297.55|381.5
117975,538.85|493.9
117976,570.65|451.95
117977,421.7|414.5
117978,334.65|337.05
117979,417.35|493.4
117980,520.85|536.8
117981,209.35|285.0
117982,279.8|544.2
117983,228.05|587.2
117984,549.05|343.5
117985,578.2|352.05
117986,577.45|450.0
117987,274.45|369.65
117988,388.95|294.25
117989,426.2|500.35
117990,584.9|266.85
117991,587.9|264.4
117992,280.8|487.75
117993,415.9|286.7
117994,286.0|319.9
117995,570.0|337.5
117996,447.5|378.65
117997,463.8|345.45
117998,359.4|496.95
117999,561.65|231.15
118000,231.25|393.95
118001,529.65|432.65
118002,334.75|235.55
118003,569.85|293.55
118004,438.1|381.8
118005,349.1|458.75
118006,459.35|388.3
118007,470.6|446.8
118008,223.5|558.5
118009,331.4|428.25
118010,271.5|221.6
118011,265.45|337.85
118012,586.0|342.45
118013,561.35|290.45
118014,574.4|579.95
118015,377.75|431.45
118016,227.35|424.65
118017,547.7|360.35
118018,344.5|588.25
118019,260.9|284.65
118020,576.95|316.8
118021,407.35|244.35
118022,378.9|338.1
118023,224.3|507.65
118024,588.65|582.55
118025,499.25|482.55
118026,350.65|389.05
118027,396.5|409.2
118028,283.15|332.95
118029,445.95|349.4
118030,409.55|547.75
118031,415.7|225.3
118032,402.95|452.8
118033,379.25|456.1
118034,537.25|387.9
118035,376.85|462.95
118036,589.55|218.5
118037,436.3|332.45
118038,252.45|387.7
118039,257.45|350.1
118040,469.1|531.05
118041,542.4|348.75
118042,557.3|588.5
118043,368.9|215.25
118044,401.45|212.05
118045,547.0|587.4
118046,405.55|331.25
118047,268.95|497.65
118048,590.75|354.3
118049,450.3|419.7
118050,559.1|524.85
118051,227.9|545.75
118052,543.4|229.95
118053,432.35|523.95
118054,241.65|439.25
118055,459.3|274.3
118056,259.55|291.45
118057,339.1|427.25
118058,449.85|349.0
118059,563.3|581.45
118060,566.4|590.65
118061,558.15|446.7
118062,268.15|433.1
118063,474.0|417.1
118064,589.65|425.25
118065,446.85|384.05
118066,338.3|229.45
118067,473.25|259.7
118068,593.45|397.85
118069,574.5|445.65
118070,354.85|575.15
118071,571.45|223.3
118072,540.1|311.9
118073,351.55|547.95
118074,435.05|441.95
118075,216.7|515.95
118076,477.4|346.45
118077,227.05|585.15
118078,338.65|312.8
118079,363.55|225.5
118080,585.6|359.65
118081,272.35|430.0
118082,289.05|449.0
118083,416.15|310.85
118084,520.55|576.1
118085,294.45|329.15
118086,343.45|560.15
118087,459.15|369.45
118088,290.7|391.85
118089,587.15|412.75
118090,379.2|446.8
118091,238.7|273.05
118092,457.35|509.5
118093,267.75|278.75
118094,218.55|576.4
118095,274.8|367.3
118096,335.25|395.75
118097,393.4|255.65
118098,377.95|265.85
118099,337.15|248.7
118100,418.85|367.1
118101,473.1|490.7
118102,517.4|492.45
118103,384.65|495.85
118104,331.45|546.45
118105,460.05|434.65
118106,256.15|495.9
118107,264.3|490.2
118108,349.0|573.5
118109,224.95|461.75
118110,278.8|566.55
118111,334.05|234.6
118112,299.7|423.05
118113,282.65|529.45
118114,218.5|582.65
118115,487.55|363.4
118116,421.1|327.05
118117,377.4|361.75
118118,592.5|228.55
118119,578.6|210.9
118120,484.6|329.35
118121,292.05|337.2
118122,269.7|339.8
118123,522.2|437.3
118124,475.4|414.75
118125,518.25|363.5
118126,340.7|491.5
118127,211.55|511.05
118128,241.85|497.95
118129,459.35|381.5
118130,428.75|559.15
118131,212.1|308.75
118132,477.7|366.15
118133,380.85|529.15
118134,494.35|473.95
118135,229.0|311.35
118136,445.5|385.8
118137,238.4|347.35
118138,424.95|589.1
118139,563.7|467.9
118140,349.85|408.2
118141,421.45|478.5
118142,250.35|589.15
118143,588.7|577.35
118144,261.5|279.4
118145,467.8|544.6
118146,473.9|281.55
118147,386.4|550.15
118148,532.05|343.55
118149,592.7|587.5
118150,376.9|219.45
118151,561.35|474.4
118152,506.9|481.5
118153,394.75|592.0
118154,382.45|401.45
118155,220.45|556.9
118156,587.95|402.7
118157,234.05|374.05
118158,337.35|450.85
118159,405.0|537.25
118160,209.4|469.45
118161,425.45|579.2
118162,292.0|569.55
118163,463.25|438.35
118164,239.75|440.7
118165,591.0|575.6
118166,556.85|326.8
118167,425.95|227.1
118168,354.45|369.75
118169,230.7|409.6
118170,334.35|332.3
118171,248.65|259.45
118172,534.95|543.45
118173,417.75|496.95
118174,400.9|586.75
118175,575.25|544.15
118176,279.0|364.15
118177,260.2|581.95
118178,445.3|544.8
118179,393.15|333.0
118180,232.15|302.1
118181,544.4|340.55
118182,537.95|412.6
118183,351.75|524.8
118184,354.1|330.9
118185,534.8|557.9
118186,280.65|313.45
118187,576.65|517.55
118188,277.85|579.6
118189,243.7|267.85
118190,288.95|525.6
118191,500.35|462.65
118192,457.0|251.75
118193,583.55|438.3
118194,541.85|585.3
118195,387.8|443.75
118196,235.6|225.3
118197,564.15|237.65
118198,492.85|371.35
118199,546.3|397.7
118200,550.4|267.6
118201,271.8|238.45
118202,463.95|286.7
118203,576.3|403.2
118204,532.05|445.75
118205,585.2|531.85
118206,468.95|259.35
118207,213.35|575.7
118208,428.85|488.1
118209,356.05|241.8
118210,339.55|532.0
118211,431.95|323.85
118212,283.0|537.8
118213,437.35|387.9
118214,361.65|360.05
118215,427.15|412.85
118216,522.1|515.45
118217,236.75|465.1
118218,450.65|395.45
118219,370.45|568.2
118220,433.9|266.75
118221,252.55|463.75
118222,244.6|295.1
118223,370.5|230.7
118224,287.3|231.85
118225,564.4|302.7
118226,276.25|384.15
118227,508.9|225.2
118228,341.3|574.25
118229,470.35|338.8
118230,436.75|476.0
118231,529.9|567.3
118232,591.05|210.65
118233,418.8|243.4
118234,359.4|208.7
118235,443.9|415.7
118236,477.1|274.55
118237,395.45|219.15
118238,567.85|461.75
118239,228.35|538.75
118240,582.35|293.4
118241,545.65|441.7
118242,381.65|491.15
118243,557.6|546.75
118244,560.95|543.75
118245,259.15|268.35
118246,592.5|522.7
118247,541.55|469.3
118248,447.1|412.5
118249,372.6|227.5
118250,484.4|392.95
118251,562.4|485.6
118252,570.5|312.45
118253,364.5|403.45
118254,370.55|225.1
118255,379.65|489.1
118256,398.6|548.75
118257,428.85|381.25
118258,326.9|287.4
118259,580.05|209.6
118260,231.0|505.35
118261,291.65|338.45
118262,588.0|354.45
118263,421.7|454.1
118264,471.25|426.35
118265,422.6|211.9
118266,211.55|273.8
118267,472.9|336.75
118268,541.2|532.55
118269,235.15|472.15
118270,580.65|251.15
118271,213.55|584.7
118272,532.1|584.15
118273,216.4|343.3
118274,253.5|489.75
118275,400.8|211.1
118276,248.2|313.8
118277,230.15|212.45
118278,585.25|247.4
118279,376.7|223.1
118280,359.45|230.6
118281,561.85|438.75
118282,564.35|288.4
118283,552.55|428.15
118284,550.65|324.05
118285,266.15|571.5
118286,208.75|505.55
118287,470.4|356.6
118288,345.5|508.35
118289,306.85|392.55
118290,380.4|292.85
118291,217.65|504.4
118292,451.1|590.25
118293,328.35|331.25
118294,574.35|344.35
118295,566.85|566.8
118296,344.65|339.25
118297,415.55|421.4
118298,586.65|225.15
118299,489.9|247.35
118300,375.2|522.45
118301,329.6|431.55
118302,473.05|287.05
118303,557.95|478.95
118304,342.55|545.35
118305,382.0|203.3
118306,571.8|368.75
118307,205.35|471.5
118308,389.1|286.55
118309,391.45|578.85
118310,209.9|318.3
118311,426.15|289.3
118312,576.45|510.75
118313,294.9|500.4
118314,449.65|480.85
118315,591.1|208.45
118316,430.25|555.95
118317,358.65|584.8
118318,578.15|560.65
118319,355.75|454.7
118320,277.25|575.95
118321,522.45|348.35
118322,289.1|396.7
118323,594.45|373.45
118324,381.45|503.95
118325,463.1|240.05
118326,582.75|508.55
118327,558.8|292.65
118328,534.0|465.5
118329,386.85|450.9
118330,274.4|578.25
118331,356.8|210.55
118332,213.25|328.15
118333,226.45|474.15
118334,268.05|250.15
118335,564.9|469.8
118336,290.65|486.0
118337,284.3|536.15
118338,309.9|443.2
118339,465.25|224.4
118340,420.7|461.5
118341,555.6|229.15
118342,593.25|271.6
118343,466.35|551.55
118344,406.25|560.35
118345,559.35|287.85
118346,376.1|490.15
118347,371.9|250.05
118348,421.05|378.65
118349,302.85|379.45
118350,469.5|503.8
118351,522.65|447.8
118352,429.75|285.0
118353,437.3|478.55
118354,219.5|228.05
118355,520.8|500.4
118356,424.35|389.75
118357,240.0|430.85
118358,583.7|225.2
118359,552.8|297.55
118360,539.4|394.5
118361,477.95|281.75
118362,445.65|443.65
118363,331.1|404.1
118364,588.65|586.35
118365,402.65|581.65
118366,588.7|461.1
118367,211.05|341.35
118368,581.0|290.5
118369,280.45|550.6
118370,214.55|272.5
118371,337.15|399.5
118372,569.75|576.5
118373,538.95|511.7
118374,263.95|573.95
118375,477.2|240.25
118376,561.25|455.65
118377,215.75|583.8
118378,423.7|549.25
118379,348.5|330.6
118380,584.8|531.0
118381,420.1|487.0
118382,593.2|372.0
118383,447.2|511.55
118384,431.35|546.65
118385,522.75|354.2
118386,253.6|277.95
118387,281.75|309.95
118388,251.8|447.85
118389,444.85|590.95
118390,326.2|560.35
118391,266.5|280.25
118392,404.65|519.25
118393,337.9|233.7
118394,584.05|467.7
118395,585.15|408.6
118396,215.85|503.5
118397,304.35|406.6
118398,413.1|437.85
118399,350.85|534.65
118400,392.6|265.7
118401,561.25|217.75
118402,399.8|207.3
118403,426.7|367.0
118404,455.0|541.9
118405,214.45|414.95
118406,269.25|208.65
118407,544.25|474.85
118408,222.95|296.65
118409,289.85|340.55
118410,238.8|590.05
118411,478.95|533.85
118412,238.35|356.6
118413,566.8|425.8
118414,405.65|484.85
118415,264.55|421.85
118416,523.4|374.45
118417,339.75|332.35
118418,282.15|270.75
118419,471.85|475.1
118420,214.1|527.9
118421,464.0|580.3
118422,402.75|273.1
118423,433.7|490.85
118424,591.6|278.9
118425,587.5|584.45
118426,577.75|328.5
118427,558.1|243.4
118428,445.6|418.85
118429,220.6|508.1
118430,473.55|286.25
118431,410.9|562.8
118432,320.15|562.2
118433,259.35|400.5
118434,342.85|449.5
118435,532.4|524.05
118436,477.35|372.55
118437,376.65|381.1
118438,284.55|362.6
118439,355.25|333.1
118440,576.65|482.5
118441,572.5|362.1
118442,298.9|580.15
118443,239.85|581.4
118444,221.35|592.2
118445,214.9|406.4
118446,238.55|285.6
118447,246.5|208.15
118448,261.35|283.15
118449,553.85|587.85
118450,581.3|508.45
118451,522.05|499.4
118452,403.55|354.1
118453,479.15|321.75
118454,530.9|259.1
118455,473.8|460.45
118456,577.5|500.25
118457,385.05|387.4
118458,399.45|234.5
118459,378.85|590.1
118460,432.35|371.0
118461,588.6|407.65
118462,478.75|341.15
118463,460.0|449.9
118464,474.65|239.0
118465,209.95|536.05
118466,396.05|567.25
118467,520.1|386.45
118468,502.9|497.8
118469,526.2|448.05
118470,518.3|448.6
118471,260.0|289.85
118472,506.35|339.1
118473,235.35|568.8
118474,285.35|441.35
118475,351.3|453.85
118476,361.25|335.45
118477,269.1|477.85
118478,464.0|473.85
118479,376.5|348.75
118480,534.7|441.0
118481,418.2|568.45
118482,236.3|439.6
118483,275.55|485.25
118484,558.75|438.05
118485,355.0|207.0
118486,525.65|585.25
118487,418.2|242.65
118488,547.6|589.2
118489,254.9|437.4
118490,577.45|299.55
118491,279.2|393.7
118492,574.2|262.75
118493,344.7|238.6
118494,236.55|344.55
118495,347.8|220.9
118496,269.75|373.95
118497,472.5|341.55
118498,593.3|259.45
118499,423.55|257.05
118500,282.9|492.95
118501,547.45|493.65
118502,552.35|350.3
118503,404.85|555.2
118504,312.3|511.85
118505,432.65|560.1
118506,593.75|215.1
118507,364.8|514.15
118508,376.8|364.05
118509,207.25|477.75
118510,537.55|343.15
118511,537.6|493.7
118512,585.05|259.15
118513,559.3|470.9
118514,468.85|318.75
118515,434.5|230.7
118516,567.9|543.75
118517,238.0|380.15
118518,278.6|565.35
118519,563.45|571.05
118520,367.65|278.25
118521,561.75|476.1
118522,275.75|556.4
118523,353.5|289.75
118524,261.4|237.9
118525,243.5|300.05
118526,245.15|441.0
118527,323.05|347.3
118528,403.8|412.05
118529,446.05|305.5
118530,491.7|471.75
118531,401.25|573.7
118532,507.3|341.65
118533,383.85|265.05
118534,405.5|495.15
118535,410.35|297.0
118536,416.05|314.75
118537,550.45|582.35
118538,462.85|334.55
118539,254.35|348.5
118540,334.75|331.1
118541,447.5|519.0
118542,355.3|229.2
118543,387.55|493.3
118544,260.65|269.05
118545,409.2|550.85
118546,277.6|591.0
118547,356.25|315.3
118548,552.25|360.15
118549,341.85|416.4
118550,527.4|519.9
118551,355.3|400.25
118552,213.25|537.3
118553,370.45|272.65
118554,520.55|313.7
118555,567.15|409.95
118556,240.75|555.3
118557,542.75|522.85
118558,226.9|426.8
118559,581.9|206.95
118560,212.95|476.8
118561,419.15|410.25
118562,574.5|274.8
118563,380.5|591.4
118564,461.05|474.6
118565,477.3|344.45
118566,286.85|482.45
118567,291.05|546.5
118568,585.7|429.85
118569,357.45|394.7
118570,515.7|306.85
118571,340.45|442.9
118572,374.8|526.5
118573,588.8|217.1
118574,342.55|216.5
118575,536.05|547.5
118576,435.1|230.3
118577,528.5|432.15
118578,262.35|372.05
118579,366.35|356.75
118580,509.15|482.8
118581,467.5|288.3
118582,446.25|323.4
118583,473.75|485.15
118584,271.95|341.35
118585,590.05|503.85
118586,562.9|574.2
118587,539.85|541.15
118588,572.6|584.95
118589,420.95|210.1
118590,458.05|226.4
118591,228.45|590.1
118592,367.8|458.45
118593,236.5|446.9
118594,448.65|525.4
118595,580.05|337.5
118596,243.45|594.45
118597,565.65|588.0
118598,359.95|268.35
118599,441.6|465.9
118600,472.55|237.5
118601,527.0|267.25
118602,428.5|517.8
118603,575.5|414.4
118604,209.1|314.05
118605,580.9|334.5
118606,372.95|255.6
118607,537.85|579.15
118608,481.2|374.15
118609,286.7|437.85
118610,242.25|570.65
118611,206.6|299.3
118612,431.6|216.0
118613,367.8|292.85
118614,538.55|439.35
118615,414.05|299.25
118616,389.05|469.1
118617,446.75|439.2
118618,391.1|300.6
118619,402.3|592.65
118620,336.85|331.35
118621,432.85|590.5
118622,252.05|386.7
118623,512.6|504.25
118624,382.75|591.6
118625,573.4|235.05
118626,409.8|364.35
118627,312.55|366.5
118628,398.15|246.6
118629,551.45|294.7
118630,419.65|309.85
118631,539.9|349.6
118632,400.35|371.0
118633,438.8|229.75
118634,307.35|407.3
118635,529.95|340.95
118636,212.25|311.85
118637,468.0|390.5
118638,251.2|283.55
118639,424.95|266.25
118640,421.35|372.3
118641,220.15|486.35
118642,543.4|239.2
118643,454.35|268.4
118644,389.2|549.05
118645,393.85|231.6
118646,462.45|341.05
118647,540.05|453.1
118648,232.75|501.5
118649,525.45|571.7
118650,290.2|451.4
118651,355.75|557.65
118652,256.65|285.1
118653,573.65|459.85
118654,339.05|574.6
118655,359.1|239.75
118656,595.15|570.7
118657,558.45|234.5
118658,410.15|279.9
118659,582.35|557.65
118660,255.9|282.55
118661,316.05|321.8
118662,582.05|529.55
118663,570.5|522.15
118664,555.5|306.7
118665,554.95|307.6
118666,244.2|368.0
118667,463.45|471.35
118668,399.3|239.95
118669,289.4|328.0
118670,245.85|228.35
118671,464.95|381.75
118672,422.65|354.15
118673,271.0|268.65
118674,446.1|317.15
118675,216.05|306.55
118676,444.45|574.4
118677,418.45|443.85
118678,284.2|385.9
118679,445.9|439.35
118680,384.15|315.4
118681,260.8|555.65
118682,582.85|404.15
118683,560.25|233.25
118684,403.2|595.15
118685,295.0|340.0
118686,438.5|220.5
118687,412.95|579.05
118688,453.45|253.0
118689,480.0|458.8
118690,550.55|313.4
118691,267.15|356.15
118692,523.25|402.3
118693,382.1|474.1
118694,554.95|249.35
118695,279.65|576.35
118696,545.85|557.9
118697,394.85|290.15
118698,374.0|467.4
118699,399.05|569.85
118700,350.95|331.55
118701,276.9|258.15
118702,478.6|220.0
118703,533.8|427.35
118704,348.4|338.8
118705,486.9|440.4
118706,237.55|268.95
118707,281.1|488.3
118708,354.45|448.6
118709,554.2|550.75
118710,219.5|260.2
118711,546.1|580.95
118712,585.95|358.55
118713,298.0|331.5
118714,214.8|509.5
118715,344.85|529.3
118716,298.25|325.15
118717,249.25|307.25
118718,262.75|376.8
118719,544.5|332.4
118720,373.35|220.6
118721,549.85|532.55
118722,307.55|355.65
118723,563.0|296.85
118724,515.6|475.75
118725,348.85|510.3
118726,236.0|290.95
118727,486.45|293.4
118728,505.55|483.65
118729,550.8|525.85
118730,417.55|378.0
118731,336.55|266.35
118732,594.55|426.55
118733,571.6|439.65
118734,544.15|539.75
118735,467.35|241.15
118736,233.55|475.65
118737,208.0|584.75
118738,402.5|568.8
118739,215.2|437.45
118740,429.35|392.1
118741,564.6|457.95
118742,466.05|355.0
118743,390.4|213.3
118744,292.4|449.55
118745,339.45|339.2
118746,231.05|340.45
118747,588.1|502.95
118748,526.75|337.1
118749,258.05|219.65
118750,392.35|249.7
118751,580.55|262.65
118752,244.1|346.15
118753,208.8|587.9
118754,576.7|434.6
118755,399.75|299.5
118756,522.4|406.95
118757,225.05|564.8
118758,208.35|586.45
118759,563.65|423.15
118760,369.65|594.2
118761,388.7|300.6
118762,436.45|485.4
118763,555.1|248.65
118764,546.75|494.5
118765,372.3|212.35
118766,327.8|358.0
118767,552.55|419.35
118768,537.2|540.4
118769,391.7|278.55
118770,403.2|339.65
118771,260.9|578.9
118772,409.65|357.75
118773,582.65|335.9
118774,458.25|496.65
118775,509.0|524.8
118776,214.2|386.25
118777,540.6|226.1
118778,229.0|421.1
118779,241.55|298.3
118780,346.15|323.55
118781,576.2|506.95
118782,419.15|502.05
118783,347.0|453.2
118784,558.65|565.05
118785,500.8|463.4
118786,292.5|565.55
118787,373.2|384.4
118788,205.45|277.05
118789,474.65|315.1
118790,571.15|439.15
118791,247.3|564.2
118792,490.3|305.5
118793,494.65|229.75
118794,404.15|319.15
118795,351.7|287.95
118796,340.45|225.2
118797,366.8|253.75
118798,423.75|337.5
118799,240.05|264.7
118800,240.15|414.2
118801,364.95|345.35
118802,236.75|264.3
118803,348.35|272.95
118804,475.65|344.2
118805,478.75|311.3
118806,381.45|363.05
118807,321.2|373.0
118808,578.0|549.15
118809,434.8|382.95
118810,538.7|441.1
118811,540.75|508.45
118812,401.6|328.65
118813,588.8|212.35
118814,262.45|266.75
118815,475.0|356.1
118816,241.65|293.35
118817,341.95|247.25
118818,572.05|467.45
118819,592.35|468.85
118820,338.65|574.9
118821,208.05|323.45
118822,387.35|508.75
118823,204.75|459.4
118824,584.35|446.85
118825,228.4|255.2
118826,222.8|395.35
118827,575.7|355.2
118828,458.95|587.3
118829,289.7|428.5
118830,469.1|428.5
118831,517.5|466.65
118832,547.1|528.2
118833,590.95|354.95
118834,347.0|436.3
118835,555.65|332.3
118836,517.95|502.9
118837,538.9|546.7
118838,390.7|210.35
118839,274.25|254.55
118840,553.85|459.8
118841,345.05|281.15
118842,216.4|391.7
118843,548.9|460.05
118844,466.95|488.65
118845,352.65|229.7
118846,401.4|227.35
118847,370.85|303.1
118848,476.3|500.7
118849,411.8|547.85
118850,440.5|569.85
118851,541.35|349.35
118852,397.7|338.95
118853,412.95|590.7
118854,345.6|436.45
118855,459.3|364.8
118856,460.4|539.7
118857,223.45|404.75
118858,243.95|512.55
118859,393.35|592.75
118860,553.1|256.0
118861,387.1|293.5
118862,272.8|237.45
118863,389.3|555.0
118864,423.2|533.3
118865,384.8|528.4
118866,250.75|423.6
118867,268.8|364.1
118868,274.4|492.95
118869,590.25|359.55
118870,523.15|546.0
118871,251.35|478.85
118872,489.75|358.55
118873,419.0|482.9
118874,318.85|337.3
118875,395.45|209.3
118876,246.15|265.45
118877,585.25|505.5
118878,471.0|325.9
118879,379.45|384.6
118880,225.5|335.6
118881,555.1|380.9
118882,551.95|520.4
118883,481.65|258.8
118884,274.35|239.55
118885,569.8|416.25
118886,247.6|289.3
118887,422.7|316.8
118888,402.6|340.9
118889,435.85|481.55
118890,261.3|288.4
118891,252.45|584.85
118892,458.35|440.75
118893,533.85|428.65
118894,274.65|574.3
118895,479.5|552.1
118896,343.2|223.5
118897,318.5|329.35
118898,458.75|249.95
118899,585.0|500.25
118900,235.35|404.05
118901,456.05|578.2
118902,416.5|462.4
118903,478.2|478.2
118904,224.6|587.6
118905,593.05|380.4
118906,256.8|573.9
118907,218.55|213.75
118908,596.1|396.9
118909,491.15|224.0
118910,242.9|255.3
118911,350.75|502.1
118912,344.05|515.8
118913,579.35|428.15
118914,581.35|562.45
118915,530.6|538.75
118916,550.6|588.0
118917,528.15|502.0
118918,521.55|361.0
118919,592.8|350.0
118920,301.6|390.1
118921,537.6|532.45
118922,251.6|553.05
118923,335.75|430.15
118924,436.2|238.0
118925,387.7|267.85
118926,379.3|223.25
118927,219.8|406.35
118928,299.8|505.5
118929,391.25|364.15
118930,539.15|346.2
118931,484.75|240.45
118932,576.95|579.65
118933,443.4|400.05
118934,209.9|405.65
118935,405.2|286.6
118936,286.6|563.65
118937,592.05|476.9
118938,332.6|350.3
118939,207.0|500.95
118940,268.75|541.9
118941,206.25|252.65
118942,265.65|578.85
118943,241.95|359.65
118944,282.8|530.6
118945,415.85|366.9
118946,542.8|329.1
118947,450.35|437.75
118948,329.0|543.2
118949,482.65|323.85
118950,336.4|377.0
118951,236.65|396.25
118952,586.5|564.55
118953,410.15|226.45
118954,453.8|450.3
118955,563.15|460.1
118956,459.4|527.95
118957,460.25|537.15
118958,493.85|453.5
118959,575.55|365.75
118960,572.1|449.65
118961,228.9|436.1
118962,253.3|235.05
118963,338.8|261.5
118964,306.45|383.45
118965,429.15|379.25
118966,226.4|395.0
118967,586.5|230.85
118968,431.8|536.75
118969,247.35|591.8
118970,545.65|532.65
118971,382.6|459.5
118972,585.45|283.2
118973,380.7|550.0
118974,216.1|376.1
118975,469.7|431.1
118976,323.3|430.3
118977,385.65|281.1
118978,575.35|555.8
118979,282.5|441.15
118980,536.45|295.65
118981,471.9|495.5
118982,564.0|238.7
118983,387.35|310.0
118984,229.9|289.5
118985,293.05|532.6
118986,477.3|387.55
118987,242.75|500.5
118988,526.3|490.8
118989,217.3|316.5
118990,217.35|275.45
118991,381.55|240.6
118992,353.75|225.25
118993,581.55|546.95
118994,572.9|466.0
118995,498.35|532.65
118996,540.15|516.65
118997,347.45|422.4
118998,475.55|461.7
118999,453.05|464.95
119000,499.45|241.05
119001,410.65|488.35
119002,215.95|532.6
119003,221.0|313.35
119004,249.9|473.2
119005,222.15|481.7
119006,527.9|430.6
119007,572.1|436.75
119008,470.55|231.4
119009,402.0|486.4
119010,244.95|564.25
119011,355.25|379.7
119012,588.55|563.55
119013,561.9|530.7
119014,510.75|463.35
119015,529.95|442.15
119016,465.3|550.95
119017,267.1|278.55
119018,318.3|395.05
119019,593.15|557.05
119020,223.65|466.95
119021,518.6|418.75
119022,249.85|558.9
119023,476.25|328.05
119024,591.9|580.25
119025,569.55|242.1
119026,417.3|374.85
119027,227.7|447.65
119028,543.05|437.65
119029,494.9|313.85
119030,347.8|340.9
119031,390.05|332.5
119032,511.45|440.95
119033,516.6|224.85
119034,570.95|397.2
119035,362.7|333.5
119036,558.0|312.55
119037,456.75|320.95
119038,369.05|343.9
119039,422.95|280.6
119040,420.95|434.55
119041,275.25|327.1
119042,284.3|585.5
119043,555.9|489.7
119044,206.55|581.05
119045,385.15|490.9
119046,579.75|298.95
119047,516.7|423.45
119048,287.95|440.7
119049,294.65|529.15
119050,372.6|313.95
119051,538.0|233.25
119052,568.3|315.7
119053,363.5|488.85
119054,240.95|336.3
119055,516.85|480.6
119056,235.55|502.85
119057,401.7|229.2
119058,522.95|512.9
119059,573.5|400.0
119060,257.8|586.45
119061,394.9|270.4
119062,489.45|486.15
119063,570.45|284.35
119064,339.35|318.15
119065,424.5|298.25
119066,235.3|290.7
119067,410.3|382.3
119068,328.85|326.15
119069,492.35|254.35
119070,548.7|574.45
119071,397.6|580.85
119072,217.65|408.3
119073,207.1|461.15
119074,524.25|440.05
119075,502.45|486.0
119076,444.65|262.25
119077,574.35|339.95
119078,216.7|586.5
119079,530.05|552.45
119080,281.05|466.9
119081,556.8|229.6
119082,438.9|590.85
119083,588.45|441.7
119084,350.2|549.3
119085,220.7|404.05
119086,433.05|394.9
119087,481.15|467.55
119088,465.0|346.2
119089,401.25|492.4
119090,389.7|235.3
119091,560.6|571.0
119092,265.4|368.55
119093,226.75|280.85
119094,460.8|512.95
119095,292.4|497.8
119096,574.3|208.45
119097,364.4|500.2
119098,433.95|235.85
119099,301.8|384.95
119100,286.0|413.3
119101,459.5|463.2
119102,294.75|366.8
119103,260.25|404.5
119104,350.1|290.9
119105,528.7|537.55
119106,547.75|503.35
119107,574.6|292.75
119108,354.05|264.7
119109,236.1|216.45
119110,576.65|588.9
119111,502.05|518.6
119112,319.75|403.9
119113,425.9|256.8
119114,411.05|262.9
119115,321.8|320.25
119116,217.4|460.15
119117,475.2|441.3
119118,322.95|560.25
119119,244.5|264.25
119120,422.2|414.9
119121,302.2|491.1
119122,587.25|572.8
119123,467.15|487.9
119124,357.4|269.1
119125,240.15|353.45
119126,291.8|464.1
119127,257.35|284.2
119128,411.7|243.7
119129,359.0|425.55
119130,495.0|407.2
119131,256.55|411.6
119132,591.0|484.8
119133,271.5|278.0
119134,352.0|222.55
119135,554.9|264.65
119136,525.45|418.7
119137,291.65|332.75
119138,282.9|361.95
119139,287.35|487.3
119140,527.75|422.2
119141,588.9|282.5
119142,567.45|502.75
119143,373.35|467.75
119144,349.2|343.95
119145,422.35|584.15
119146,267.35|363.45
119147,432.85|400.6
119148,249.85|363.4
119149,301.9|568.6
119150,400.35|248.25
119151,403.15|334.9
119152,538.3|427.2
119153,590.25|436.05
119154,547.6|576.55
119155,269.85|580.75
119156,442.15|485.85
119157,544.0|589.3
119158,350.75|455.75
119159,415.5|208.3
119160,356.5|358.35
119161,418.25|270.0
119162,441.7|446.85
119163,493.0|353.35
119164,522.5|295.05
119165,216.9|303.15
119166,469.95|345.75
119167,420.75|586.8
119168,405.6|225.15
119169,383.9|345.25
119170,233.1|299.2
119171,415.35|418.85
119172,311.1|450.15
119173,574.4|432.95
119174,323.7|337.65
119175,209.0|538.1
119176,208.9|260.55
119177,468.95|281.7
119178,579.25|369.65
119179,267.05|493.55
119180,537.4|432.85
119181,417.8|408.1
119182,295.3|405.8
119183,245.9|576.35
119184,335.55|239.0
119185,210.8|498.6
119186,467.5|516.65
119187,548.3|559.0
119188,285.6|379.35
119189,413.3|277.9
119190,418.9|394.95
119191,524.0|550.55
119192,333.9|503.6
119193,467.15|264.95
119194,235.0|448.95
119195,491.5|357.6
119196,566.8|224.1
119197,459.0|414.55
119198,267.25|367.5
119199,471.9|455.35
119200,375.95|356.0
119201,263.1|489.7
119202,231.65|413.45
119203,257.85|543.05
119204,220.8|457.45
119205,285.65|461.75
119206,396.3|363.25
119207,407.2|296.3
119208,462.4|394.35
119209,352.9|224.0
119210,420.05|277.5
119211,505.5|449.15
119212,576.95|229.7
119213,342.7|536.1
119214,405.65|564.2
119215,573.25|291.55
119216,239.8|212.65
119217,465.3|490.8
119218,464.05|291.5
119219,555.05|224.8
119220,472.1|266.7
119221,549.05|513.3
119222,514.85|523.45
119223,379.5|352.1
119224,355.35|282.65
119225,294.1|451.95
119226,543.1|314.1
119227,374.1|211.0
119228,323.35|415.7
119229,405.5|501.1
119230,403.8|587.1
119231,413.5|419.6
119232,571.2|229.2
119233,444.85|567.65
119234,289.4|538.3
119235,218.7|493.75
119236,257.85|441.45
119237,382.05|504.5
119238,487.8|490.85
119239,474.0|290.55
119240,370.75|262.8
119241,374.55|553.0
119242,563.65|451.1
119243,534.7|353.05
119244,588.8|358.9
119245,435.2|592.1
119246,367.1|279.75
119247,264.5|551.7
119248,229.55|211.55
119249,276.6|398.7
119250,421.8|450.05
119251,291.6|408.1
119252,465.6|337.15
119253,379.95|205.25
119254,381.0|587.7
119255,460.7|370.65
119256,253.1|507.8
119257,320.8|348.25
119258,429.85|379.55
119259,352.35|530.85
119260,462.45|495.25
119261,386.4|564.95
119262,213.1|302.05
119263,256.1|582.65
119264,291.5|324.75
119265,225.55|423.75
119266,231.45|495.4
119267,380.9|513.85
119268,552.75|554.9
119269,448.5|446.3
119270,270.1|450.3
119271,522.7|292.7
119272,445.0|468.55
119273,426.45|479.45
119274,239.0|391.7
119275,578.45|441.0
119276,385.45|362.05
119277,413.6|587.3
119278,246.75|430.3
119279,513.65|487.35
119280,280.4|430.25
119281,386.5|423.2
119282,417.65|281.2
119283,539.65|529.0
119284,277.75|442.25
119285,481.45|477.5
119286,266.2|260.9
119287,270.05|551.4
119288,576.05|449.65
119289,291.95|545.5
119290,365.45|339.05
119291,278.65|360.5
119292,261.15|355.3
119293,257.75|559.25
119294,469.75|327.75
119295,571.3|539.2
119296,225.7|301.1
119297,211.8|391.25
119298,493.5|237.6
119299,573.25|531.7
119300,429.7|454.85
119301,569.3|260.25
119302,554.4|457.65
119303,391.95|334.55
119304,224.7|428.5
119305,281.85|578.5
119306,413.35|585.75
119307,224.05|378.45
119308,287.95|238.9
119309,395.65|446.7
119310,263.3|542.6
119311,540.85|571.65
119312,371.5|208.15
119313,233.2|326.85
119314,459.6|262.4
119315,382.2|594.95
119316,211.75|576.15
119317,245.55|297.55
119318,577.6|515.2
119319,533.6|296.75
119320,450.55|275.25
119321,527.9|341.5
119322,578.7|295.65
119323,581.45|375.6
119324,252.35|502.7
119325,250.3|377.1
119326,212.15|582.95
119327,580.5|305.0
119328,551.6|518.4
119329,442.7|357.85
119330,521.0|531.3
119331,206.05|462.05
119332,246.5|243.1
119333,205.05|382.8
119334,245.65|239.25
119335,590.05|357.75
119336,386.45|344.85
119337,543.55|286.45
119338,368.9|264.1
119339,517.95|515.0
119340,560.85|228.1
119341,484.05|350.2
119342,530.35|450.75
119343,403.75|333.5
119344,583.7|574.7
119345,212.8|227.35
119346,360.45|211.75
119347,467.3|369.35
119348,427.65|210.35
119349,515.6|479.95
119350,423.6|547.75
119351,359.8|425.1
119352,567.25|454.05
119353,334.95|548.15
119354,217.9|406.95
119355,568.15|310.8
119356,247.65|272.7
119357,249.9|538.55
119358,346.1|421.6
119359,416.7|249.95
119360,333.25|333.8
119361,404.7|373.95
119362,346.1|256.25
119363,335.6|253.75
119364,589.9|505.6
119365,251.7|473.2
119366,435.3|297.85
119367,221.7|505.45
119368,377.0|491.85
119369,571.4|488.25
119370,509.1|571.7
119371,260.85|222.35
119372,478.7|454.65
119373,459.45|461.55
119374,474.1|215.2
119375,266.05|214.25
119376,556.75|272.15
119377,423.5|582.8
119378,381.6|321.8
119379,237.8|515.0
119380,456.05|386.4
119381,214.0|321.0
119382,474.9|219.8
119383,272.65|367.65
119384,295.2|425.85
119385,575.45|556.05
119386,437.05|241.65
119387,244.6|423.25
119388,471.55|360.0
119389,388.75|505.7
119390,557.35|369.6
119391,537.1|242.3
119392,380.6|378.8
119393,240.2|525.9
119394,440.3|584.75
119395,352.75|541.9
119396,378.55|592.7
119397,368.9|250.35
119398,427.15|219.9
119399,529.9|327.25
119400,364.4|351.95
119401,585.6|253.45
119402,590.45|274.1
119403,557.7|429.65
119404,230.5|236.1
119405,517.1|552.5
119406,381.65|224.55
119407,341.65|351.25
119408,537.35|544.8
119409,554.75|514.2
119410,561.9|294.1
119411,412.05|439.35
119412,350.2|279.55
119413,272.2|464.2
119414,376.35|215.35
119415,566.35|427.7
119416,474.8|311.55
119417,382.9|368.65
119418,560.1|255.85
119419,424.8|347.3
119420,571.25|478.55
119421,562.5|587.95
119422,229.05|580.65
119423,593.25|578.8
119424,398.1|335.35
119425,365.6|504.85
119426,408.55|211.15
119427,561.7|468.45
119428,521.25|373.65
119429,581.65|304.85
119430,290.4|497.25
119431,558.35|382.0
119432,283.0|441.75
119433,210.5|455.85
119434,248.45|413.8
119435,536.25|334.0
119436,382.2|586.0
119437,275.45|588.05
119438,257.1|547.25
119439,226.0|470.3
119440,406.2|495.3
119441,522.2|502.9
119442,579.3|442.15
119443,252.85|551.35
119444,381.25|241.75
119445,308.9|328.3
119446,438.05|377.75
119447,587.7|339.2
119448,458.1|378.5
119449,591.3|293.05
119450,469.35|364.25
119451,240.5|245.85
119452,239.25|580.7
119453,274.95|272.45
119454,321.8|388.0
119455,472.95|323.5
119456,476.45|266.85
119457,570.65|538.9
119458,211.25|583.2
119459,213.0|254.05
119460,592.55|586.1
119461,276.6|281.35
119462,274.0|567.45
119463,522.5|542.05
119464,537.15|548.2
119465,490.95|467.9
119466,229.55|276.45
119467,252.3|237.9
119468,583.15|225.7
119469,436.95|518.35
119470,397.35|348.4
119471,401.95|367.65
119472,341.1|591.95
119473,478.4|256.9
119474,283.6|376.35
119475,232.7|534.55
119476,439.25|225.75
119477,273.6|209.9
119478,410.8|403.95
119479,423.65|563.55
119480,422.5|318.7
119481,227.65|270.65
119482,240.8|439.05
119483,219.4|565.2
119484,288.85|506.25
119485,450.1|586.9
119486,251.45|344.35
119487,545.35|228.5
119488,359.35|443.7
119489,372.6|345.0
119490,364.3|433.1
119491,473.05|501.4
119492,381.45|479.0
119493,512.4|453.1
119494,453.9|367.25
119495,377.25|286.75
119496,566.3|583.75
119497,542.95|534.9
119498,348.85|271.75
119499,441.35|538.95
119500,434.3|584.0
119501,534.3|451.1
119502,370.25|343.6
119503,354.1|211.55
119504,547.25|511.85
119505,408.4|428.65
119506,451.4|550.55
119507,293.0|346.0
119508,468.7|223.3
119509,365.9|397.05
119510,422.7|391.35
119511,411.3|411.45
119512,463.7|481.2
119513,383.05|412.8
119514,528.1|480.25
119515,342.4|532.15
119516,401.55|399.1
119517,208.7|322.8
119518,439.85|399.6
119519,416.85|317.05
119520,221.7|262.25
119521,216.15|478.4
119522,536.55|336.4
119523,345.2|470.5
119524,576.25|460.6
119525,543.3|491.05
119526,328.3|288.6
119527,416.3|578.25
119528,392.95|384.15
119529,211.7|379.7
119530,278.45|560.8
119531,493.85|351.75
119532,365.2|571.8
119533,472.4|313.75
119534,301.2|325.0
119535,528.0|536.9
119536,508.0|509.1
119537,271.25|350.4
119538,339.0|310.8
119539,258.65|546.5
119540,301.5|532.45
119541,576.35|567.1
119542,418.3|534.1
119543,451.7|232.05
119544,412.15|256.65
119545,290.05|418.7
119546,229.25|431.3
119547,283.65|445.35
119548,550.55|434.0
119549,455.85|306.55
119550,544.45|541.5
119551,232.65|258.3
119552,380.0|557.15
119553,383.85|494.65
119554,531.35|438.1
119555,355.3|434.55
119556,287.95|363.1
119557,421.35|245.35
119558,237.45|398.45
119559,263.05|235.25
119560,365.55|591.25
119561,462.4|443.05
119562,283.7|429.35
119563,217.55|332.85
119564,544.4|527.0
119565,260.45|266.5
119566,433.55|447.55
119567,329.8|415.85
119568,585.8|284.1
119569,336.15|545.15
119570,485.1|368.85
119571,442.0|227.0
119572,389.2|556.6
119573,533.95|557.85
119574,256.85|249.35
119575,417.1|221.7
119576,404.8|339.95
119577,268.2|421.65
119578,426.4|352.5
119579,344.75|586.0
119580,575.15|250.75
119581,520.0|447.35
119582,456.65|377.45
119583,448.2|309.6
119584,452.2|238.05
119585,422.05|489.45
119586,324.65|589.3
119587,466.5|288.05
119588,306.65|431.65
119589,571.65|267.05
119590,323.85|402.55
119591,217.0|496.2
119592,397.8|461.6
119593,225.35|483.8
119594,292.4|385.3
119595,420.2|368.0
119596,559.7|586.65
119597,243.85|368.7
119598,369.55|464.95
119599,400.45|578.65
119600,361.6|375.4
119601,509.45|481.1
119602,592.9|265.6
119603,371.15|234.45
119604,285.8|320.35
119605,271.25|390.6
119606,348.2|322.35
119607,348.6|464.4
119608,494.85|497.35
119609,345.4|569.55
119610,261.65|405.6
119611,399.15|323.0
119612,257.85|228.5
119613,486.85|431.4
119614,565.2|337.9
119615,374.4|511.85
119616,522.85|435.55
119617,559.75|548.8
119618,560.55|278.7
119619,366.15|349.35
119620,347.5|323.75
119621,447.9|405.85
119622,308.25|463.25
119623,417.65|283.6
119624,256.4|324.2
119625,228.6|563.4
119626,471.55|384.2
119627,304.65|437.65
119628,429.55|388.3
119629,348.3|583.5
119630,352.85|243.8
119631,238.1|585.1
119632,216.55|364.05
119633,393.85|483.1
119634,485.5|510.1
119635,348.4|279.15
119636,571.15|490.65
119637,303.85|415.0
119638,311.8|429.9
119639,547.5|251.45
119640,436.2|488.6
119641,515.0|510.55
119642,422.1|352.25
119643,345.8|425.45
119644,237.95|387.05
119645,549.9|588.3
119646,441.5|249.15
119647,216.95|408.6
119648,546.85|589.15
119649,561.5|566.25
119650,389.9|208.45
119651,358.5|531.3
119652,287.35|526.9
119653,424.4|559.2
119654,267.95|579.9
119655,541.2|437.7
119656,396.35|566.2
119657,453.6|538.4
119658,214.75|387.3
119659,402.95|579.6
119660,323.7|326.7
119661,556.6|456.1
119662,474.15|535.6
119663,382.9|514.25
119664,526.25|463.55
119665,241.9|251.3
119666,281.8|592.35
119667,209.1|504.45
119668,224.0|513.15
119669,398.35|321.85
119670,434.0|449.2
119671,419.35|243.7
119672,581.3|261.3
119673,350.6|205.95
119674,549.55|311.75
119675,227.05|428.65
119676,275.4|519.35
119677,286.1|444.15
119678,412.3|219.45
119679,235.4|329.3
119680,208.1|456.0
119681,210.35|245.75
119682,278.4|259.1
119683,523.1|442.55
119684,285.1|555.65
119685,488.6|371.05
119686,349.0|562.75
119687,404.05|336.3
119688,210.8|288.1
119689,220.25|525.1
119690,458.7|456.2
119691,364.5|579.3
119692,390.2|503.55
119693,214.0|321.75
119694,529.65|275.35
119695,476.5|306.3
119696,400.05|476.55
119697,470.05|280.6
119698,398.2|443.15
119699,548.75|355.3
119700,395.25|243.8
119701,574.5|561.45
119702,485.25|368.2
119703,578.0|567.3
119704,548.2|256.5
119705,349.0|209.05
119706,346.95|333.9
119707,280.8|441.15
119708,585.95|510.2
119709,530.55|549.9
119710,369.65|404.25
119711,239.75|508.35
119712,458.75|251.95
119713,395.5|380.8
119714,217.05|490.05
119715,258.7|496.95
119716,385.25|457.1
119717,223.45|237.4
119718,436.2|495.1
119719,430.45|570.7
119720,228.9|395.2
119721,294.35|452.65
119722,454.35|396.2
119723,254.15|207.45
119724,428.3|452.15
119725,237.15|525.55
119726,237.95|389.25
119727,375.5|576.25
119728,254.25|500.5
119729,434.6|430.65
119730,233.65|549.0
119731,509.1|510.2
119732,335.0|226.2
119733,450.0|219.4
119734,351.3|235.75
119735,340.75|390.1
119736,371.25|394.35
119737,319.55|344.0
119738,528.35|475.0
119739,446.85|406.3
119740,238.45|531.95
119741,419.6|560.4
119742,547.1|449.4
119743,440.6|553.55
119744,353.1|449.35
119745,358.55|582.55
119746,404.2|550.0
119747,395.05|514.45
119748,525.8|448.2
119749,425.35|271.75
119750,253.1|317.35
119751,430.55|353.6
119752,358.05|341.7
119753,344.25|408.95
119754,576.4|541.3
119755,320.2|330.85
119756,344.45|540.5
119757,527.8|499.15
119758,258.4|278.35
119759,406.65|340.15
119760,387.8|277.6
119761,282.45|579.95
119762,470.35|338.65
119763,405.2|508.85
119764,234.4|494.85
119765,246.0|564.7
119766,393.4|558.45
119767,229.1|571.4
119768,579.7|467.9
119769,322.3|494.5
119770,542.4|438.3
119771,531.45|525.9
119772,436.85|284.9
119773,501.35|377.35
119774,451.2|302.5
119775,482.65|241.35
119776,222.4|499.35
119777,292.7|327.55
119778,481.3|335.85
119779,419.9|319.1
119780,472.8|326.0
119781,570.7|485.0
119782,307.0|355.35
119783,401.85|447.85
119784,248.2|484.85
119785,432.15|336.8
119786,343.25|321.4
119787,400.35|391.3
119788,527.15|435.1
119789,580.15|217.25
119790,574.05|271.4
119791,343.35|339.4
119792,420.1|314.5
119793,585.2|581.9
119794,279.3|504.2
119795,400.35|283.05
119796,228.65|586.6
119797,404.25|435.2
119798,309.45|401.55
119799,545.0|222.05
119800,516.55|381.15
119801,458.55|436.75
119802,243.5|363.8
119803,458.15|323.5
119804,219.2|353.8
119805,567.6|326.15
119806,542.4|317.9
119807,276.2|231.05
119808,575.4|217.15
119809,405.7|457.6
119810,252.6|346.45
119811,322.35|345.15
119812,405.7|539.6
119813,352.6|523.65
119814,577.85|451.6
119815,559.95|224.1
119816,280.55|235.4
119817,207.5|568.7
119818,467.2|546.3
119819,230.4|383.9
119820,287.3|537.95
119821,495.25|451.7
119822,256.1|581.15
119823,354.1|396.6
119824,354.55|524.7
119825,230.7|324.75
119826,472.65|536.7
119827,568.3|473.5
119828,255.05|408.3
119829,512.7|496.75
119830,297.9|499.1
119831,563.65|219.35
119832,514.3|377.8
119833,289.15|432.65
119834,558.1|254.25
119835,375.8|311.9
119836,352.0|443.95
119837,542.25|289.35
119838,439.95|515.85
119839,534.4|408.65
119840,452.45|578.45
119841,590.5|294.95
119842,570.2|459.9
119843,234.45|464.15
119844,254.4|414.2
119845,208.35|311.95
119846,247.9|377.6
119847,285.3|377.5
119848,501.3|420.15
119849,251.3|555.8
119850,445.75|502.0
119851,365.75|218.85
119852,584.05|359.55
119853,433.95|520.45
119854,539.8|554.25
119855,484.05|261.15
119856,344.95|352.6
119857,561.2|592.2
119858,360.5|497.6
119859,558.6|408.1
119860,341.2|236.6
119861,472.25|299.25
119862,323.8|409.65
119863,351.45|443.85
119864,393.45|479.7
119865,375.5|495.05
119866,554.75|470.1
119867,414.25|350.3
119868,265.95|317.75
119869,541.65|549.2
119870,340.7|327.0
119871,350.75|217.1
119872,257.25|578.75
119873,382.6|261.25
119874,455.6|586.05
119875,281.65|384.9
119876,472.15|315.5
119877,429.3|388.25
119878,341.25|261.05
119879,401.45|219.45
119880,355.6|447.5
119881,275.9|351.1
119882,303.45|347.4
119883,356.9|345.25
119884,566.1|265.25
119885,533.4|421.8
119886,421.9|375.9
119887,271.65|318.4
119888,345.9|416.85
119889,595.25|584.0
119890,232.85|570.15
119891,290.25|222.3
119892,380.25|553.15
119893,464.65|435.85
119894,445.05|478.15
119895,366.95|346.6
119896,244.7|371.4
119897,557.55|533.85
119898,437.25|492.45
119899,388.9|511.65
119900,479.7|305.8
119901,399.25|342.6
119902,331.7|229.25
119903,377.3|366.6
119904,383.15|234.85
119905,429.3|292.9
119906,476.35|459.75
119907,345.75|335.55
119908,460.05|307.0
119909,344.8|379.85
119910,344.2|472.15
119911,546.1|584.25
119912,590.4|401.95
119913,323.05|414.95
119914,471.35|510.5
119915,468.25|529.3
119916,435.9|507.35
119917,451.75|388.0
119918,589.3|277.3
119919,522.7|502.3
119920,400.15|368.3
119921,524.6|449.6
119922,214.15|581.65
119923,306.7|344.55
119924,402.8|205.25
119925,363.5|499.8
119926,255.7|429.5
119927,579.8|404.55
119928,290.75|433.35
119929,222.85|575.35
119930,222.6|580.55
119931,460.65|429.25
119932,361.65|220.25
119933,247.3|537.1
119934,438.1|350.9
119935,227.2|303.05
119936,279.75|261.8
119937,280.25|520.8
119938,281.15|314.05
119939,480.95|225.4
119940,385.25|305.65
119941,576.0|211.0
119942,553.75|225.85
119943,364.65|577.05
119944,522.95|371.05
119945,270.75|497.1
119946,366.5|363.35
119947,589.5|573.05
119948,592.65|261.85
119949,381.8|296.75
119950,253.7|384.0
119951,398.15|327.75
119952,475.25|444.7
119953,484.95|220.6
119954,429.9|273.45
119955,354.85|381.55
119956,408.35|216.9
119957,253.2|567.35
119958,447.85|272.3
119959,469.25|268.8
119960,470.2|319.15
119961,546.2|444.6
119962,478.65|348.95
119963,258.7|224.15
119964,573.05|263.15
119965,550.25|584.0
119966,436.6|511.75
119967,536.4|479.85
119968,310.95|584.55
119969,375.25|444.0
119970,406.7|281.05
119971,294.65|577.95
119972,537.85|517.1
119973,456.45|510.2
119974,450.5|441.95
119975,240.0|298.4
119976,334.25|236.95
119977,293.5|412.6
119978,551.45|260.4
119979,464.6|391.6
119980,564.05|489.65
119981,581.35|394.2
119982,364.3|490.8
119983,404.35|341.6
119984,384.1|594.05
119985,359.75|274.05
119986,439.9|259.85
119987,244.75|333.55
119988,252.25|571.35
119989,287.6|456.25
119990,262.7|332.15
119991,589.95|478.15
119992,429.8|515.8
119993,278.35|283.85
119994,237.35|579.9
119995,553.85|333.95
119996,541.25|426.95
119997,547.9|525.55
119998,321.25|412.05
119999,387.8|357.65
120000,405.15|221.5
120001,592.7|218.3
120002,229.7|557.9
120003,408.85|377.45
120004,210.15|390.25
120005,303.4|336.0
120006,267.05|236.3
120007,362.55|577.55
120008,585.55|209.95
120009,216.45|378.4
120010,536.35|590.75
120011,405.95|291.2
120012,462.3|285.6
120013,367.5|360.15
120014,414.7|274.05
120015,293.15|342.25
120016,549.55|552.6
120017,453.6|511.15
120018,356.95|552.2
120019,350.05|329.7
120020,221.5|394.85
120021,352.25|556.0
120022,549.5|516.1
120023,252.65|304.6
120024,286.3|355.25
120025,575.9|451.25
120026,559.95|504.0
120027,222.6|408.6
120028,387.9|489.8
120029,433.1|517.85
120030,246.95|361.55
120031,572.85|395.35
120032,255.85|226.0
120033,593.8|260.85
120034,449.1|477.15
120035,273.2|268.95
120036,578.05|517.6
120037,583.5|365.75
120038,442.2|358.65
120039,425.75|308.15
120040,371.0|333.8
120041,550.35|221.55
120042,419.8|338.4
120043,471.95|448.4
120044,384.6|405.55
120045,411.35|287.75
120046,276.5|569.15
120047,327.95|323.6
120048,338.75|592.5
120049,244.3|223.6
120050,224.2|499.2
120051,374.45|451.4
120052,454.0|363.3
120053,459.9|384.85
120054,427.75|399.65
120055,214.6|473.4
120056,531.8|551.25
120057,332.4|339.25
120058,268.05|386.9
120059,222.2|585.55
120060,561.85|473.9
120061,464.05|423.1
120062,347.75|342.9
120063,588.4|586.6
120064,450.35|406.5
120065,476.4|333.3
120066,221.8|378.25
120067,223.6|429.05
120068,570.5|489.35
120069,378.85|327.8
120070,256.65|499.5
120071,448.5|400.15
120072,564.25|473.9
120073,236.75|516.95
120074,540.8|526.4
120075,584.5|542.8
120076,284.35|324.2
120077,588.2|507.75
120078,568.0|522.95
120079,251.95|315.5
120080,474.35|281.6
120081,433.15|242.7
120082,421.45|301.25
120083,479.55|288.4
120084,508.6|471.75
120085,508.75|514.9
120086,285.8|460.5
120087,285.0|328.15
120088,320.65|414.25
120089,586.3|513.55
120090,256.65|561.5
120091,414.2|396.7
120092,444.75|588.05
120093,476.1|515.55
120094,251.55|388.6
120095,561.55|459.8
120096,353.25|492.75
120097,397.45|579.3
120098,355.65|380.55
120099,335.25|582.4
120100,581.9|590.4
120101,391.05|590.6
120102,479.85|243.75
120103,374.25|589.35
120104,249.45|549.7
120105,467.4|538.4
120106,346.6|551.3
120107,256.6|336.3
120108,457.85|478.25
120109,588.65|418.95
120110,467.95|468.4
120111,472.45|433.55
120112,472.15|344.05
120113,236.6|490.55
120114,227.95|563.45
120115,353.8|538.6
120116,509.6|461.55
120117,234.65|413.6
120118,362.05|331.5
120119,515.0|360.85
120120,399.45|582.9
120121,447.65|477.35
120122,428.2|312.5
120123,526.65|303.75
120124,366.75|392.2
120125,476.1|355.95
120126,579.3|341.1
120127,299.2|327.55
120128,369.65|390.9
120129,304.75|317.5
120130,338.6|332.65
120131,252.95|290.85
120132,463.75|547.8
120133,365.65|280.95
120134,335.95|329.2
120135,479.7|325.3
120136,494.0|453.25
120137,514.75|493.95
120138,578.7|211.3
120139,245.85|314.1
120140,357.4|525.15
120141,516.4|385.1
120142,351.4|329.4
120143,326.0|359.6
120144,377.65|375.8
120145,578.8|237.25
120146,573.9|214.85
120147,457.85|386.2
120148,344.7|516.65
120149,268.9|588.2
120150,534.45|521.95
120151,437.6|236.0
120152,591.3|395.7
120153,207.3|589.7
120154,339.7|397.6
120155,481.25|409.05
120156,460.25|581.75
120157,226.55|241.65
120158,269.85|548.4
120159,484.5|350.4
120160,448.55|584.9
120161,473.2|227.75
120162,575.2|328.55
120163,322.5|401.55
120164,287.35|551.85
120165,212.8|252.65
120166,459.95|226.6
120167,547.35|336.15
120168,429.85|500.35
120169,404.65|300.65
120170,287.35|456.1
120171,217.75|531.05
120172,356.35|451.85
120173,360.65|587.5
120174,535.15|466.1
120175,425.85|478.1
120176,479.9|467.2
120177,205.3|408.95
120178,544.65|536.1
120179,344.65|427.9
120180,554.9|417.0
120181,272.5|576.85
120182,283.0|355.6
120183,454.6|379.0
120184,441.85|463.25
120185,565.15|295.85
120186,284.75|276.55
120187,289.85|333.6
120188,528.95|336.45
120189,364.15|334.6
120190,473.95|369.05
120191,212.7|330.05
120192,591.05|576.95
120193,278.9|272.4
120194,531.1|545.55
120195,281.35|539.55
120196,566.9|310.75
120197,450.5|550.65
120198,289.95|463.1
120199,275.2|346.6
120200,509.85|477.1
120201,404.6|328.45
120202,285.2|542.35
120203,325.95|494.45
120204,454.05|526.0
120205,589.95|424.55
120206,436.4|460.35
120207,261.1|554.1
120208,402.75|501.8
120209,529.45|446.15
120210,267.95|387.9
120211,591.5|513.15
120212,211.8|238.55
120213,584.0|213.0
120214,407.95|324.6
120215,529.5|520.15
120216,407.3|459.95
120217,592.6|408.95
120218,415.65|495.95
120219,476.9|467.55
120220,457.55|243.8
120221,589.6|481.45
120222,352.8|457.5
120223,262.95|226.85
120224,372.3|499.95
120225,575.25|299.65
120226,585.3|375.75
120227,353.45|387.85
120228,339.2|493.35
120229,364.35|235.9
120230,403.05|444.35
120231,427.15|407.3
120232,577.9|305.65
120233,228.5|586.05
120234,347.35|261.95
120235,489.45|488.7
120236,444.15|561.25
120237,450.0|297.2
120238,547.55|539.75
120239,457.7|516.5
120240,282.8|590.5
120241,211.85|565.45
120242,429.75|449.6
120243,248.65|553.8
120244,374.35|218.5
120245,380.0|444.25
120246,480.15|325.15
120247,280.5|546.9
120248,386.05|347.05
120249,549.85|526.6
120250,362.6|537.3
120251,487.4|228.15
120252,379.55|340.65
120253,456.2|260.5
120254,458.85|528.35
120255,267.45|418.05
120256,214.75|298.2
120257,381.05|580.45
120258,278.75|448.05
120259,421.65|365.25
120260,484.65|311.45
120261,576.6|410.45
120262,236.45|416.95
120263,389.2|279.55
120264,588.45|592.65
120265,418.4|580.3
120266,222.65|453.9
120267,238.65|538.95
120268,283.7|362.5
120269,478.4|370.75
120270,476.45|313.3
120271,300.8|510.55
120272,439.85|577.2
120273,263.2|564.15
120274,275.0|568.9
120275,226.85|523.4
120276,546.65|546.4
120277,575.1|362.95
120278,428.55|373.15
120279,365.05|527.85
120280,228.3|298.05
120281,213.0|378.9
120282,411.5|378.15
120283,583.55|225.25
120284,488.65|318.35
120285,287.75|396.25
120286,589.1|241.2
120287,283.25|378.65
120288,462.5|481.5
120289,305.1|534.0
120290,267.2|327.45
120291,263.05|276.5
120292,345.8|396.2
120293,390.75|296.05
120294,405.95|533.05
120295,574.4|556.95
120296,264.85|279.7
120297,439.8|446.25
120298,502.25|485.0
120299,535.9|411.55
120300,299.75|284.25
120301,461.2|265.65
120302,491.5|250.5
120303,334.05|421.6
120304,254.9|272.6
120305,410.95|265.8
120306,466.35|220.3
120307,263.9|254.15
120308,208.3|492.1
120309,489.65|275.15
120310,576.65|287.6
120311,415.35|304.55
120312,344.4|333.75
120313,287.95|536.8
120314,530.35|400.1
120315,243.55|356.15
120316,289.65|413.9
120317,268.2|346.95
120318,460.05|246.95
120319,354.05|240.9
120320,369.7|452.55
120321,378.25|582.25
120322,444.3|574.3
120323,417.2|473.65
120324,293.1|393.7
120325,399.05|397.15
120326,458.05|529.25
120327,462.35|401.75
120328,256.05|383.25
120329,452.15|477.9
120330,214.05|587.7
120331,398.5|334.25
120332,240.65|308.1
120333,427.55|239.6
120334,418.1|474.9
120335,221.2|279.75
120336,566.6|507.65
120337,421.9|590.4
120338,346.2|537.55
120339,454.5|504.95
120340,281.6|483.05
120341,347.1|345.9
120342,590.0|257.9
120343,553.7|472.0
120344,357.55|368.75
120345,436.7|576.3
120346,378.3|218.1
120347,378.35|413.25
120348,278.35|485.1
120349,591.05|478.35
120350,286.6|550.2
120351,440.65|451.55
120352,362.4|432.9
120353,281.0|301.1
120354,549.15|271.05
120355,550.35|282.0
120356,236.35|453.6
120357,244.75|413.05
120358,473.55|362.65
120359,266.6|574.5
120360,401.95|474.0
120361,237.05|245.8
120362,436.1|398.05
120363,428.7|572.25
120364,246.05|427.2
120365,497.1|468.55
120366,267.35|588.1
120367,582.25|470.4
120368,211.25|584.55
120369,240.65|427.8
120370,247.85|221.05
120371,344.1|264.35
120372,465.45|569.9
120373,403.3|362.4
120374,327.5|532.05
120375,409.55|226.8
120376,365.65|340.35
120377,478.85|221.9
120378,273.2|556.0
120379,344.05|236.7
120380,588.15|359.5
120381,401.95|292.05
120382,543.5|276.35
120383,388.15|285.95
120384,318.15|363.55
120385,298.9|428.3
120386,285.7|454.45
120387,581.9|384.95
120388,537.2|305.1
120389,441.9|396.75
120390,230.6|491.5
120391,590.65|424.45
120392,578.0|297.15
120393,532.55|336.25
120394,423.0|467.4
120395,526.2|487.25
120396,362.75|507.15
120397,268.5|322.75
120398,465.8|475.7
120399,564.35|429.0
120400,284.05|509.3
120401,486.1|470.05
120402,365.55|473.9
120403,462.1|571.65
120404,404.7|359.7
120405,526.1|430.9
120406,434.2|227.25
120407,337.6|419.8
120408,433.2|524.5
120409,451.7|588.45
120410,233.9|574.1
120411,411.05|462.05
120412,348.75|529.8
120413,319.3|425.3
120414,532.9|571.65
120415,287.6|514.2
120416,547.35|556.6
120417,398.4|390.05
120418,229.0|276.4
120419,471.5|465.3
120420,405.2|509.45
120421,468.15|320.2
120422,592.1|270.4
120423,209.25|243.1
120424,252.8|248.25
120425,542.1|401.7
120426,383.8|348.85
120427,279.45|518.65
120428,343.35|405.7
120429,548.5|542.5
120430,541.35|449.9
120431,351.4|570.5
120432,221.0|407.05
120433,568.6|446.3
120434,411.7|404.25
120435,591.55|383.2
120436,372.3|596.2
120437,586.45|210.05
120438,433.55|403.8
120439,364.3|210.9
120440,574.8|218.15
120441,227.75|211.85
120442,479.7|527.0
120443,286.4|494.2
120444,582.15|371.45
120445,431.1|310.5
120446,582.85|331.1
120447,216.95|470.2
120448,385.6|268.0
120449,243.0|446.45
120450,412.45|436.7
120451,482.25|254.65
120452,343.7|502.25
120453,476.9|465.45
120454,285.7|462.6
120455,368.35|390.2
120456,547.65|510.6
120457,553.4|248.3
120458,442.25|424.65
120459,447.95|454.7
120460,338.35|454.5
120461,580.0|503.45
120462,264.65|591.8
120463,569.8|407.0
120464,407.55|364.1
120465,539.95|450.15
120466,580.95|520.85
120467,270.6|567.85
120468,220.6|351.4
120469,465.5|219.45
120470,383.1|326.95
120471,570.3|360.1
120472,372.65|307.75
120473,514.6|491.3
120474,467.9|474.8
120475,289.45|327.0
120476,492.45|227.45
120477,343.35|567.1
120478,438.3|443.85
120479,359.0|559.1
120480,557.75|219.5
120481,429.45|444.8
120482,335.95|234.3
120483,588.4|476.3
120484,576.7|238.65
120485,554.8|317.65
120486,503.2|531.05
120487,350.1|244.25
120488,252.15|433.4
120489,465.5|329.5
120490,255.1|555.5
120491,251.95|473.8
120492,369.3|236.8
120493,249.05|405.4
120494,514.05|483.9
120495,218.0|475.55
120496,590.95|430.45
120497,255.35|320.15
120498,321.2|370.55
120499,219.8|230.4
120500,469.25|231.05
120501,367.9|321.15
120502,459.4|564.9
120503,344.4|560.3
120504,342.9|253.45
120505,422.95|244.2
120506,279.15|260.55
120507,538.9|537.35
120508,530.8|519.55
120509,252.35|253.55
120510,528.5|308.55
120511,589.45|368.35
120512,203.7|400.4
120513,511.3|361.9
120514,241.7|309.3
120515,432.25|578.55
120516,249.65|298.4
120517,256.55|397.55
120518,485.25|492.4
120519,343.15|321.8
120520,518.45|513.95
120521,499.4|379.15
120522,418.2|244.45
120523,470.0|529.7
120524,472.25|297.3
120525,324.65|563.1
120526,283.65|447.05
120527,591.3|295.35
120528,399.1|593.0
120529,280.75|477.35
120530,400.0|541.95
120531,249.0|229.2
120532,469.4|319.55
120533,582.95|565.35
120534,350.2|500.9
120535,466.3|500.95
120536,383.5|500.6
120537,585.9|418.95
120538,519.45|365.7
120539,268.15|579.5
120540,318.5|385.65
120541,296.15|329.1
120542,543.75|523.35
120543,577.55|249.65
120544,592.1|428.8
120545,338.15|338.15
120546,465.05|273.45
120547,399.95|321.85
120548,218.05|584.6
120549,280.05|583.2
120550,318.0|250.95
120551,412.8|556.05
120552,411.55|386.1
120553,472.35|352.0
120554,454.05|521.8
120555,257.85|577.1
120556,427.4|374.15
120557,593.4|385.9
120558,415.4|475.75
120559,443.9|443.3
120560,455.5|219.65
120561,271.8|322.55
120562,235.5|272.6
120563,296.8|555.85
120564,402.05|590.95
120565,385.3|488.45
120566,462.9|288.35
120567,351.85|448.0
120568,381.25|287.9
120569,339.7|408.45
120570,281.25|593.9
120571,246.7|503.9
120572,530.35|539.8
120573,549.65|238.75
120574,287.5|446.55
120575,466.85|456.8
120576,595.4|505.55
120577,246.05|468.9
120578,581.9|574.0
120579,575.55|474.8
120580,354.45|252.55
120581,211.95|277.25
120582,392.95|499.15
120583,408.4|503.35
120584,403.25|325.95
120585,344.45|473.75
120586,272.9|280.05
120587,434.2|226.65
120588,264.2|401.65
120589,411.5|487.95
120590,211.2|395.8
120591,216.8|412.7
120592,228.45|344.35
120593,379.15|571.75
120594,406.45|218.6
120595,280.55|577.5
120596,265.7|398.6
120597,276.1|408.75
120598,246.05|300.0
120599,477.05|491.2
120600,343.05|526.0
120601,453.65|502.35
120602,526.8|501.8
120603,576.45|395.05
120604,530.1|459.5
120605,276.4|240.15
120606,575.25|300.55
120607,354.05|444.75
120608,534.75|590.4
120609,399.15|576.1
120610,550.45|580.6
120611,505.55|486.3
120612,245.35|406.6
120613,367.65|282.75
120614,346.45|270.75
120615,403.75|365.65
120616,346.85|417.45
120617,560.65|473.9
120618,235.25|320.1
120619,334.0|330.8
120620,590.95|579.6
120621,354.75|413.4
120622,370.85|226.25
120623,264.2|254.95
120624,386.0|349.9
120625,571.5|568.75
120626,368.55|222.6
120627,539.8|455.75
120628,382.4|356.3
120629,563.25|452.9
120630,530.1|484.1
120631,441.05|438.0
120632,448.1|387.45
120633,555.55|315.25
120634,213.15|218.35
120635,284.65|382.2
120636,284.5|464.0
120637,402.0|338.05
120638,403.3|405.7
120639,403.5|494.5
120640,268.55|531.1
120641,298.35|570.15
120642,251.7|385.85
120643,361.0|325.45
120644,228.75|236.05
120645,580.4|393.35
120646,479.3|459.35
120647,561.55|469.5
120648,236.05|591.45
120649,450.45|301.65
120650,396.6|501.4
120651,392.5|341.05
120652,355.9|583.5
120653,588.15|558.05
120654,450.05|270.85
120655,532.9|461.75
120656,561.75|345.05
120657,354.55|292.25
120658,410.7|498.4
120659,469.2|334.65
120660,392.6|279.5
120661,428.85|480.6
120662,427.15|376.45
120663,251.7|591.4
120664,266.35|345.75
120665,275.9|229.9
120666,322.65|570.2
120667,351.6|224.4
120668,208.8|242.4
120669,434.95|580.75
120670,461.65|432.45
120671,257.75|241.25
120672,337.9|311.05
120673,469.55|553.05
120674,319.95|358.45
120675,405.5|320.5
120676,389.3|254.7
120677,270.25|573.45
120678,420.55|262.6
120679,271.15|284.1
120680,587.6|576.4
120681,239.4|590.4
120682,313.05|410.2
120683,481.6|396.55
120684,577.2|389.65
120685,344.6|535.7
120686,411.5|581.3
120687,581.0|347.5
120688,561.7|306.9
120689,591.1|410.2
120690,248.6|521.0
120691,216.55|241.8
120692,589.6|375.8
120693,210.4|587.75
120694,239.95|544.35
120695,453.2|550.5
120696,273.5|445.95
120697,256.6|277.35
120698,228.2|227.75
120699,345.05|220.5
120700,248.25|296.95
120701,386.15|342.55
120702,371.1|570.5
120703,210.35|459.45
120704,575.05|429.1
120705,247.6|570.0
120706,336.25|389.3
120707,413.05|502.1
120708,460.75|451.4
120709,306.9|394.25
120710,586.3|557.9
120711,262.45|501.65
120712,531.8|477.15
120713,339.2|401.45
120714,306.85|397.6
120715,519.65|503.25
120716,263.8|275.45
120717,222.3|280.85
120718,289.05|483.35
120719,386.55|436.65
120720,454.5|447.35
120721,413.15|284.4
120722,561.5|369.45
120723,528.85|254.4
120724,441.8|404.3
120725,592.4|568.65
120726,215.0|470.55
120727,279.55|331.55
120728,364.2|398.3
120729,222.5|381.8
120730,362.7|271.45
120731,214.5|398.85
120732,372.2|251.5
120733,277.75|399.25
120734,470.4|237.35
120735,417.45|299.7
120736,357.55|271.55
120737,241.05|474.5
120738,585.9|535.4
120739,209.25|309.4
120740,429.25|475.65
120741,373.05|248.45
120742,255.15|221.45
120743,492.8|513.9
120744,456.5|538.55
120745,455.75|421.1
120746,363.75|344.0
120747,231.45|244.25
120748,462.1|291.75
120749,478.3|485.4
120750,351.5|256.75
120751,353.55|439.05
120752,295.55|584.3
120753,230.65|214.4
120754,456.2|368.5
120755,579.6|463.25
120756,270.95|235.1
120757,218.0|573.95
120758,461.15|549.6
120759,267.4|460.05
120760,221.9|445.95
120761,337.35|448.75
120762,326.25|432.1
120763,380.75|278.65
120764,402.5|403.95
120765,345.4|433.3
120766,283.4|582.95
120767,579.3|404.65
120768,239.7|361.2
120769,406.25|455.6
120770,567.9|565.9
120771,468.75|435.1
120772,519.65|488.6
120773,473.85|466.3
120774,277.9|534.3
120775,539.4|499.15
120776,534.0|577.85
120777,472.7|313.0
120778,230.1|557.55
120779,403.95|238.15
120780,344.5|221.25
120781,353.65|456.6
120782,281.15|506.3
120783,259.35|217.65
120784,418.45|531.95
120785,243.35|495.5
120786,566.1|223.2
120787,592.05|408.4
120788,336.75|442.75
120789,432.9|585.8
120790,227.8|387.1
120791,461.1|352.15
120792,587.95|486.95
120793,220.2|232.25
120794,250.95|487.6
120795,223.1|581.65
120796,224.85|472.35
120797,555.65|280.35
120798,345.65|239.0
120799,207.15|461.05
120800,277.55|438.6
120801,532.45|321.75
120802,287.35|588.3
120803,362.2|340.2
120804,392.8|317.25
120805,333.2|345.2
120806,217.05|575.55
120807,389.15|493.35
120808,566.55|321.1
120809,591.8|371.75
120810,208.65|381.55
120811,239.95|420.6
120812,238.0|360.25
120813,467.7|471.05
120814,584.5|583.0
120815,419.1|467.2
120816,459.8|474.7
120817,211.85|586.9
120818,565.5|448.2
120819,581.85|492.75
120820,424.6|221.8
120821,565.5|486.05
120822,246.7|583.3
120823,476.85|236.8
120824,381.5|228.05
120825,417.25|505.85
120826,413.0|581.0
120827,303.75|541.5
120828,565.0|377.05
120829,389.75|400.2
120830,569.15|536.35
120831,440.75|402.3
120832,230.0|405.55
120833,337.65|372.25
120834,238.55|408.0
120835,222.15|490.15
120836,254.35|564.45
120837,308.85|491.35
120838,457.8|464.25
120839,368.95|575.55
120840,592.85|494.45
120841,585.35|405.0
120842,388.05|357.85
120843,293.6|396.1
120844,290.15|344.55
120845,567.0|290.65
120846,566.15|486.4
120847,210.7|589.1
120848,227.2|407.05
120849,206.75|333.45
120850,445.6|374.8
120851,583.95|263.8
120852,583.05|416.25
120853,540.2|330.45
120854,244.85|296.8
120855,339.75|344.4
120856,287.05|550.7
120857,559.9|565.4
120858,571.6|228.3
120859,445.45|240.1
120860,418.65|362.3
120861,537.65|351.85
120862,558.45|492.8
120863,364.6|278.4
120864,485.1|507.2
120865,581.05|378.4
120866,270.3|583.0
120867,301.15|577.2
120868,581.85|308.65
120869,338.9|561.45
120870,367.45|397.35
120871,413.75|560.75
120872,563.85|258.6
120873,269.4|528.5
120874,445.95|499.5
120875,573.45|287.95
120876,461.25|213.4
120877,368.9|439.25
120878,540.7|555.15
120879,274.85|346.25
120880,470.9|325.75
120881,361.65|344.1
120882,510.4|469.25
120883,519.7|490.9
120884,339.7|585.65
120885,588.2|353.25
120886,587.75|352.65
120887,398.75|235.8
120888,576.7|262.35
120889,405.7|215.1
120890,293.05|333.65
120891,576.4|293.15
120892,548.4|326.6
120893,346.9|381.45
120894,404.4|473.95
120895,276.1|560.25
120896,278.55|393.55
120897,208.6|568.2
120898,376.35|209.15
120899,402.65|585.1
120900,565.05|529.5
120901,204.45|496.95
120902,219.85|475.9
120903,261.55|278.85
120904,561.15|495.2
120905,314.0|364.5
120906,408.8|535.65
120907,350.8|583.9
120908,284.15|241.7
120909,555.25|543.8
120910,557.3|460.85
120911,250.95|224.1
120912,288.85|326.9
120913,280.35|368.15
120914,581.0|346.55
120915,348.05|334.95
120916,385.75|445.95
120917,223.55|425.3
120918,558.35|541.55
120919,584.85|510.05
120920,574.65|442.0
120921,240.8|353.9
120922,557.05|484.7
120923,251.2|451.0
120924,371.35|488.1
120925,344.5|257.0
120926,218.3|258.75
120927,363.0|269.75
120928,207.3|465.45
120929,576.2|213.9
120930,531.65|440.1
120931,425.15|427.2
120932,231.15|519.75
120933,396.15|574.95
120934,535.85|590.35
120935,207.95|233.7
120936,353.25|537.15
120937,231.95|554.2
120938,269.35|413.7
120939,344.5|328.6
120940,246.75|475.65
120941,344.75|529.4
120942,405.65|236.6
120943,552.6|321.95
120944,259.3|383.75
120945,433.25|512.1
120946,354.45|544.25
120947,226.05|473.1
120948,531.25|409.4
120949,430.5|239.75
120950,252.65|230.7
120951,231.25|568.0
120952,355.35|446.65
120953,590.6|374.8
120954,536.7|543.95
120955,410.45|213.85
120956,242.8|430.5
120957,342.25|466.6
120958,299.0|431.05
120959,400.9|588.7
120960,496.05|457.45
120961,592.15|555.8
120962,396.05|554.75
120963,555.25|575.55
120964,349.8|554.55
120965,570.05|532.0
120966,349.45|499.0
120967,568.4|480.35
120968,267.35|282.5
120969,445.0|561.6
120970,492.55|515.8
120971,369.2|521.25
120972,580.2|379.9
120973,260.5|558.45
120974,516.0|452.85
120975,546.2|538.65
120976,414.05|576.4
120977,242.15|546.45
120978,293.65|378.6
120979,212.55|307.2
120980,533.95|328.45
120981,450.85|328.95
120982,342.3|584.7
120983,227.3|425.6
120984,268.45|346.3
120985,213.2|520.0
120986,473.7|335.55
120987,466.0|483.65
120988,502.35|394.9
120989,261.4|314.1
120990,262.15|221.3
120991,230.8|321.0
120992,481.4|495.1
120993,219.85|243.15
120994,240.1|548.0
120995,385.0|533.7
120996,530.95|285.4
120997,239.45|215.0
120998,424.9|243.55
120999,241.6|507.6
121000,529.8|528.25
121001,304.1|423.25
121002,477.55|497.75
121003,411.05|220.9
121004,547.9|500.5
121005,307.9|358.35
121006,578.3|394.3
121007,232.8|244.75
121008,423.45|564.1
121009,580.35|568.6
121010,320.3|325.85
121011,338.85|593.75
121012,508.3|449.7
121013,385.85|481.85
121014,271.35|447.2
121015,567.75|545.95
121016,272.85|555.45
121017,422.2|432.55
121018,251.75|558.05
121019,230.05|487.85
121020,231.7|296.1
121021,470.95|266.6
121022,555.4|288.25
121023,432.1|244.05
121024,309.55|347.75
121025,280.8|462.95
121026,555.9|450.25
121027,207.4|534.7
121028,582.95|593.25
121029,469.55|240.55
121030,480.75|480.1
121031,210.25|463.5
121032,416.75|274.35
121033,438.15|515.85
121034,545.45|341.1
121035,327.2|433.0
121036,270.65|579.15
121037,405.6|461.3
121038,547.1|531.4
121039,448.5|266.75
121040,569.75|453.4
121041,358.7|442.85
121042,236.95|542.7
121043,260.25|248.75
121044,268.5|346.4
121045,361.6|291.7
121046,565.95|585.15
121047,569.8|263.4
121048,368.2|436.1
121049,339.45|486.4
121050,441.15|292.15
121051,352.95|227.5
121052,347.1|228.25
121053,554.0|380.9
121054,542.35|488.2
121055,355.4|259.85
121056,416.3|250.1
121057,222.45|317.55
121058,217.75|215.95
121059,478.55|316.55
121060,370.1|406.55
121061,516.75|443.2
121062,491.9|369.9
121063,414.05|437.2
121064,344.75|235.35
121065,472.8|533.0
121066,453.0|353.1
121067,280.55|539.75
121068,528.3|319.4
121069,357.25|247.05
121070,343.2|298.5
121071,581.35|280.5
121072,340.5|226.5
121073,560.15|234.35
121074,286.05|468.5
121075,571.6|293.95
121076,569.6|372.45
121077,536.2|286.75
121078,391.5|474.5
121079,292.35|423.85
121080,434.45|456.6
121081,408.0|582.25
121082,218.95|388.05
121083,558.25|483.05
121084,382.95|494.35
121085,225.2|272.65
121086,587.95|397.15
121087,556.2|410.6
121088,235.35|423.4
121089,311.9|330.2
121090,221.35|295.45
121091,412.65|289.3
121092,548.25|559.25
121093,343.35|273.65
121094,391.35|504.8
121095,585.15|359.8
121096,564.05|241.35
121097,366.8|351.25
121098,265.6|533.8
121099,506.85|492.55
121100,452.2|585.75
121101,219.6|441.55
121102,488.55|266.65
121103,208.55|590.15
121104,582.15|502.75
121105,226.35|337.95
121106,560.85|495.2
121107,388.25|361.6
121108,371.85|274.6
121109,283.5|434.45
121110,319.7|373.2
121111,289.65|536.9
121112,345.75|574.7
121113,240.45|347.55
121114,280.65|427.85
121115,525.1|501.75
121116,257.2|569.2
121117,441.8|242.55
121118,351.35|237.85
121119,233.2|491.55
121120,355.15|594.3
121121,456.1|588.2
121122,561.9|475.45
121123,292.2|366.35
121124,411.4|441.9
121125,255.55|318.55
121126,388.95|509.65
121127,212.1|587.0
121128,283.2|590.05
121129,446.4|363.55
121130,251.55|278.7
121131,569.8|407.5
121132,281.75|360.85
121133,330.7|523.6
121134,222.45|416.5
121135,235.3|408.5
121136,223.6|438.0
121137,345.1|298.5
121138,402.55|579.3
121139,404.8|495.3
121140,436.5|262.1
121141,428.15|215.2
121142,530.95|441.6
121143,260.6|530.7
121144,369.05|392.85
121145,275.3|377.2
121146,459.8|438.95
121147,533.85|424.55
121148,260.5|287.85
121149,341.15|373.8
121150,282.6|288.8
121151,562.75|591.3
121152,378.15|280.55
121153,573.5|266.0
121154,365.9|592.45
121155,524.5|441.8
121156,370.65|211.85
121157,287.0|398.5
121158,510.25|516.8
121159,346.55|335.25
121160,388.75|364.4
121161,567.55|325.95
121162,281.45|279.05
121163,263.1|537.6
121164,427.7|218.3
121165,208.65|540.4
121166,459.35|285.0
121167,390.6|344.0
121168,361.05|556.55
121169,355.7|391.55
121170,446.55|565.35
121171,426.45|506.75
121172,208.7|229.35
121173,372.65|211.15
121174,588.9|360.45
121175,582.8|495.5
121176,278.35|350.6
121177,583.4|255.2
121178,564.2|454.25
121179,254.3|580.9
121180,360.6|217.45
121181,223.05|425.4
121182,396.55|223.15
121183,457.0|210.8
121184,359.85|216.1
121185,292.55|378.6
121186,225.25|458.15
121187,422.25|441.3
121188,525.7|436.2
121189,530.35|423.95
121190,220.0|407.25
121191,566.45|460.45
121192,223.1|368.3
121193,273.8|312.7
121194,209.05|494.1
121195,592.15|376.75
121196,298.1|328.0
121197,346.0|595.75
121198,268.85|212.55
121199,264.65|281.35
121200,239.65|257.1
121201,214.2|568.95
121202,361.2|594.1
121203,430.35|253.25
121204,338.5|330.45
121205,323.25|356.1
121206,228.15|265.25
121207,568.7|252.8
121208,485.2|470.7
121209,428.4|581.0
121210,397.4|297.85
121211,383.4|484.15
121212,350.25|350.35
121213,361.8|347.35
121214,564.95|230.5
121215,562.75|574.95
121216,577.2|581.3
121217,586.45|566.8
121218,434.65|443.55
121219,223.7|483.0
121220,472.7|492.35
121221,447.75|581.5
121222,336.4|325.15
121223,253.75|266.2
121224,432.0|454.65
121225,450.1|473.9
121226,256.4|357.85
121227,274.5|383.8
121228,567.95|586.45
121229,554.7|538.0
121230,558.3|316.6
121231,590.95|212.45
121232,343.15|331.85
121233,422.75|251.1
121234,580.65|317.95
121235,396.9|588.95
121236,563.2|397.7
121237,400.65|537.95
121238,278.0|282.15
121239,558.65|418.4
121240,278.7|258.75
121241,545.9|491.6
121242,433.95|420.55
121243,532.5|532.6
121244,568.35|401.75
121245,448.45|242.5
121246,574.7|468.4
121247,268.05|424.55
121248,399.4|445.0
121249,486.2|481.15
121250,250.7|301.6
121251,379.5|222.5
121252,274.7|437.25
121253,280.6|286.05
121254,246.15|282.8
121255,477.6|548.65
121256,494.25|507.05
121257,371.6|449.6
121258,588.05|360.65
121259,470.7|306.25
121260,223.55|508.55
121261,439.65|378.5
121262,248.75|235.35
121263,468.25|296.55
121264,546.3|239.2
121265,400.4|458.2
121266,362.25|226.5
121267,277.05|379.55
121268,380.35|213.95
121269,438.65|238.25
121270,405.4|448.3
121271,352.65|590.5
121272,556.65|540.65
121273,308.35|345.75
121274,359.45|498.75
121275,472.0|246.05
121276,511.7|509.2
121277,429.9|308.0
121278,254.7|352.7
121279,568.3|317.45
121280,434.85|576.35
121281,348.9|433.15
121282,420.3|218.65
121283,350.7|592.8
121284,372.7|335.0
121285,237.45|394.7
121286,333.95|222.3
121287,587.1|393.7
121288,450.05|333.85
121289,396.45|296.5
121290,337.1|325.9
121291,338.55|530.85
121292,458.35|438.2
121293,379.2|592.05
121294,393.6|482.95
121295,483.0|356.4
121296,399.6|572.15
121297,229.1|271.2
121298,229.95|474.35
121299,234.65|270.85
121300,404.6|574.6
121301,293.55|348.4
121302,528.4|352.3
121303,574.4|216.85
121304,268.25|358.3
121305,435.3|455.95
121306,409.6|583.4
121307,282.75|546.45
121308,363.75|278.35
121309,209.55|588.6
121310,248.45|505.75
121311,283.5|337.55
121312,410.7|471.95
121313,342.1|540.2
121314,592.35|479.85
121315,209.8|459.95
121316,373.2|485.6
121317,396.45|271.35
121318,557.45|263.2
121319,576.2|376.3
121320,210.8|588.85
121321,224.2|585.9
121322,217.95|456.95
121323,390.85|511.45
121324,336.45|541.55
121325,298.05|337.75
121326,359.45|457.7
121327,210.75|328.45
121328,215.65|588.65
121329,215.85|320.6
121330,319.25|442.9
121331,382.6|284.55
121332,510.85|371.55
121333,272.55|239.65
121334,256.2|571.9
121335,439.05|547.15
121336,431.1|416.25
121337,447.2|562.45
121338,270.15|531.6
121339,576.65|271.55
121340,347.55|320.45
121341,564.3|526.95
121342,379.45|439.15
121343,349.1|242.35
121344,396.5|331.1
121345,566.9|306.95
121346,360.85|278.0
121347,356.25|356.6
121348,482.6|243.6
121349,394.15|240.15
121350,560.65|582.55
121351,465.6|440.45
121352,485.85|464.9
121353,452.3|226.65
121354,242.1|438.85
121355,451.45|438.3
121356,352.65|506.45
121357,284.8|531.25
121358,551.65|275.45
121359,354.35|214.45
121360,589.65|451.4
121361,459.55|457.1
121362,354.35|450.6
121363,416.4|449.65
121364,465.85|220.6
121365,209.85|459.9
121366,247.65|488.05
121367,354.45|374.55
121368,289.15|405.7
121369,360.05|212.15
121370,519.8|534.05
121371,417.5|324.7
121372,415.6|356.4
121373,230.1|439.25
121374,556.05|489.85
121375,587.9|407.05
121376,352.75|517.2
121377,390.3|506.4
121378,376.6|530.25
121379,575.1|591.7
121380,271.8|494.9
121381,456.5|461.0
121382,416.2|219.3
121383,283.05|449.9
121384,397.1|572.5
121385,569.0|507.0
121386,445.8|550.9
121387,394.7|404.1
121388,250.75|372.05
121389,551.65|544.0
121390,588.05|575.0
121391,437.1|440.6
121392,580.7|504.85
121393,559.75|541.25
121394,407.8|451.7
121395,347.35|385.9
121396,268.85|429.3
121397,353.8|330.55
121398,354.75|255.95
121399,240.3|433.1
121400,339.5|352.3
121401,454.0|466.55
121402,481.1|272.55
121403,456.15|369.95
121404,230.85|267.8
121405,267.7|486.9
121406,285.3|590.3
121407,576.85|577.2
121408,226.75|585.8
121409,591.55|416.2
121410,476.75|252.4
121411,467.8|219.75
121412,220.65|515.55
121413,460.55|589.65
121414,369.4|245.9
121415,351.2|440.8
121416,359.65|556.2
121417,251.6|544.45
121418,431.95|270.35
121419,461.8|576.5
121420,479.5|484.2
121421,463.55|218.0
121422,367.3|252.7
121423,592.85|405.45
121424,354.95|462.1
121425,574.85|544.85
121426,409.6|575.5
121427,263.9|427.55
121428,579.1|332.0
121429,473.75|338.4
121430,440.95|553.25
121431,553.75|469.7
121432,274.15|347.15
121433,436.9|556.8
121434,465.1|539.3
121435,462.7|297.4
121436,576.05|210.35
121437,470.45|224.95
121438,242.3|281.75
121439,526.25|466.75
121440,238.8|241.4
121441,465.95|261.3
121442,514.85|454.3
121443,466.95|426.8
121444,366.55|275.85
121445,429.9|535.55
121446,578.35|247.75
121447,549.0|420.85
121448,278.6|497.45
121449,531.4|302.6
121450,406.25|536.2
121451,455.9|461.5
121452,487.9|390.15
121453,283.9|440.95
121454,381.05|484.6
121455,334.75|369.1
121456,553.5|524.7
121457,225.4|323.1
121458,447.1|567.5
121459,268.95|355.45
121460,589.45|367.15
121461,248.35|529.8
121462,538.0|242.4
121463,438.05|581.6
121464,283.9|260.35
121465,421.45|589.6
121466,569.85|214.5
121467,293.0|473.15
121468,593.65|392.5
121469,356.2|324.65
121470,269.6|461.05
121471,445.35|224.5
121472,331.35|530.25
121473,344.15|325.8
121474,437.75|293.9
121475,535.0|421.45
121476,475.6|254.2
121477,528.85|537.95
121478,455.35|565.35
121479,245.15|568.45
121480,400.4|227.3
121481,264.4|461.45
121482,517.15|337.95
121483,576.05|225.2
121484,234.95|405.45
121485,281.7|502.6
121486,529.25|353.4
121487,564.65|551.45
121488,595.5|422.8
121489,354.15|591.7
121490,553.6|460.05
121491,476.95|473.9
121492,540.85|425.7
121493,218.05|493.8
121494,564.9|401.15
121495,224.7|379.2
121496,358.6|403.8
121497,214.6|363.25
121498,571.4|266.3
121499,278.75|576.0
121500,518.45|480.75
121501,252.0|566.95
121502,223.45|520.3
121503,474.9|447.45
121504,351.95|212.7
121505,276.05|576.5
121506,525.3|439.4
121507,450.5|448.75
121508,564.65|420.6
121509,347.95|547.55
121510,241.8|475.2
121511,576.6|444.9
121512,270.95|441.2
121513,436.35|263.75
121514,242.65|497.85
121515,591.95|262.0
121516,277.25|224.25
121517,574.25|524.1
121518,462.7|549.15
121519,218.65|286.5
121520,352.75|330.45
121521,585.85|333.55
121522,466.25|324.3
121523,408.85|268.15
121524,213.9|459.45
121525,393.35|365.35
121526,542.6|256.1
121527,590.85|362.35
121528,424.15|207.35
121529,588.85|333.45
121530,260.35|279.35
121531,578.35|476.95
121532,408.45|542.9
121533,503.1|469.1
121534,246.85|303.25
121535,586.4|368.75
121536,540.35|499.5
121537,284.2|537.85
121538,419.35|412.85
121539,570.85|565.15
121540,247.8|547.1
121541,405.05|449.9
121542,409.5|516.85
121543,557.95|573.95
121544,226.05|316.15
121545,277.65|391.5
121546,288.5|335.75
121547,323.85|370.35
121548,473.35|554.95
121549,579.65|442.7
121550,447.85|366.65
121551,408.4|343.1
121552,476.05|440.6
121553,355.95|554.3
121554,562.8|240.7
121555,419.1|225.05
121556,407.2|550.3
121557,330.85|551.35
121558,380.1|232.1
121559,415.0|342.4
121560,560.7|432.25
121561,294.55|581.95
121562,433.6|485.7
121563,354.05|211.8
121564,368.25|356.4
121565,213.95|367.15
121566,375.4|447.5
121567,583.95|258.15
121568,281.65|251.25
121569,572.85|480.95
121570,584.65|288.9
121571,451.5|333.35
121572,549.5|587.95
121573,421.25|579.6
121574,304.8|227.35
121575,210.15|456.7
121576,226.1|352.05
121577,259.5|561.0
121578,267.8|397.65
121579,352.0|489.3
121580,583.25|419.2
121581,495.65|445.0
121582,274.7|482.3
121583,324.75|421.75
121584,332.5|380.85
121585,462.3|283.85
121586,591.3|555.0
121587,539.95|426.5
121588,360.6|492.05
121589,439.2|535.75
121590,423.7|377.8
121591,559.8|572.8
121592,573.8|554.45
121593,208.3|384.5
121594,413.4|276.45
121595,469.6|310.25
121596,244.55|429.3
121597,393.95|469.1
121598,277.1|534.2
121599,436.15|586.6
121600,555.3|323.15
121601,525.9|486.55
121602,562.25|474.2
121603,472.05|398.8
121604,512.95|228.9
121605,489.35|278.2
121606,267.25|242.9
121607,247.85|213.3
121608,237.85|508.45
121609,458.75|229.8
121610,461.1|271.2
121611,358.5|277.75
121612,419.95|237.5
121613,560.8|243.8
121614,413.15|482.2
121615,218.9|366.7
121616,447.4|262.3
121617,334.5|357.55
121618,462.8|268.6
121619,428.65|564.5
121620,433.65|473.35
121621,530.85|495.85
121622,423.25|306.8
121623,414.15|395.35
121624,444.05|234.75
121625,390.35|211.7
121626,448.25|457.15
121627,281.65|460.65
121628,375.95|595.75
121629,321.3|366.55
121630,339.45|241.15
121631,586.65|541.25
121632,564.25|223.8
121633,549.95|534.5
121634,214.35|584.45
121635,301.0|488.05
121636,581.65|516.55
121637,499.35|477.15
121638,528.55|360.4
121639,577.2|382.45
121640,282.35|418.9
121641,507.2|352.1
121642,430.5|492.8
121643,552.6|461.5
121644,486.05|233.4
121645,339.25|325.6
121646,334.2|402.65
121647,342.6|328.45
121648,344.65|275.1
121649,352.45|527.9
121650,271.15|500.05
121651,346.0|384.8
121652,212.9|396.55
121653,258.95|506.1
121654,528.95|343.4
121655,459.3|423.4
121656,349.35|218.4
121657,429.2|258.35
121658,359.35|280.45
121659,420.15|240.35
121660,416.8|313.6
121661,380.0|467.45
121662,462.55|454.0
121663,356.0|269.45
121664,403.35|315.5
121665,571.1|301.8
121666,360.7|526.95
121667,258.6|316.2
121668,437.4|593.4
121669,593.85|513.0
121670,223.35|353.1
121671,219.65|503.65
121672,543.05|584.5
121673,558.1|376.55
121674,584.75|456.4
121675,217.55|531.2
121676,561.4|576.1
121677,297.35|322.6
121678,509.9|374.15
121679,573.3|535.6
121680,357.0|244.45
121681,248.55|344.5
121682,286.0|461.8
121683,544.8|313.6
121684,410.15|463.45
121685,240.35|537.8
121686,243.15|594.25
121687,215.85|503.5
121688,592.15|415.75
121689,415.6|569.55
121690,494.15|483.3
121691,272.8|348.2
121692,389.6|206.6
121693,465.8|285.25
121694,454.75|494.3
121695,406.65|562.9
121696,470.55|447.0
121697,207.85|397.25
121698,486.05|307.65
121699,244.15|574.85
121700,580.5|382.4
121701,305.5|364.55
121702,456.7|220.5
121703,362.5|208.1
121704,209.55|465.35
121705,465.6|218.05
121706,207.0|508.85
121707,283.15|522.75
121708,472.85|343.75
121709,248.35|570.15
121710,539.55|577.35
121711,352.2|445.5
121712,415.15|511.4
121713,294.55|405.15
121714,542.85|317.45
121715,516.45|518.65
121716,444.9|450.2
121717,407.3|594.6
121718,538.0|517.75
121719,409.85|551.05
121720,314.5|325.55
121721,440.0|357.45
121722,248.15|486.15
121723,288.5|350.2
121724,336.7|253.05
121725,379.1|358.35
121726,592.6|293.0
121727,301.55|577.25
121728,207.6|516.95
121729,287.85|423.6
121730,407.45|210.45
121731,452.8|568.5
121732,587.25|333.6
121733,593.05|282.05
121734,250.05|237.65
121735,371.65|373.5
121736,446.4|534.75
121737,234.2|408.8
121738,217.2|499.6
121739,282.0|542.05
121740,244.5|400.1
121741,520.6|480.55
121742,282.65|257.75
121743,409.25|282.65
121744,566.25|574.75
121745,256.8|570.3
121746,399.1|240.25
121747,500.55|320.35
121748,245.3|576.95
121749,572.8|533.1
121750,527.6|429.5
121751,576.2|347.2
121752,303.9|351.75
121753,251.85|283.55
121754,347.65|426.75
121755,592.5|589.15
121756,379.95|564.1
121757,542.2|236.8
121758,376.1|560.0
121759,278.05|577.55
121760,360.5|305.9
121761,263.75|481.95
121762,547.15|299.8
121763,238.3|354.7
121764,267.95|347.35
121765,370.6|442.25
121766,257.1|229.9
121767,392.0|281.0
121768,486.1|342.7
121769,591.05|295.7
121770,260.15|213.05
121771,366.25|218.15
121772,414.45|411.3
121773,563.9|246.05
121774,360.0|211.55
121775,564.05|400.75
121776,271.6|573.2
121777,381.05|564.35
121778,383.5|405.1
121779,474.45|346.55
121780,343.85|309.25
121781,529.6|549.65
121782,531.05|332.05
121783,569.8|524.75
121784,474.2|487.7
121785,579.95|234.25
121786,286.35|377.65
121787,468.65|347.7
121788,381.25|519.25
121789,230.55|544.25
121790,402.9|348.55
121791,208.15|340.55
121792,541.8|578.9
121793,316.9|407.75
121794,576.55|398.1
121795,467.2|453.6
121796,397.95|542.7
121797,403.55|369.0
121798,279.2|332.05
121799,464.65|450.6
121800,375.55|310.3
121801,265.35|567.6
121802,354.2|386.15
121803,455.7|266.35
121804,410.7|576.25
121805,561.3|227.2
121806,257.85|560.2
121807,288.7|591.75
121808,389.8|279.05
121809,218.75|469.35
121810,526.1|420.35
121811,364.85|238.0
121812,575.3|593.15
121813,332.55|250.35
121814,401.2|553.0
121815,269.65|572.6
121816,564.25|348.4
121817,409.3|227.05
121818,349.6|432.75
121819,280.0|551.25
121820,522.4|417.9
121821,218.05|494.35
121822,291.2|585.65
121823,420.2|232.2
121824,297.15|427.8
121825,287.7|398.1
121826,263.4|252.5
121827,286.85|451.0
121828,363.15|587.1
121829,274.85|367.75
121830,278.95|331.65
121831,548.1|369.0
121832,343.25|258.2
121833,537.7|224.65
121834,388.95|493.45
121835,387.9|284.7
121836,591.85|216.25
121837,491.0|461.5
121838,574.8|297.35
121839,332.8|322.55
121840,438.35|216.6
121841,331.9|343.15
121842,441.45|403.55
121843,340.45|541.75
121844,565.85|579.95
121845,417.75|348.75
121846,360.65|579.55
121847,260.7|217.25
121848,576.35|382.7
121849,413.25|259.55
121850,261.7|427.3
121851,263.9|379.0
121852,484.35|512.75
121853,550.75|490.4
121854,316.85|415.9
121855,512.95|318.55
121856,355.6|385.15
121857,229.0|590.2
121858,486.0|539.2
121859,292.7|392.95
121860,272.8|366.2
121861,278.65|446.8
121862,244.9|380.6
121863,367.2|559.65
121864,269.0|221.5
121865,342.3|389.15
121866,472.65|436.9
121867,572.4|331.9
121868,566.8|311.5
121869,472.9|263.65
121870,237.0|591.9
121871,225.35|248.65
121872,296.3|351.9
121873,218.15|406.4
121874,233.1|513.55
121875,300.65|281.8
121876,229.3|245.55
121877,564.25|533.7
121878,343.85|331.3
121879,531.3|566.45
121880,541.95|483.95
121881,467.85|544.8
121882,272.45|344.45
121883,348.8|441.05
121884,545.15|453.55
121885,574.65|420.5
121886,583.25|262.55
121887,209.8|353.5
121888,425.95|529.8
121889,583.15|423.7
121890,441.05|305.2
121891,370.35|231.95
121892,493.0|457.45
121893,516.0|507.15
121894,258.95|220.65
121895,485.2|464.45
121896,391.6|274.95
121897,427.2|462.45
121898,361.65|294.6
121899,358.15|497.25
121900,344.35|446.4
121901,592.7|589.4
121902,271.65|392.0
121903,351.05|548.35
121904,466.4|438.95
121905,387.85|292.55
121906,407.05|224.2
121907,237.55|358.55
121908,592.7|504.8
121909,372.95|401.75
121910,586.25|368.55
121911,473.4|438.7
121912,583.85|225.4
121913,533.2|524.0
121914,399.25|315.35
121915,461.75|541.75
121916,557.65|422.7
121917,430.95|478.45
121918,289.75|318.7
121919,465.1|259.7
121920,433.65|289.5
121921,234.85|478.45
121922,476.2|216.15
121923,579.1|421.45
121924,257.55|238.3
121925,514.75|419.6
121926,570.75|262.85
121927,294.5|515.35
121928,531.0|361.3
121929,291.9|423.1
121930,475.25|463.6
121931,344.3|525.35
121932,441.55|485.25
121933,249.4|503.65
121934,223.55|477.75
121935,257.8|219.25
121936,224.2|266.0
121937,537.35|328.9
121938,232.45|441.65
121939,405.5|481.95
121940,438.5|332.65
121941,319.0|367.1
121942,387.95|399.2
121943,400.45|544.6
121944,241.7|516.95
121945,558.6|333.2
121946,346.05|334.3
121947,214.65|438.15
121948,278.85|574.65
121949,340.95|572.4
121950,582.0|250.9
121951,433.2|393.15
121952,333.4|548.0
121953,589.15|576.75
121954,459.05|384.8
121955,272.4|561.75
121956,252.8|286.1
121957,580.4|468.1
121958,280.7|418.05
121959,587.1|329.6
121960,392.1|570.4
121961,463.85|264.35
121962,212.05|587.95
121963,522.75|553.9
121964,410.6|447.0
121965,233.75|505.95
121966,281.95|568.35
121967,285.25|386.15
121968,332.35|370.2
121969,558.7|292.3
121970,589.35|359.85
121971,558.7|271.25
121972,361.05|320.5
121973,292.1|370.0
121974,337.9|263.95
121975,452.5|557.25
121976,543.35|585.9
121977,275.7|552.45
121978,294.95|387.8
121979,277.1|519.95
121980,281.45|442.3
121981,404.85|324.65
121982,411.35|562.25
121983,219.55|375.3
121984,390.0|473.55
121985,532.65|433.5
121986,471.85|269.05
121987,406.0|441.1
121988,406.1|489.0
121989,275.45|361.55
121990,316.9|342.15
121991,576.65|320.5
121992,532.05|568.3
121993,334.9|370.85
121994,378.1|501.0
121995,355.8|266.85
121996,449.5|519.3
121997,277.5|488.3
121998,271.6|384.75
121999,240.05|580.9
122000,340.7|555.8
122001,463.2|248.15
122002,333.6|392.65
122003,481.2|275.9
122004,514.7|412.5
122005,240.55|575.9
122006,583.9|490.8
122007,402.75|464.0
122008,338.05|326.35
122009,270.7|494.75
122010,587.0|494.95
122011,229.95|458.8
122012,396.0|556.0
122013,452.1|529.4
122014,370.35|360.0
122015,349.65|333.45
122016,384.8|500.4
122017,430.85|305.3
122018,568.35|289.9
122019,555.1|551.05
122020,249.15|444.05
122021,250.5|355.5
122022,538.8|290.35
122023,588.5|292.65
122024,208.95|241.15
122025,396.5|532.9
122026,324.45|505.55
122027,512.2|472.7
122028,235.25|493.3
122029,384.65|224.85
122030,537.3|350.4
122031,354.9|324.4
122032,534.55|527.9
122033,392.7|219.45
122034,584.2|416.8
122035,340.9|567.8
122036,389.4|571.3
122037,572.85|501.45
122038,339.15|247.15
122039,382.95|508.8
122040,460.1|414.95
122041,313.9|327.8
122042,409.5|468.3
122043,422.9|230.8
122044,369.5|511.35
122045,465.25|292.8
122046,246.3|232.8
122047,448.25|567.1
122048,280.2|396.55
122049,213.15|509.1
122050,474.8|456.7
122051,442.95|317.7
122052,508.8|545.65
122053,358.6|581.55
122054,353.95|469.8
122055,374.25|576.35
122056,374.35|561.4
122057,594.0|285.0
122058,440.15|382.9
122059,525.05|515.0
122060,360.45|267.9
122061,541.45|437.4
122062,248.55|282.8
122063,471.75|232.1
122064,378.35|291.2
122065,223.0|415.1
122066,448.35|392.1
122067,490.2|271.25
122068,439.5|329.65
122069,351.85|238.3
122070,430.7|233.65
122071,323.85|358.45
122072,342.7|542.55
122073,420.15|493.7
122074,304.3|420.6
122075,479.8|450.8
122076,590.25|559.1
122077,536.25|338.85
122078,238.45|579.7
122079,272.25|264.05
122080,518.05|336.3
122081,493.8|524.95
122082,401.0|241.25
122083,240.95|368.55
122084,215.6|464.4
122085,420.65|586.65
122086,575.15|546.15
122087,206.9|315.05
122088,264.0|359.95
122089,536.2|552.45
122090,451.4|457.1
122091,293.45|435.65
122092,403.85|261.8
122093,465.5|473.4
122094,553.55|544.45
122095,339.75|404.0
122096,351.4|214.3
122097,258.85|371.05
122098,404.9|396.0
122099,263.2|271.3
122100,458.0|320.55
122101,403.65|505.0
122102,219.45|282.85
122103,262.65|422.15
122104,354.8|540.15
122105,469.05|302.6
122106,393.95|329.35
122107,546.5|535.85
122108,302.1|523.55
122109,461.35|564.35
122110,274.55|419.95
122111,476.2|314.35
122112,532.9|439.95
122113,219.3|483.6
122114,581.4|542.95
122115,383.75|475.8
122116,335.9|335.3
122117,386.0|388.65
122118,448.35|534.2
122119,220.3|269.95
122120,389.5|485.6
122121,327.25|396.2
122122,259.5|472.6
122123,215.5|282.15
122124,362.0|593.1
122125,268.6|213.8
122126,590.65|507.8
122127,543.5|313.85
122128,587.25|342.6
122129,216.95|402.85
122130,572.1|388.7
122131,582.65|450.0
122132,571.2|273.45
122133,575.15|436.05
122134,522.85|448.15
122135,554.15|575.95
122136,211.6|521.85
122137,437.6|364.25
122138,214.95|387.75
122139,378.45|295.9
122140,358.55|234.15
122141,365.0|471.1
122142,464.75|439.1
122143,229.85|314.15
122144,436.35|381.95
122145,295.6|332.05
122146,220.3|459.8
122147,541.5|250.65
122148,211.65|331.8
122149,261.2|501.2
122150,584.35|563.75
122151,248.85|241.15
122152,319.25|402.5
122153,377.75|270.05
122154,374.2|592.15
122155,350.8|382.55
122156,593.3|478.25
122157,453.05|420.05
122158,232.45|467.15
122159,555.4|262.05
122160,407.85|301.5
122161,254.55|311.75
122162,525.8|550.2
122163,508.6|480.45
122164,349.4|547.1
122165,474.05|386.4
122166,589.15|427.05
122167,262.75|334.45
122168,275.85|346.15
122169,513.0|477.35
122170,518.05|464.1
122171,272.25|302.15
122172,220.45|458.35
122173,425.0|531.85
122174,223.8|510.95
122175,226.7|356.95
122176,466.35|287.4
122177,479.0|430.25
122178,554.3|490.45
122179,577.65|570.15
122180,227.65|341.5
122181,450.7|479.2
122182,280.0|526.15
122183,446.05|446.55
122184,402.05|505.2
122185,367.75|501.0
122186,583.5|337.05
122187,234.05|465.7
122188,244.9|337.1
122189,485.55|228.0
122190,467.35|350.65
122191,582.15|506.1
122192,391.75|300.25
122193,289.2|401.05
122194,548.65|558.35
122195,434.4|318.95
122196,443.15|445.5
122197,252.65|220.3
122198,362.75|462.85
122199,471.05|387.95
122200,281.25|372.25
122201,223.0|507.0
122202,245.45|572.8
122203,491.85|386.4
122204,557.45|419.9
122205,225.35|318.6
122206,551.75|440.5
122207,552.6|483.6
122208,525.1|549.75
122209,582.55|394.3
122210,416.85|419.45
122211,360.15|249.4
122212,373.95|278.2
122213,354.15|226.3
122214,345.8|247.0
122215,235.3|231.0
122216,361.95|455.1
122217,397.3|240.65
122218,561.95|328.2
122219,471.95|505.0
122220,297.8|392.9
122221,461.9|276.05
122222,233.3|322.65
122223,524.1|457.15
122224,470.05|316.2
122225,233.0|288.8
122226,381.7|220.2
122227,543.95|564.0
122228,355.75|358.0
122229,394.95|576.25
122230,306.25|490.65
122231,265.85|559.35
122232,367.55|586.4
122233,310.3|579.2
122234,269.9|443.85
122235,399.15|219.5
122236,512.95|557.7
122237,249.0|297.9
122238,231.65|565.0
122239,560.35|529.2
122240,436.4|332.9
122241,547.65|252.45
122242,334.4|558.05
122243,266.95|561.35
122244,291.25|374.65
122245,333.6|333.85
122246,468.65|223.8
122247,468.9|525.45
122248,529.0|515.45
122249,208.85|583.65
122250,328.7|359.4
122251,263.8|398.4
122252,258.7|497.25
122253,492.0|491.4
122254,490.5|242.4
122255,569.2|267.6
122256,590.05|507.85
122257,554.0|313.6
122258,464.7|234.4
122259,328.0|225.8
122260,517.75|488.5
122261,415.65|569.45
122262,271.8|537.6
122263,549.95|241.35
122264,582.6|221.95
122265,285.45|447.25
122266,253.5|423.35
122267,232.2|366.45
122268,589.85|364.8
122269,467.1|254.1
122270,416.05|568.65
122271,473.5|568.35
122272,476.5|470.25
122273,568.5|214.55
122274,230.5|509.7
122275,529.6|349.75
122276,279.85|369.1
122277,416.55|347.25
122278,571.5|308.7
122279,407.85|344.7
122280,585.3|210.05
122281,588.15|219.2
122282,592.0|213.2
122283,373.15|551.95
122284,434.2|226.2
122285,397.65|416.15
122286,247.25|370.35
122287,484.3|281.85
122288,371.75|593.85
122289,280.75|406.1
122290,554.25|588.45
122291,268.5|357.85
122292,355.7|582.45
122293,443.0|322.6
122294,300.2|411.85
122295,543.7|290.05
122296,546.95|330.1
122297,437.2|214.8
122298,458.9|231.65
122299,410.05|332.0
122300,260.6|507.1
122301,395.3|516.05
122302,428.6|275.7
122303,571.45|357.95
122304,471.9|500.1
122305,205.45|471.65
122306,281.8|588.2
122307,246.2|389.95
122308,240.2|234.75
122309,379.7|484.6
122310,254.05|560.2
122311,208.15|523.75
122312,390.15|466.85
122313,592.3|354.4
122314,397.1|586.3
122315,228.65|295.05
122316,348.05|384.1
122317,382.3|570.4
122318,247.75|219.2
122319,206.55|586.85
122320,549.6|255.5
122321,254.95|422.1
122322,565.8|213.75
122323,559.1|589.2
122324,363.6|575.55
122325,588.3|212.6
122326,472.95|329.45
122327,550.1|265.45
122328,456.85|541.8
122329,401.55|539.15
122330,238.05|344.2
122331,286.6|587.1
122332,577.5|362.75
122333,240.65|427.25
122334,400.2|213.2
122335,379.85|591.0
122336,284.65|440.25
122337,569.8|368.55
122338,582.0|351.7
122339,275.8|434.45
122340,236.4|473.2
122341,452.75|227.75
122342,215.4|510.85
122343,377.3|252.7
122344,578.3|525.6
122345,263.3|309.05
122346,588.6|352.65
122347,266.9|284.75
122348,414.35|480.3
122349,282.6|582.8
122350,413.8|283.1
122351,331.25|325.3
122352,215.2|253.7
122353,209.2|231.25
122354,490.05|467.7
122355,223.05|314.75
122356,393.4|330.45
122357,221.7|479.0
122358,464.65|569.45
122359,455.9|360.35
122360,468.05|280.3
122361,266.75|467.55
122362,455.6|221.55
122363,241.5|267.05
122364,590.85|357.6
122365,347.0|540.2
122366,537.95|524.7
122367,513.1|512.75
122368,363.95|548.5
122369,374.15|332.1
122370,474.85|281.3
122371,256.45|416.05
122372,356.45|453.95
122373,478.95|480.4
122374,210.5|583.1
122375,427.05|456.9
122376,282.65|410.9
122377,415.1|213.55
122378,230.75|243.4
122379,243.95|578.5
122380,219.9|530.05
122381,356.55|573.9
122382,241.2|443.95
122383,205.85|502.25
122384,474.1|479.5
122385,270.25|320.75
122386,579.35|535.8
122387,366.8|344.1
122388,453.85|486.2
122389,589.6|254.3
122390,548.05|314.8
122391,432.15|225.4
122392,209.85|457.7
122393,450.3|563.2
122394,464.2|223.6
122395,271.75|459.1
122396,481.85|291.85
122397,409.5|586.15
122398,477.3|417.7
122399,367.75|225.35
122400,406.4|545.3
122401,550.7|468.65
122402,367.45|218.5
122403,595.75|388.5
122404,587.35|417.35
122405,362.5|576.75
122406,316.05|478.9
122407,427.7|351.0
122408,445.15|404.3
122409,285.75|379.7
122410,264.9|372.7
122411,530.2|542.45
122412,526.0|471.4
122413,551.6|304.65
122414,557.2|292.25
122415,556.95|297.4
122416,279.0|497.05
122417,365.8|348.2
122418,253.2|463.6
122419,384.35|231.65
122420,392.2|586.75
122421,508.8|495.4
122422,480.85|333.65
122423,523.5|463.9
122424,573.6|461.1
122425,268.2|487.4
122426,358.95|586.35
122427,305.05|504.45
122428,339.4|552.5
122429,488.05|376.1
122430,251.85|496.15
122431,274.7|392.2
122432,584.35|546.05
122433,211.55|412.05
122434,413.25|504.35
122435,583.45|500.0
122436,205.05|570.75
122437,424.05|300.75
122438,240.8|556.5
122439,568.85|237.65
122440,242.8|428.0
122441,483.9|466.65
122442,574.6|401.85
122443,588.45|222.45
122444,489.55|454.95
122445,231.1|481.9
122446,282.0|428.6
122447,381.5|352.3
122448,242.6|499.0
122449,534.65|422.2
122450,247.15|214.15
122451,252.5|263.25
122452,298.8|353.7
122453,344.8|525.4
122454,396.25|582.15
122455,238.85|549.0
122456,592.9|565.0
122457,355.4|463.3
122458,393.85|579.3
122459,552.3|270.75
122460,368.85|392.6
122461,265.4|376.15
122462,357.35|552.55
122463,427.2|443.95
122464,375.1|343.55
122465,238.1|431.65
122466,295.55|412.55
122467,220.85|377.3
122468,475.25|297.2
122469,240.9|260.95
122470,514.05|508.25
122471,475.75|243.05
122472,591.1|293.35
122473,390.6|382.85
122474,546.15|482.95
122475,367.3|473.25
122476,265.9|538.95
122477,536.6|428.6
122478,460.5|485.45
122479,470.95|468.05
122480,299.2|426.35
122481,566.45|212.35
122482,551.85|421.85
122483,242.5|469.3
122484,459.0|334.0
122485,407.0|317.15
122486,245.45|358.55
122487,594.8|352.9
122488,408.0|361.3
122489,292.3|447.1
122490,457.0|585.8
122491,349.1|588.7
122492,243.4|248.5
122493,289.85|372.35
122494,429.65|250.1
122495,374.65|581.25
122496,384.15|434.6
122497,277.2|582.5
122498,582.75|385.9
122499,571.15|544.35
122500,212.05|477.65
122501,451.45|276.25
122502,211.3|399.4
122503,245.25|247.5
122504,317.55|351.1
122505,224.15|300.7
122506,578.65|582.25
122507,344.2|351.35
122508,323.3|490.35
122509,264.9|271.95
122510,541.7|420.25
122511,584.2|524.45
122512,579.25|521.6
122513,555.95|487.05
122514,360.75|572.55
122515,360.15|405.05
122516,397.7|334.7
122517,593.0|464.95
122518,405.7|343.7
122519,543.45|239.8
122520,585.75|384.25
122521,288.6|548.75
122522,540.65|440.15
122523,269.55|529.4
122524,213.15|536.75
122525,291.3|349.15
122526,452.15|469.5
122527,409.85|406.7
122528,391.15|471.4
122529,565.4|290.05
122530,565.9|525.0
122531,407.0|540.75
122532,489.85|326.55
122533,588.45|425.95
122534,561.15|544.3
122535,299.8|336.3
122536,415.2|327.2
122537,489.8|490.45
122538,276.85|557.9
122539,408.25|573.9
122540,401.8|465.15
122541,577.95|516.55
122542,215.95|411.05
122543,364.25|287.2
122544,529.1|526.6
122545,266.35|415.15
122546,215.45|542.2
122547,433.45|381.7
122548,255.35|217.2
122549,236.5|271.75
122550,425.85|398.55
122551,560.8|299.2
122552,242.2|219.95
122553,571.4|424.45
122554,362.8|371.25
122555,238.8|230.45
122556,554.5|340.5
122557,592.7|587.25
122558,474.4|323.0
122559,314.5|376.65
122560,576.2|347.7
122561,421.95|435.95
122562,446.3|259.15
122563,361.85|444.05
122564,299.85|367.45
122565,415.25|324.05
122566,514.85|449.45
122567,581.7|397.95
122568,409.65|249.15
122569,328.55|372.45
122570,467.7|463.15
122571,347.55|521.55
122572,240.7|585.2
122573,386.55|549.2
122574,410.3|439.85
122575,473.7|236.55
122576,483.85|370.0
122577,484.4|212.45
122578,456.9|530.6
122579,582.95|314.1
122580,352.1|373.75
122581,409.75|388.85
122582,298.85|417.05
122583,207.7|398.5
122584,345.85|392.45
122585,405.15|272.8
122586,464.0|283.85
122587,209.25|323.4
122588,260.4|248.3
122589,587.95|398.0
122590,468.85|549.7
122591,389.25|360.9
122592,287.45|487.4
122593,436.3|296.05
122594,588.2|276.45
122595,461.15|325.15
122596,586.95|481.95
122597,472.6|294.9
122598,380.0|578.2
122599,445.95|254.65
122600,470.0|312.6
122601,569.15|519.95
122602,240.7|333.3
122603,578.05|429.55
122604,218.8|477.55
122605,343.55|446.5
122606,281.8|542.2
122607,205.1|468.9
122608,217.15|582.65
122609,226.55|307.55
122610,576.9|571.85
122611,590.75|277.75
122612,525.4|352.9
122613,477.45|388.25
122614,276.95|579.95
122615,236.65|583.7
122616,221.35|528.45
122617,344.0|411.5
122618,477.85|336.45
122619,357.9|370.45
122620,371.05|430.3
122621,280.5|567.4
122622,227.55|479.0
122623,453.2|442.25
122624,340.45|588.55
122625,441.3|389.55
122626,571.05|225.2
122627,345.6|226.85
122628,339.65|515.3
122629,349.3|266.75
122630,223.9|452.45
122631,286.0|310.9
122632,341.35|327.1
122633,231.55|359.9
122634,556.7|288.15
122635,352.7|261.1
122636,239.75|592.1
122637,458.75|517.4
122638,450.25|237.55
122639,383.65|349.15
122640,554.35|223.8
122641,503.05|551.9
122642,277.45|516.05
122643,279.7|444.3
122644,342.85|556.35
122645,409.0|361.8
122646,217.35|580.9
122647,458.2|395.05
122648,431.0|506.3
122649,432.15|556.8
122650,384.7|346.0
122651,279.35|513.55
122652,376.85|476.1
122653,420.0|262.95
122654,273.75|469.85
122655,566.45|295.4
122656,218.7|218.65
122657,448.55|542.6
122658,374.25|269.4
122659,481.55|452.3
122660,438.2|475.05
122661,559.95|592.25
122662,340.2|233.75
122663,380.75|562.75
122664,361.4|591.95
122665,271.1|435.3
122666,347.65|311.85
122667,537.9|527.35
122668,412.3|534.6
122669,399.95|476.35
122670,366.05|588.7
122671,447.9|252.6
122672,411.15|412.55
122673,463.35|345.9
122674,588.5|267.35
122675,363.85|541.4
122676,529.4|444.45
122677,559.0|521.2
122678,253.45|484.5
122679,221.9|293.2
122680,399.5|458.55
122681,478.15|309.3
122682,528.15|408.3
122683,256.1|503.7
122684,388.45|404.5
122685,253.1|275.3
122686,428.0|237.1
122687,260.65|555.75
122688,318.75|447.15
122689,440.2|422.9
122690,228.0|588.5
122691,368.4|215.65
122692,476.35|221.65
122693,276.4|418.9
122694,230.0|321.0
122695,258.3|483.45
122696,465.65|292.55
122697,501.15|487.75
122698,417.55|578.3
122699,549.15|328.35
122700,582.1|587.9
122701,291.6|428.75
122702,513.15|431.1
122703,450.15|358.7
122704,555.55|459.35
122705,406.45|396.4
122706,586.6|510.9
122707,529.75|584.95
122708,506.0|359.15
122709,488.95|370.7
122710,518.25|423.8
122711,336.45|324.3
122712,255.65|564.85
122713,536.65|375.05
122714,235.4|369.4
122715,210.0|510.55
122716,579.75|412.1
122717,293.1|237.95
122718,471.5|344.55
122719,208.95|307.05
122720,212.0|309.0
122721,347.55|405.35
122722,350.2|276.55
122723,458.2|454.5
122724,441.05|483.35
122725,433.85|302.25
122726,591.75|552.5
122727,591.55|590.3
122728,527.6|445.55
122729,477.45|237.4
122730,211.2|322.15
122731,239.1|552.6
122732,440.3|222.7
122733,284.1|591.35
122734,410.5|539.8
122735,486.7|556.9
122736,409.85|269.85
122737,553.1|439.2
122738,380.95|370.65
122739,357.65|225.2
122740,576.5|504.35
122741,273.6|494.6
122742,283.4|469.25
122743,574.15|450.15
122744,560.35|279.15
122745,246.65|247.7
122746,477.9|481.15
122747,585.2|376.25
122748,528.75|339.5
122749,553.9|262.55
122750,521.2|318.2
122751,313.05|403.05
122752,582.85|375.55
122753,404.8|334.65
122754,556.1|293.6
122755,257.9|404.25
122756,589.55|453.95
122757,225.55|252.3
122758,387.75|478.45
122759,408.55|509.05
122760,274.1|281.9
122761,286.9|344.3
122762,581.1|483.05
122763,350.15|512.9
122764,393.4|568.05
122765,426.0|436.9
122766,459.05|469.35
122767,576.7|435.85
122768,337.35|322.75
122769,214.05|493.25
122770,349.6|416.2
122771,228.1|386.8
122772,586.35|586.4
122773,578.9|340.9
122774,208.2|246.25
122775,468.1|325.45
122776,443.5|470.05
122777,244.6|586.6
122778,325.65|357.85
122779,474.15|456.0
122780,311.95|488.7
122781,228.3|346.45
122782,392.15|527.2
122783,249.6|388.9
122784,522.8|562.85
122785,269.45|373.6
122786,575.65|211.85
122787,234.95|483.6
122788,452.0|305.8
122789,483.5|487.05
122790,331.3|541.45
122791,402.4|226.4
122792,456.7|507.25
122793,432.4|342.9
122794,293.75|424.9
122795,487.55|370.45
122796,399.75|309.1
122797,406.15|347.3
122798,222.7|411.7
122799,583.15|546.85
122800,479.65|318.6
122801,211.6|216.65
122802,278.15|453.5
122803,241.4|519.4
122804,353.55|512.9
122805,282.85|464.0
122806,347.35|413.3
122807,585.8|448.2
122808,360.9|405.85
122809,231.2|269.15
122810,408.85|413.65
122811,391.95|483.7
122812,400.9|522.7
122813,417.0|299.7
122814,566.05|523.55
122815,534.7|438.4
122816,271.05|589.6
122817,237.45|491.75
122818,271.9|336.85
122819,382.5|559.25
122820,213.05|478.8
122821,350.4|434.35
122822,525.45|432.65
122823,226.4|443.6
122824,362.35|282.8
122825,361.25|268.95
122826,268.15|427.4
122827,516.35|498.85
122828,346.05|331.45
122829,547.4|372.35
122830,219.4|289.7
122831,493.35|405.25
122832,382.55|230.45
122833,445.4|399.5
122834,275.45|587.8
122835,480.2|372.75
122836,421.3|400.0
122837,228.75|574.7
122838,269.55|321.65
122839,470.2|297.6
122840,466.05|450.2
122841,566.45|440.35
122842,299.6|337.75
122843,280.1|554.75
122844,471.1|244.75
122845,350.65|480.65
122846,534.25|462.7
122847,453.3|448.85
122848,244.75|558.35
122849,587.1|213.9
122850,227.25|271.3
122851,230.7|497.8
122852,224.75|365.25
122853,537.95|539.4
122854,535.95|547.05
122855,555.2|538.0
122856,215.35|509.15
122857,494.8|217.0
122858,229.85|271.9
122859,382.95|349.3
122860,346.0|581.45
122861,392.4|504.2
122862,453.0|365.1
122863,245.75|310.45
122864,338.95|324.0
122865,576.5|591.2
122866,482.75|309.25
122867,458.7|332.95
122868,462.75|423.4
122869,591.5|368.2
122870,402.8|305.95
122871,300.05|364.3
122872,455.45|587.4
122873,291.2|391.5
122874,288.4|342.85
122875,454.6|529.8
122876,459.4|419.25
122877,343.1|428.9
122878,582.35|304.9
122879,372.4|419.8
122880,213.3|302.7
122881,583.2|459.05
122882,290.8|436.5
122883,398.35|399.1
122884,441.4|432.05
122885,525.2|556.95
122886,564.1|428.7
122887,583.15|518.25
122888,479.7|476.85
122889,427.8|531.05
122890,484.5|522.15
122891,593.0|585.2
122892,411.6|428.1
122893,362.0|331.3
122894,217.3|405.3
122895,230.05|574.75
122896,476.8|568.3
122897,549.45|249.35
122898,312.55|577.8
122899,409.75|475.45
122900,587.1|474.7
122901,353.45|458.25
122902,228.75|340.75
122903,237.55|432.4
122904,311.35|388.85
122905,354.7|326.65
122906,353.5|441.6
122907,397.35|364.75
122908,325.2|551.1
122909,438.7|334.25
122910,209.95|586.8
122911,590.65|568.0
122912,289.8|572.7
122913,380.3|341.8
122914,216.75|298.9
122915,417.5|426.45
122916,523.6|228.15
122917,342.4|407.6
122918,332.2|418.8
122919,568.85|546.25
122920,525.2|563.05
122921,550.4|543.8
122922,588.15|426.9
122923,216.6|560.25
122924,397.45|235.8
122925,451.95|238.4
122926,319.75|410.9
122927,488.4|439.9
122928,265.2|586.15
122929,486.45|497.8
122930,534.3|426.25
122931,363.5|505.4
122932,548.75|333.0
122933,276.05|283.9
122934,431.95|455.65
122935,458.1|265.8
122936,573.65|467.6
122937,427.7|454.9
122938,219.9|345.65
122939,452.2|227.8
122940,472.85|470.55
122941,349.45|395.8
122942,539.7|332.25
122943,546.65|443.8
122944,439.15|550.8
122945,568.05|278.85
122946,465.9|566.95
122947,375.45|241.8
122948,225.4|284.7
122949,548.05|330.05
122950,416.2|574.35
122951,470.9|485.15
122952,400.15|259.15
122953,318.95|351.75
122954,390.9|338.55
122955,330.75|574.15
122956,259.45|285.5
122957,582.6|357.7
122958,530.4|374.35
122959,490.8|485.0
122960,392.8|330.7
122961,464.7|300.7
122962,285.25|511.35
122963,530.0|457.8
122964,554.9|578.4
122965,280.0|563.2
122966,546.15|535.15
122967,275.55|495.05
122968,250.8|242.6
122969,347.25|346.6
122970,294.7|316.05
122971,333.45|422.4
122972,353.15|395.4
122973,483.3|389.4
122974,373.85|263.35
122975,322.05|422.05
122976,541.4|226.25
122977,416.65|222.15
122978,367.15|345.05
122979,472.1|352.8
122980,475.85|250.8
122981,394.45|495.9
122982,254.3|501.3
122983,356.55|335.35
122984,352.2|454.3
122985,381.3|268.2
122986,425.1|243.15
122987,425.3|556.8
122988,254.65|437.65
122989,340.25|311.75
122990,416.9|287.65
122991,255.15|240.95
122992,261.3|551.3
122993,464.0|426.45
122994,378.45|593.5
122995,361.5|272.95
122996,579.75|457.75
122997,278.6|511.9
122998,564.05|370.2
122999,532.65|446.65
123000,308.05|393.85
123001,280.4|555.0
123002,428.6|529.15
123003,354.15|580.55
123004,588.5|210.8
123005,363.9|405.0
123006,440.4|375.7
123007,592.1|387.45
123008,585.3|398.25
123009,212.55|586.6
123010,320.75|398.05
123011,589.15|361.8
123012,214.2|481.8
123013,338.05|218.2
123014,465.6|519.25
123015,236.05|303.7
123016,404.15|294.95
123017,566.55|472.55
123018,234.1|414.35
123019,309.8|231.0
123020,361.85|586.4
123021,283.3|433.45
123022,575.3|502.75
123023,289.15|340.4
123024,551.6|268.55
123025,579.1|382.6
123026,505.5|525.9
123027,392.35|596.35
123028,435.35|229.35
123029,521.8|465.5
123030,229.75|305.4
123031,454.9|537.3
123032,449.9|557.25
123033,215.45|252.9
123034,344.8|212.95
123035,432.15|330.75
123036,359.85|344.95
123037,586.35|344.0
123038,406.8|342.45
123039,436.3|486.95
123040,359.3|436.8
123041,467.45|522.8
123042,560.45|588.4
123043,226.4|492.4
123044,307.95|402.4
123045,275.75|406.55
123046,421.0|321.2
123047,248.3|304.45
123048,326.05|215.9
123049,221.5|411.5
123050,389.5|387.9
123051,307.25|340.1
123052,208.65|586.6
123053,556.7|589.65
123054,535.2|492.35
123055,379.75|382.75
123056,400.0|576.25
123057,236.1|538.9
123058,575.3|535.45
123059,543.45|267.0
123060,248.8|229.55
123061,577.8|529.25
123062,239.3|285.85
123063,589.75|488.75
123064,478.1|381.55
123065,221.2|275.25
123066,264.55|485.65
123067,238.75|260.8
123068,425.15|382.2
123069,473.4|278.55
123070,594.95|427.3
123071,580.35|281.4
123072,291.55|299.8
123073,344.75|413.55
123074,589.45|470.85
123075,466.8|509.05
123076,353.0|277.05
123077,454.9|231.0
123078,224.05|286.45
123079,217.35|484.85
123080,482.35|485.15
123081,475.0|498.65
123082,401.95|466.6
123083,436.9|383.25
123084,510.0|462.4
123085,247.7|451.1
123086,295.85|386.0
123087,455.45|591.4
123088,463.55|295.75
123089,455.15|255.85
123090,355.7|206.95
123091,445.15|541.6
123092,418.85|245.5
123093,403.45|463.95
123094,547.9|591.35
123095,260.35|463.45
123096,549.45|216.4
123097,403.2|233.9
123098,565.35|457.25
123099,234.95|592.2
123100,402.4|474.1
123101,274.85|562.55
123102,444.0|273.7
123103,537.2|465.95
123104,252.65|528.65
123105,273.7|240.15
123106,221.7|258.5
123107,595.15|504.75
123108,331.85|301.25
123109,281.15|593.6
123110,591.85|391.1
123111,237.85|540.15
123112,442.95|358.7
123113,592.75|241.4
123114,416.5|497.25
123115,477.9|506.05
123116,535.6|518.7
123117,574.0|493.1
123118,578.85|450.1
123119,472.85|462.25
123120,453.15|258.85
123121,472.55|294.65
123122,518.85|440.65
123123,469.35|306.35
123124,370.25|226.2
123125,568.25|419.6
123126,208.5|391.35
123127,393.4|236.3
123128,382.4|490.65
123129,277.95|432.7
123130,510.2|499.2
123131,412.15|271.3
123132,247.0|414.9
123133,585.15|288.75
123134,234.05|396.2
123135,275.15|273.5
123136,411.65|560.05
123137,543.1|411.1
123138,341.2|268.4
123139,481.05|482.15
123140,488.05|510.6
123141,292.8|332.05
123142,573.2|489.55
123143,244.2|477.8
123144,593.65|217.1
123145,537.2|462.85
123146,348.3|240.8
123147,523.25|439.6
123148,430.7|212.8
123149,206.0|494.9
123150,334.65|375.75
123151,221.6|310.05
123152,403.1|232.85
123153,223.3|281.4
123154,533.65|432.1
123155,271.5|286.1
123156,388.75|322.25
123157,342.45|391.9
123158,460.0|229.95
123159,592.4|483.15
123160,519.65|456.55
123161,375.4|271.8
123162,251.9|480.2
123163,568.9|229.5
123164,250.5|540.25
123165,441.0|229.45
123166,420.95|354.35
123167,579.6|464.4
123168,353.2|418.3
123169,340.45|441.6
123170,223.0|486.85
123171,399.85|204.25
123172,515.85|443.45
123173,577.05|361.05
123174,398.8|503.75
123175,434.8|525.0
123176,498.4|398.3
123177,267.75|445.35
123178,431.05|593.45
123179,346.9|520.8
123180,536.75|553.2
123181,409.25|454.3
123182,418.4|402.35
123183,370.3|574.55
123184,460.0|527.0
123185,444.35|384.3
123186,544.0|573.25
123187,217.3|402.95
123188,551.9|300.75
123189,371.15|319.4
123190,270.65|503.35
123191,267.25|252.35
123192,287.15|538.55
123193,461.4|226.85
123194,441.5|256.6
123195,589.55|293.05
123196,337.05|503.5
123197,386.7|288.1
123198,209.35|496.3
123199,563.7|225.45
123200,553.6|577.25
123201,529.0|265.15
123202,218.2|475.55
123203,229.65|217.6
123204,383.7|485.25
123205,474.55|264.5
123206,578.15|319.65
123207,252.45|473.45
123208,531.9|423.45
123209,562.7|443.6
123210,238.2|441.15
123211,494.25|508.4
123212,338.8|346.55
123213,296.8|419.75
123214,468.4|257.3
123215,382.75|220.75
123216,247.5|302.85
123217,219.55|419.65
123218,253.55|414.05
123219,279.6|445.35
123220,406.4|294.25
123221,561.4|529.3
123222,298.75|318.2
123223,564.95|425.9
123224,545.8|445.9
123225,572.55|302.65
123226,539.8|467.65
123227,385.85|572.1
123228,564.95|294.5
123229,225.15|270.2
123230,425.2|537.2
123231,383.2|563.45
123232,216.3|456.5
123233,483.7|479.3
123234,505.7|453.95
123235,547.85|556.9
123236,334.5|426.3
123237,570.85|220.85
123238,256.25|386.9
123239,258.5|420.35
123240,342.8|586.2
123241,375.7|210.45
123242,542.35|295.75
123243,507.35|528.85
123244,584.5|384.15
123245,592.5|492.85
123246,407.95|374.95
123247,463.65|289.7
123248,372.8|235.65
123249,585.0|466.6
123250,530.2|484.15
123251,301.6|331.3
123252,396.45|424.6
123253,451.4|363.95
123254,401.15|437.85
123255,456.4|294.6
123256,341.2|534.5
123257,293.55|388.05
123258,381.85|267.55
123259,525.35|523.0
123260,377.75|212.35
123261,226.7|477.3
123262,265.95|326.1
123263,443.4|563.05
123264,543.35|242.55
123265,526.15|355.35
123266,565.65|230.0
123267,526.85|419.2
123268,343.05|244.5
123269,382.55|585.45
123270,242.15|541.65
123271,296.6|402.6
123272,274.35|532.45
123273,458.95|242.8
123274,399.5|569.4
123275,553.15|344.25
123276,367.05|358.25
123277,364.15|364.45
123278,362.15|248.7
123279,287.45|551.55
123280,211.45|255.5
123281,270.85|540.45
123282,375.0|559.4
123283,235.75|408.25
123284,537.0|536.95
123285,454.1|486.45
123286,528.8|464.3
123287,573.35|563.55
123288,344.2|597.25
123289,542.65|401.95
123290,418.05|279.75
123291,350.9|433.75
123292,338.8|420.35
123293,310.5|274.6
123294,278.85|430.1
123295,546.4|452.45
123296,440.35|329.25
123297,560.0|444.15
123298,439.6|247.0
123299,273.9|236.6
123300,338.9|563.5
123301,593.15|355.25
123302,250.95|368.75
123303,423.1|348.4
123304,419.7|431.9
123305,209.2|255.1
123306,255.2|452.85
123307,221.7|577.9
123308,423.4|263.45
123309,560.85|287.9
123310,236.7|323.0
123311,517.2|371.7
123312,579.65|503.0
123313,570.85|325.15
123314,222.25|489.6
123315,576.15|389.15
123316,391.8|595.75
123317,411.2|395.85
123318,558.7|458.85
123319,543.85|505.25
123320,385.25|490.85
123321,413.25|493.45
123322,217.1|481.0
123323,543.85|445.1
123324,546.2|290.25
123325,241.95|286.4
123326,594.45|558.65
123327,347.7|519.05
123328,423.45|567.8
123329,589.4|344.45
123330,333.85|338.6
123331,394.2|455.6
123332,320.25|396.25
123333,552.65|298.05
123334,300.4|402.75
123335,421.3|525.4
123336,222.55|513.55
123337,260.2|266.0
123338,398.1|445.35
123339,401.65|480.75
123340,261.1|338.7
123341,364.2|522.35
123342,350.2|401.95
123343,226.8|501.65
123344,586.15|378.95
123345,455.1|518.15
123346,564.2|259.05
123347,566.8|307.65
123348,583.0|471.9
123349,469.9|335.05
123350,239.35|327.2
123351,231.7|474.45
123352,261.6|587.75
123353,358.85|351.7
123354,285.6|364.95
123355,315.2|352.45
123356,386.0|464.25
123357,259.85|463.2
123358,556.95|480.8
123359,303.6|342.75
123360,262.8|524.05
123361,210.2|569.25
123362,557.15|434.85
123363,585.3|568.35
123364,547.7|211.3
123365,341.65|317.8
123366,266.15|520.35
123367,397.55|470.95
123368,206.6|572.5
123369,563.3|220.75
123370,258.6|231.5
123371,221.7|284.65
123372,256.75|263.3
123373,226.6|583.3
123374,348.05|532.05
123375,587.05|294.45
123376,523.25|442.45
123377,469.65|284.0
123378,293.65|381.1
123379,593.55|293.6
123380,398.65|373.65
123381,297.3|324.95
123382,354.85|503.4
123383,589.5|212.9
123384,232.35|592.3
123385,359.8|443.3
123386,342.75|293.5
123387,540.5|521.2
123388,586.7|344.3
123389,528.75|534.3
123390,297.35|548.6
123391,565.25|308.5
123392,366.4|384.35
123393,225.75|578.05
123394,454.45|332.4
123395,443.95|591.05
123396,564.6|216.85
123397,375.35|524.7
123398,216.15|587.65
123399,454.3|319.3
123400,424.0|259.15
123401,417.3|387.75
123402,426.9|237.8
123403,474.95|256.2
123404,544.1|441.9
123405,228.85|407.5
123406,556.4|444.15
123407,430.15|379.45
123408,460.95|291.15
123409,257.05|213.75
123410,205.95|454.05
123411,404.5|313.95
123412,564.3|473.1
123413,534.25|422.4
123414,346.45|424.1
123415,444.7|436.25
123416,287.95|464.9
123417,569.0|558.15
123418,435.25|573.6
123419,212.35|481.6
123420,277.4|372.85
123421,269.7|375.4
123422,412.7|493.6
123423,217.3|217.35
123424,426.45|487.4
123425,325.2|432.8
123426,555.8|274.7
123427,544.45|452.95
123428,515.05|361.9
123429,281.55|355.15
123430,250.55|487.45
123431,466.4|346.25
123432,361.1|330.75
123433,530.5|437.0
123434,279.2|548.85
123435,439.65|584.4
123436,219.05|580.65
123437,260.4|330.45
123438,410.75|580.95
123439,415.25|491.8
123440,282.25|542.4
123441,461.95|394.35
123442,466.7|238.7
123443,447.8|572.75
123444,343.4|502.75
123445,433.45|326.95
123446,554.0|296.4
123447,325.75|401.1
123448,583.2|436.2
123449,236.0|311.3
123450,231.15|299.35
123451,530.3|415.35
123452,394.45|521.3
123453,434.85|407.4
123454,364.6|367.8
123455,452.9|312.4
123456,410.35|587.25
123457,414.3|236.95
123458,286.15|457.25
123459,579.9|356.6
123460,236.2|226.1
123461,385.45|308.1
123462,427.3|428.2
123463,584.4|342.85
123464,473.1|212.9
123465,476.15|386.55
123466,251.4|397.4
123467,443.55|391.4
123468,411.15|557.4
123469,594.1|476.0
123470,214.95|263.65
123471,410.95|308.5
123472,575.3|567.75
123473,279.85|432.3
123474,362.8|445.95
123475,406.85|572.85
123476,539.8|300.25
123477,277.5|276.55
123478,367.6|435.25
123479,390.8|574.35
123480,421.35|503.95
123481,355.85|212.65
123482,344.8|340.2
123483,555.8|581.75
123484,556.85|545.5
123485,488.65|347.1
123486,289.2|327.2
123487,454.25|536.45
123488,275.4|281.85
123489,515.55|328.7
123490,248.5|217.85
123491,346.15|438.0
123492,356.95|556.2
123493,525.2|431.2
123494,294.5|459.9
123495,210.25|265.15
123496,573.65|412.65
123497,457.95|562.0
123498,581.95|522.9
123499,362.1|351.6
123500,405.25|357.05
123501,245.8|442.95
123502,209.85|476.85
123503,350.35|228.4
123504,550.55|432.35
123505,546.85|522.0
123506,346.05|321.9
123507,379.75|479.2
123508,465.85|553.9
123509,398.0|269.2
123510,321.8|406.7
123511,335.6|251.8
123512,474.55|343.8
123513,435.3|331.65
123514,575.75|465.85
123515,462.65|519.65
123516,254.95|580.45
123517,269.65|371.45
123518,307.95|380.6
123519,232.45|524.45
123520,240.15|459.25
123521,454.6|529.15
123522,528.05|436.6
123523,291.85|453.05
123524,553.9|305.9
123525,453.9|284.85
123526,578.45|555.45
123527,497.2|351.1
123528,558.55|274.1
123529,216.65|306.5
123530,591.15|217.25
123531,477.85|352.4
123532,391.4|333.0
123533,385.15|365.95
123534,281.75|400.45
123535,265.9|583.95
123536,386.35|256.05
123537,414.6|459.4
123538,547.5|542.7
123539,576.8|282.9
123540,347.3|590.35
123541,274.25|486.4
123542,345.7|389.7
123543,534.35|297.25
123544,239.15|324.15
123545,258.15|576.1
123546,534.65|430.8
123547,213.6|407.75
123548,257.25|555.45
123549,423.05|355.6
123550,295.75|327.65
123551,572.5|467.6
123552,312.45|479.15
123553,529.85|431.3
123554,595.1|579.05
123555,377.15|535.9
123556,491.25|437.45
123557,576.55|309.8
123558,574.9|400.35
123559,400.0|366.25
123560,217.9|403.5
123561,444.9|399.55
123562,459.55|215.7
123563,554.55|289.95
123564,473.0|293.5
123565,224.5|306.0
123566,502.7|377.95
123567,396.0|498.55
123568,276.7|253.95
123569,460.6|514.5
123570,234.5|383.3
123571,525.0|347.95
123572,285.55|376.45
123573,366.7|280.05
123574,253.7|344.3
123575,565.55|317.3
123576,419.7|273.1
123577,322.7|401.75
123578,415.0|572.1
123579,394.8|474.55
123580,289.35|546.5
123581,343.7|344.15
123582,341.7|416.25
123583,275.95|354.25
123584,552.75|273.85
123585,254.55|556.55
123586,467.95|250.75
123587,573.85|411.05
123588,225.8|560.05
123589,472.6|457.0
123590,414.15|313.1
123591,257.2|370.7
123592,379.4|346.25
123593,369.8|286.55
123594,366.55|211.35
123595,286.45|459.7
123596,251.8|369.55
123597,420.0|520.7
123598,392.9|580.0
123599,371.25|446.9
123600,481.65|475.1
123601,588.15|276.75
123602,567.95|572.35
123603,572.0|381.0
123604,396.7|534.9
123605,394.3|265.7
123606,319.35|409.9
123607,381.15|480.6
123608,489.1|218.7
123609,573.3|549.9
123610,437.6|581.7
123611,275.2|391.0
123612,407.4|276.25
123613,255.0|263.1
123614,430.3|556.95
123615,349.8|231.3
123616,396.55|589.05
123617,554.3|314.25
123618,577.85|542.65
123619,237.3|460.35
123620,349.0|271.55
123621,285.75|589.25
123622,409.35|209.9
123623,573.85|372.75
123624,332.15|573.9
123625,343.25|267.1
123626,590.15|547.95
123627,305.4|388.55
123628,346.95|434.6
123629,524.7|537.3
123630,532.35|492.5
123631,236.55|490.95
123632,365.2|336.9
123633,574.55|330.4
123634,513.25|438.2
123635,539.3|412.6
123636,470.55|277.6
123637,256.5|552.4
123638,342.6|544.35
123639,276.7|536.1
123640,390.9|449.75
123641,264.1|321.25
123642,578.1|463.05
123643,538.35|436.9
123644,382.7|338.85
123645,342.85|546.05
123646,543.85|235.1
123647,527.7|501.45
123648,547.75|270.2
123649,592.95|382.2
123650,211.35|486.6
123651,231.9|570.6
123652,235.8|411.15
123653,422.25|237.0
123654,581.4|346.35
123655,236.95|432.7
123656,563.1|291.15
123657,566.9|406.7
123658,552.85|586.75
123659,327.8|258.6
123660,416.55|304.35
123661,275.1|270.4
123662,433.3|571.3
123663,536.85|499.5
123664,442.0|576.55
123665,357.65|449.0
123666,345.1|330.7
123667,212.75|457.95
123668,562.25|528.3
123669,530.85|547.3
123670,249.0|538.95
123671,225.3|239.25
123672,438.15|311.9
123673,332.55|487.55
123674,538.25|312.9
123675,439.75|592.1
123676,443.9|468.65
123677,387.45|365.05
123678,553.65|586.2
123679,391.6|552.85
123680,589.6|412.1
123681,466.4|514.1
123682,387.9|213.4
123683,524.75|299.2
123684,563.5|470.45
123685,542.7|338.9
123686,247.45|394.7
123687,459.25|271.05
123688,478.75|367.35
123689,301.1|328.7
123690,541.7|495.65
123691,546.05|549.15
123692,384.25|207.3
123693,286.5|545.3
123694,221.7|585.5
123695,335.35|440.0
123696,389.35|356.9
123697,359.85|584.3
123698,293.25|469.25
123699,583.65|238.75
123700,350.9|268.3
123701,459.1|322.8
123702,355.55|279.85
123703,495.35|343.1
123704,472.5|311.3
123705,594.2|519.15
123706,391.45|564.85
123707,216.6|584.4
123708,213.2|471.6
123709,403.35|596.0
123710,515.3|497.8
123711,451.05|218.0
123712,562.4|247.5
123713,207.75|582.4
123714,229.55|294.45
123715,268.05|231.35
123716,364.65|378.35
123717,431.55|578.15
123718,584.65|579.7
123719,297.3|381.85
123720,531.25|477.7
123721,217.7|250.1
123722,234.05|327.35
123723,425.3|313.2
123724,347.1|323.4
123725,523.95|371.2
123726,346.55|334.25
123727,404.05|358.35
123728,253.95|342.25
123729,297.6|345.65
123730,462.25|279.45
123731,507.1|497.45
123732,469.2|277.9
123733,464.2|246.05
123734,400.1|577.5
123735,414.3|556.15
123736,410.25|493.7
123737,575.7|571.5
123738,593.45|511.55
123739,416.9|474.4
123740,549.85|544.1
123741,212.4|469.0
123742,588.35|563.0
123743,230.75|413.0
123744,475.85|338.55
123745,553.25|452.65
123746,578.15|252.15
123747,251.9|274.05
123748,530.05|538.85
123749,238.55|381.85
123750,389.15|294.3
123751,209.3|584.95
123752,358.85|315.95
123753,407.4|586.95
123754,324.3|360.15
123755,370.4|292.4
123756,442.15|514.15
123757,442.35|261.25
123758,246.3|350.05
123759,382.3|462.7
123760,321.3|421.65
123761,538.45|358.35
123762,273.55|276.95
123763,376.95|587.2
123764,295.4|247.6
123765,251.8|433.35
123766,430.9|573.9
123767,429.8|579.15
123768,250.65|284.6
123769,232.1|249.2
123770,302.15|338.65
123771,291.6|453.85
123772,378.4|248.2
123773,543.45|336.9
123774,381.0|288.5
123775,578.35|535.5
123776,437.6|482.55
123777,564.15|449.95
123778,455.5|461.4
123779,475.1|486.15
123780,270.95|220.9
123781,460.05|220.5
123782,438.25|224.35
123783,285.2|539.85
123784,260.8|306.35
123785,253.15|232.2
123786,459.4|394.45
123787,444.75|305.8
123788,450.65|271.45
123789,469.65|359.5
123790,385.1|579.35
123791,353.25|234.1
123792,211.55|582.45
123793,346.75|341.5
123794,417.2|410.05
123795,367.0|477.85
123796,445.4|276.1
123797,341.75|415.5
123798,281.05|247.55
123799,370.65|210.9
123800,496.95|455.15
123801,591.1|209.15
123802,409.35|278.8
123803,290.9|294.95
123804,534.45|282.85
123805,230.45|486.2
123806,457.6|241.65
123807,250.1|272.3
123808,491.8|475.55
123809,299.8|327.95
123810,361.2|543.05
123811,417.55|411.9
123812,450.6|437.15
123813,476.45|335.4
123814,553.5|521.95
123815,369.4|344.0
123816,559.6|581.3
123817,325.4|394.0
123818,256.3|407.85
123819,461.35|436.45
123820,517.35|484.25
123821,244.5|378.55
123822,470.2|353.3
123823,554.35|495.05
123824,438.7|251.1
123825,477.9|239.7
123826,303.0|326.05
123827,435.1|270.55
123828,525.55|481.95
123829,346.5|228.25
123830,287.65|521.25
123831,313.1|454.8
123832,552.7|468.0
123833,401.8|206.65
123834,413.15|544.75
123835,256.8|558.3
123836,482.3|459.1
123837,584.35|431.45
123838,333.55|485.8
123839,587.25|401.75
123840,387.25|580.15
123841,551.4|545.75
123842,574.35|349.9
123843,335.95|438.65
123844,298.8|329.85
123845,277.95|258.6
123846,535.2|321.9
123847,584.5|494.0
123848,538.0|487.85
123849,216.4|404.75
123850,448.9|361.05
123851,343.85|421.9
123852,271.6|562.3
123853,475.6|268.2
123854,286.8|377.05
123855,384.65|371.3
123856,212.6|526.0
123857,362.1|258.7
123858,364.7|230.95
123859,435.6|590.3
123860,425.65|550.2
123861,413.5|205.05
123862,329.2|345.6
123863,248.95|437.8
123864,580.85|513.2
123865,490.95|254.75
123866,338.85|240.85
123867,279.6|346.15
123868,442.1|572.5
123869,533.4|547.25
123870,488.95|337.1
123871,537.55|525.4
123872,459.7|394.7
123873,465.3|454.1
123874,340.1|247.35
123875,431.2|389.0
123876,292.5|568.65
123877,421.85|389.05
123878,573.7|325.7
123879,244.25|211.05
123880,356.6|327.15
123881,234.2|223.35
123882,273.25|353.65
123883,292.55|348.1
123884,252.85|304.45
123885,416.55|221.15
123886,505.9|374.7
123887,219.8|393.75
123888,354.15|378.35
123889,268.0|505.1
123890,286.95|527.8
123891,233.8|225.6
123892,306.9|389.55
123893,403.3|434.4
123894,436.9|463.2
123895,280.4|238.35
123896,238.65|573.35
123897,416.65|400.7
123898,495.6|513.65
123899,369.05|507.2
123900,405.1|592.05
123901,368.05|595.15
123902,440.45|517.3
123903,413.85|369.05
123904,526.6|555.55
123905,237.55|373.05
123906,568.15|449.05
123907,324.45|398.3
123908,556.1|586.2
123909,480.4|479.5
123910,407.95|356.0
123911,223.45|512.5
123912,394.05|382.9
123913,270.15|354.9
123914,460.2|565.45
123915,432.9|278.95
123916,535.95|432.0
123917,438.4|444.15
123918,349.15|569.05
123919,451.45|546.05
123920,533.55|527.55
123921,446.4|565.15
123922,577.3|304.65
123923,534.8|413.85
123924,347.25|317.5
123925,371.7|408.55
123926,454.55|331.35
123927,557.6|436.75
123928,213.45|225.8
123929,401.85|244.8
123930,414.55|258.5
123931,279.2|367.9
123932,416.15|551.9
123933,267.8|286.8
123934,224.5|427.9
123935,237.55|574.9
123936,403.1|305.8
123937,353.4|399.65
123938,310.8|369.25
123939,219.3|248.85
123940,456.45|268.55
123941,336.55|324.8
123942,486.0|335.75
123943,470.7|237.65
123944,368.95|368.15
123945,455.75|549.05
123946,361.25|266.0
123947,325.45|291.9
123948,396.15|293.9
123949,386.55|372.15
123950,235.55|229.9
123951,591.2|229.0
123952,379.65|463.05
123953,530.8|564.8
123954,321.75|330.15
123955,517.55|223.95
123956,580.45|292.4
123957,406.55|501.65
123958,367.45|273.7
123959,589.95|419.2
123960,344.2|219.3
123961,528.5|419.6
123962,589.25|551.85
123963,396.6|413.2
123964,437.1|526.4
123965,427.8|257.2
123966,213.55|467.35
123967,369.6|256.05
123968,437.65|566.1
123969,250.2|416.1
123970,318.7|334.25
123971,256.55|512.0
123972,388.3|469.45
123973,445.8|319.0
123974,421.2|368.5
123975,563.1|505.1
123976,423.3|589.6
123977,420.55|368.1
123978,386.35|585.55
123979,490.2|486.95
123980,417.75|496.9
123981,335.7|540.1
123982,404.05|377.3
123983,391.25|257.7
123984,213.0|531.65
123985,253.25|213.75
123986,268.55|375.75
123987,280.2|359.35
123988,530.05|396.7
123989,225.0|267.75
123990,577.9|318.0
123991,479.05|413.3
123992,507.3|374.0
123993,242.1|238.4
123994,209.65|301.1
123995,304.85|373.55
123996,553.3|225.55
123997,514.45|314.4
123998,475.4|223.65
123999,523.35|326.45
124000,555.0|288.2
124001,374.65|498.45
124002,537.75|264.35
124003,338.45|350.4
124004,245.55|550.25
124005,239.45|437.9
124006,355.2|528.6
124007,226.5|388.9
124008,490.15|368.8
124009,263.15|279.05
124010,462.2|418.85
124011,217.4|358.35
124012,231.8|276.05
124013,242.6|457.3
124014,592.95|260.65
124015,293.95|500.05
124016,220.75|292.75
124017,418.9|237.15
124018,443.1|259.2
124019,532.95|577.95
124020,322.8|361.45
124021,400.55|382.0
124022,545.7|232.5
124023,420.3|382.25
124024,379.5|243.45
124025,238.85|219.35
124026,531.1|279.65
124027,405.7|291.3
124028,371.05|314.9
124029,471.55|319.65
124030,545.9|575.4
124031,298.6|364.5
124032,563.5|455.4
124033,380.75|287.55
124034,217.55|588.95
124035,506.05|242.05
124036,422.45|478.35
124037,332.95|429.25
124038,395.2|274.65
124039,430.9|591.7
124040,442.9|303.35
124041,546.85|548.2
124042,591.55|553.95
124043,285.75|584.95
124044,216.55|588.5
124045,287.2|450.7
124046,515.9|534.75
124047,454.65|396.6
124048,381.15|274.15
124049,274.5|457.65
124050,573.55|537.5
124051,394.8|591.25
124052,522.15|422.15
124053,295.3|515.35
124054,460.7|232.05
124055,345.2|229.65
124056,387.55|289.8
124057,409.55|341.1
124058,580.3|501.5
124059,231.2|250.7
124060,567.15|246.5
124061,542.75|283.6
124062,259.7|413.1
124063,558.45|373.45
124064,555.7|313.5
124065,510.05|287.15
124066,538.2|426.0
124067,375.4|594.1
124068,527.15|495.25
124069,439.65|357.8
124070,381.9|592.35
124071,210.35|546.45
124072,370.85|378.55
124073,269.55|228.3
124074,508.85|488.9
124075,286.7|535.95
124076,461.25|529.2
124077,360.0|270.25
124078,433.0|405.45
124079,207.6|321.5
124080,414.7|463.75
124081,574.6|300.6
124082,562.2|376.8
124083,574.9|243.4
124084,462.5|561.4
124085,252.2|219.9
124086,208.7|588.3
124087,558.5|497.7
124088,464.65|453.7
124089,475.2|324.75
124090,325.4|249.3
124091,398.45|210.85
124092,423.1|395.65
124093,575.3|323.7
124094,559.6|327.65
124095,585.55|468.25
124096,531.9|419.05
124097,577.1|555.2
124098,236.25|301.75
124099,415.0|483.35
124100,582.25|411.1
124101,250.4|538.9
124102,347.4|385.5
124103,284.6|515.45
124104,212.3|472.7
124105,423.25|452.3
124106,571.55|313.9
124107,372.4|210.0
124108,229.8|493.05
124109,583.3|487.15
124110,433.65|261.0
124111,458.1|216.55
124112,537.7|292.15
124113,389.4|291.4
124114,281.1|250.25
124115,234.1|574.95
124116,483.3|541.6
124117,239.2|542.35
124118,231.3|392.6
124119,221.9|470.25
124120,540.05|478.75
124121,399.8|329.4
124122,249.6|267.2
124123,441.85|290.6
124124,420.9|319.95
124125,345.05|322.05
124126,367.95|589.6
124127,560.75|233.1
124128,338.3|403.45
124129,418.45|233.0
124130,571.85|572.25
124131,472.7|453.75
124132,435.55|419.9
124133,263.6|340.85
124134,377.2|260.35
124135,403.15|444.15
124136,379.9|477.1
124137,214.45|593.3
124138,351.55|273.9
124139,354.1|397.3
124140,547.0|267.45
124141,347.55|224.85
124142,429.5|377.15
124143,210.05|304.0
124144,236.45|379.85
124145,445.4|381.15
124146,469.45|342.05
124147,518.0|509.7
124148,326.55|407.3
124149,269.85|426.65
124150,262.25|273.25
124151,283.35|373.3
124152,241.85|523.4
124153,350.25|595.1
124154,368.25|263.65
124155,213.55|487.0
124156,535.0|460.55
124157,317.95|483.3
124158,209.35|561.05
124159,470.7|303.7
124160,231.75|532.05
124161,288.85|298.25
124162,271.75|576.9
124163,222.0|302.15
124164,582.15|278.35
124165,416.0|544.35
124166,272.65|346.8
124167,572.25|569.3
124168,389.45|553.85
124169,248.0|585.85
124170,581.2|229.55
124171,509.2|499.1
124172,248.75|500.4
124173,251.2|501.5
124174,223.45|467.75
124175,287.25|360.3
124176,552.7|293.1
124177,590.3|257.9
124178,312.85|420.85
124179,449.4|318.45
124180,480.5|359.4
124181,518.2|442.4
124182,505.1|353.95
124183,233.65|284.5
124184,206.2|303.8
124185,510.75|389.05
124186,519.7|332.3
124187,491.3|249.6
124188,220.8|263.05
124189,249.75|303.1
124190,289.05|269.1
124191,339.3|410.1
124192,420.7|267.3
124193,479.0|491.5
124194,399.6|417.9
124195,576.0|388.3
124196,251.25|563.45
124197,441.05|351.55
124198,274.2|586.1
124199,440.05|387.65
124200,593.85|424.95
124201,560.85|578.75
124202,359.1|205.95
124203,242.65|563.0
124204,234.0|299.95
124205,206.35|484.9
124206,401.55|234.3
124207,247.4|307.75
124208,356.2|225.05
124209,467.6|490.05
124210,471.25|238.3
124211,592.75|424.8
124212,212.55|481.85
124213,353.5|441.55
124214,220.25|426.45
124215,362.8|223.65
124216,446.95|482.35
124217,374.3|417.5
124218,278.1|380.35
124219,436.35|323.05
124220,447.1|243.45
124221,520.05|446.5
124222,343.4|326.3
124223,342.65|209.95
124224,342.0|422.55
124225,385.3|234.65
124226,475.15|327.15
124227,467.75|222.6
124228,487.15|255.2
124229,545.15|588.6
124230,426.65|211.4
124231,419.85|349.6
124232,522.75|467.2
124233,407.3|493.25
124234,476.8|376.5
124235,239.05|571.45
124236,563.55|403.95
124237,588.85|401.85
124238,300.35|417.05
124239,327.55|418.3
124240,400.6|576.55
124241,542.5|473.95
124242,230.55|210.85
124243,540.65|459.15
124244,547.8|366.25
124245,420.05|350.55
124246,265.35|520.3
124247,355.75|580.8
124248,213.95|548.25
124249,403.25|489.7
124250,355.2|363.4
124251,329.3|404.85
124252,567.3|305.8
124253,450.5|242.45
124254,555.05|467.5
124255,462.0|385.2
124256,275.3|278.75
124257,376.2|333.6
124258,302.75|327.05
124259,588.45|258.75
124260,244.25|438.85
124261,344.1|533.25
124262,416.35|486.1
124263,393.75|301.45
124264,425.1|224.5
124265,267.3|413.7
124266,374.9|587.1
124267,212.25|427.4
124268,291.2|497.9
124269,207.9|322.3
124270,450.2|590.6
124271,349.2|214.05
124272,291.2|533.75
124273,302.6|421.15
124274,397.7|577.65
124275,399.5|586.6
124276,280.15|386.8
124277,424.0|450.2
124278,454.5|258.2
124279,233.3|539.05
124280,559.45|436.45
124281,316.55|418.35
124282,388.65|384.8
124283,233.15|396.2
124284,258.4|378.9
124285,581.0|491.75
124286,249.15|470.15
124287,346.4|403.05
124288,428.25|531.0
124289,221.4|549.3
124290,578.2|589.8
124291,448.2|571.7
124292,217.45|580.45
124293,263.4|240.8
124294,333.7|430.0
124295,473.8|381.8
124296,285.75|379.55
124297,424.3|403.05
124298,373.8|404.3
124299,240.85|305.85
124300,353.1|512.0
124301,530.25|468.25
124302,399.9|231.6
124303,217.7|573.5
124304,379.9|588.8
124305,422.6|583.3
124306,402.4|588.6
124307,255.8|426.55
124308,444.15|206.55
124309,257.5|283.5
124310,546.15|218.35
124311,545.55|569.95
124312,286.45|436.7
124313,463.9|362.6
124314,227.35|467.05
124315,562.65|496.3
124316,525.55|304.55
124317,370.35|312.4
124318,406.6|268.0
124319,572.5|572.35
124320,399.85|542.6
124321,546.35|441.2
124322,287.75|592.75
124323,332.75|546.95
124324,425.55|467.4
124325,363.3|588.35
124326,273.0|235.95
124327,394.55|266.7
124328,578.65|460.8
124329,519.7|524.9
124330,204.85|323.1
124331,290.9|487.25
124332,258.65|568.6
124333,448.65|569.3
124334,501.5|419.8
124335,377.4|588.0
124336,536.95|532.05
124337,578.45|400.7
124338,538.5|318.05
124339,472.2|535.05
124340,576.6|490.25
124341,580.2|348.2
124342,353.5|325.0
124343,540.25|295.7
124344,573.1|463.95
124345,410.95|210.45
124346,497.25|447.25
124347,409.8|269.2
124348,437.1|401.0
124349,580.65|514.8
124350,590.05|555.15
124351,363.05|526.85
124352,366.6|226.7
124353,387.35|205.1
124354,413.15|587.6
124355,351.1|548.45
124356,470.1|459.05
124357,275.65|421.95
124358,209.85|503.1
124359,478.1|342.8
124360,549.7|537.25
124361,278.5|317.65
124362,274.5|354.8
124363,227.1|238.35
124364,254.85|415.7
124365,396.95|542.9
124366,278.6|496.2
124367,341.55|536.2
124368,290.7|442.2
124369,231.5|215.75
124370,225.05|579.25
124371,427.55|258.75
124372,585.15|591.1
124373,390.25|447.2
124374,356.65|277.05
124375,361.6|333.05
124376,212.35|324.3
124377,322.2|402.05
124378,551.8|522.6
124379,272.7|317.7
124380,541.25|581.3
124381,474.05|459.45
124382,473.0|343.2
124383,275.75|451.0
124384,278.8|264.4
124385,222.45|227.7
124386,211.7|539.05
124387,355.9|582.9
124388,255.9|581.9
124389,531.35|412.55
124390,461.35|373.35
124391,472.75|526.15
124392,586.65|526.3
124393,338.6|241.1
124394,453.7|286.75
124395,386.45|539.45
124396,234.6|468.55
124397,530.65|449.45
124398,375.85|223.9
124399,360.5|257.4
124400,387.9|211.9
124401,577.95|528.05
124402,269.95|238.55
124403,377.65|414.65
124404,512.75|501.9
124405,211.1|572.3
124406,443.3|454.7
124407,279.1|526.05
124408,239.7|263.65
124409,231.0|387.05
124410,544.65|220.15
124411,240.75|434.3
124412,228.8|595.0
124413,214.05|528.65
124414,567.1|280.2
124415,471.25|242.4
124416,535.85|426.95
124417,248.35|343.3
124418,393.95|374.25
124419,230.3|511.4
124420,428.75|590.15
124421,220.95|463.8
124422,592.8|388.2
124423,328.05|383.25
124424,378.6|272.4
124425,418.8|323.35
124426,573.0|304.65
124427,389.45|280.2
124428,535.55|444.75
124429,465.1|227.85
124430,231.1|254.6
124431,259.8|275.1
124432,554.9|396.45
124433,351.55|323.3
124434,301.9|556.35
124435,304.0|397.1
124436,242.7|275.75
124437,486.05|476.6
124438,355.45|547.9
124439,472.65|362.75
124440,460.15|365.05
124441,301.95|332.35
124442,593.75|437.8
124443,232.65|280.65
124444,527.65|563.4
124445,528.4|437.65
124446,211.7|588.4
124447,531.5|563.85
124448,528.45|272.6
124449,223.6|579.4
124450,530.8|390.8
124451,211.1|305.35
124452,455.75|217.0
124453,561.55|292.6
124454,440.1|504.8
124455,411.6|293.6
124456,278.7|489.85
124457,356.45|291.95
124458,366.05|293.65
124459,441.1|560.3
124460,385.25|555.8
124461,373.2|370.0
124462,490.7|440.8
124463,452.8|228.7
124464,380.45|216.45
124465,366.55|260.3
124466,492.25|254.75
124467,356.4|294.3
124468,504.0|350.9
124469,347.35|526.2
124470,486.7|333.8
124471,242.85|494.15
124472,375.95|287.2
124473,342.4|527.05
124474,494.05|340.8
124475,354.2|328.5
124476,223.3|229.7
124477,455.45|474.2
124478,245.35|407.8
124479,456.1|237.3
124480,448.6|421.35
124481,401.55|578.75
124482,356.85|283.1
124483,273.25|426.95
124484,208.75|483.5
124485,578.6|333.65
124486,230.55|415.45
124487,421.55|537.0
124488,284.05|413.2
124489,421.4|388.25
124490,233.55|519.75
124491,520.6|475.95
124492,390.25|579.75
124493,477.5|429.15
124494,238.1|291.6
124495,403.6|501.8
124496,427.3|563.55
124497,471.25|248.25
124498,330.85|483.2
124499,234.9|332.75
124500,273.15|409.3
124501,231.85|285.25
124502,472.95|503.15
124503,235.75|320.7
124504,566.5|445.9
124505,289.7|433.1
124506,550.85|512.75
124507,431.05|452.15
124508,551.15|227.2
124509,459.85|539.65
124510,529.5|277.45
124511,561.65|433.75
124512,456.7|557.65
124513,340.8|563.55
124514,270.35|442.75
124515,244.25|503.3
124516,266.95|568.0
124517,305.9|324.65
124518,389.6|584.75
124519,210.75|521.0
124520,345.15|511.35
124521,374.55|401.05
124522,471.2|482.85
124523,329.3|562.4
124524,471.95|222.0
124525,410.6|355.65
124526,297.2|365.55
124527,361.15|339.9
124528,580.4|469.8
124529,399.8|262.55
124530,242.9|341.9
124531,209.4|280.6
124532,557.15|255.0
124533,319.6|399.05
124534,277.25|523.55
124535,465.35|414.7
124536,548.15|428.25
124537,293.35|388.05
124538,510.6|399.45
124539,552.95|459.55
124540,413.05|482.0
124541,469.35|457.55
124542,347.2|209.4
124543,273.85|374.2
124544,431.0|517.75
124545,406.3|390.6
124546,591.25|265.5
124547,430.35|583.25
124548,324.95|247.2
124549,244.65|512.6
124550,286.1|421.2
124551,381.15|249.15
124552,592.35|218.4
124553,355.8|537.5
124554,534.7|531.4
124555,237.1|344.9
124556,341.75|320.55
124557,577.25|488.5
124558,455.35|223.15
124559,457.05|460.2
124560,561.2|524.0
124561,464.65|560.15
124562,447.45|426.7
124563,377.85|308.35
124564,268.4|298.25
124565,358.2|368.5
124566,256.05|426.55
124567,445.2|226.2
124568,587.8|357.75
124569,564.6|534.15
124570,254.8|378.9
124571,233.7|379.95
124572,578.25|532.45
124573,520.25|467.5
124574,404.5|522.2
124575,540.2|531.25
124576,273.5|330.3
124577,434.55|379.05
124578,428.95|313.0
124579,253.2|354.95
124580,427.65|342.4
124581,552.35|430.35
124582,591.55|313.35
124583,473.8|248.0
124584,351.45|368.5
124585,452.6|387.6
124586,287.85|503.75
124587,287.2|472.05
124588,396.5|409.35
124589,392.55|485.55
124590,396.7|210.25
124591,586.6|406.0
124592,349.05|584.6
124593,363.15|562.2
124594,345.3|428.4
124595,413.15|227.1
124596,573.75|327.25
124597,462.25|542.7
124598,269.9|488.85
124599,570.5|214.1
124600,293.55|303.2
124601,584.5|583.7
124602,469.5|566.9
124603,214.9|580.95
124604,485.65|484.65
124605,238.4|565.75
124606,244.15|591.85
124607,328.05|323.0
124608,583.6|264.6
124609,249.6|524.5
124610,253.15|490.25
124611,569.85|505.95
124612,355.45|519.35
124613,349.95|494.0
124614,418.35|340.65
124615,232.8|546.05
124616,363.8|371.0
124617,254.3|418.65
124618,544.65|543.6
124619,402.4|365.0
124620,357.9|279.95
124621,413.4|415.15
124622,447.55|385.7
124623,426.4|291.3
124624,564.55|233.05
124625,456.0|591.15
124626,504.6|324.6
124627,492.55|497.45
124628,346.35|561.9
124629,237.25|399.1
124630,378.45|484.05
124631,538.4|587.4
124632,430.35|590.5
124633,444.55|250.8
124634,239.2|463.35
124635,503.1|313.45
124636,348.9|543.6
124637,323.6|228.35
124638,387.5|464.6
124639,246.75|226.15
124640,350.2|535.1
124641,275.85|446.25
124642,506.6|338.65
124643,224.45|561.5
124644,362.4|217.3
124645,342.55|556.85
124646,270.6|269.85
124647,355.4|385.55
124648,395.6|567.85
124649,393.65|371.4
124650,524.7|458.1
124651,392.85|290.1
124652,337.5|235.55
124653,566.95|557.05
124654,460.7|446.45
124655,443.9|330.65
124656,263.65|573.0
124657,404.25|218.85
124658,348.3|402.95
124659,425.95|321.35
124660,558.45|248.55
124661,336.85|552.2
124662,563.05|592.85
124663,499.05|295.9
124664,588.85|418.65
124665,275.15|570.1
124666,222.1|451.1
124667,517.25|283.45
124668,556.4|280.45
124669,281.4|290.85
124670,456.3|415.85
124671,251.7|566.55
124672,275.95|553.85
124673,251.65|563.3
124674,492.7|350.45
124675,235.0|294.3
124676,351.15|257.7
124677,286.05|547.25
124678,465.7|475.6
124679,222.0|249.15
124680,241.6|376.1
124681,548.3|447.6
124682,451.85|579.2
124683,244.45|434.7
124684,204.8|463.4
124685,359.2|362.75
124686,225.3|466.1
124687,560.2|243.45
124688,289.8|340.0
124689,350.9|516.25
124690,536.8|255.4
124691,285.8|287.4
124692,405.6|211.3
124693,525.4|425.05
124694,580.7|441.75
124695,559.4|475.6
124696,451.2|449.3
124697,208.45|370.25
124698,217.05|578.45
124699,392.7|249.8
124700,485.25|295.25
124701,255.75|398.5
124702,549.1|272.85
124703,367.95|277.45
124704,243.35|272.45
124705,433.0|528.2
124706,262.65|371.9
124707,273.8|369.1
124708,539.6|456.65
124709,461.95|343.8
124710,282.95|578.55
124711,477.05|353.75
124712,209.0|529.95
124713,453.0|258.2
124714,354.45|493.9
124715,278.2|580.95
124716,272.25|544.0
124717,377.35|222.7
124718,558.3|517.0
124719,264.5|356.7
124720,242.3|457.4
124721,520.8|381.3
124722,467.7|546.95
124723,458.5|424.8
124724,333.2|583.85
124725,351.0|325.3
124726,449.1|436.65
124727,524.15|230.4
124728,375.4|321.8
124729,378.25|267.2
124730,466.25|286.8
124731,400.05|272.05
124732,454.1|216.7
124733,240.85|399.6
124734,369.0|217.65
124735,467.55|379.85
124736,318.65|378.75
124737,334.9|344.65
124738,335.35|476.4
124739,550.85|559.3
124740,515.5|433.9
124741,574.5|310.7
124742,476.8|345.65
124743,384.35|261.55
124744,297.8|514.7
124745,564.55|317.35
124746,451.45|585.5
124747,283.3|357.6
124748,215.2|304.2
124749,517.25|365.6
124750,359.15|558.6
124751,237.3|553.1
124752,444.2|548.9
124753,372.8|226.25
124754,288.55|532.05
124755,477.35|483.7
124756,367.05|402.9
124757,389.7|414.1
124758,391.35|277.8
124759,489.65|460.6
124760,393.85|250.2
124761,348.2|535.25
124762,480.5|457.4
124763,212.35|264.65
124764,336.75|224.75
124765,532.8|259.0
124766,426.25|334.95
124767,230.25|409.4
124768,451.9|522.75
124769,546.6|414.65
124770,586.65|503.15
124771,368.85|216.1
124772,284.6|367.05
124773,565.15|565.25
124774,468.2|324.0
124775,563.65|520.55
124776,217.7|395.5
124777,286.65|574.25
124778,208.65|449.95
124779,351.15|265.6
124780,455.25|244.55
124781,378.4|335.8
124782,534.65|579.4
124783,552.45|328.95
124784,376.55|472.65
124785,438.8|485.8
124786,272.6|498.55
124787,358.6|293.55
124788,426.35|493.35
124789,591.2|350.85
124790,238.55|390.6
124791,456.05|252.7
124792,272.9|543.4
124793,534.6|427.35
124794,459.35|209.6
124795,566.2|268.55
124796,342.15|423.75
124797,540.3|329.5
124798,519.65|485.3
124799,224.75|553.3
124800,254.45|269.45
124801,272.0|441.75
124802,216.15|467.45
124803,412.95|508.4
124804,531.15|335.1
124805,536.1|449.4
124806,489.85|359.55
124807,522.45|296.6
124808,276.65|334.45
124809,243.55|474.95
124810,588.25|401.45
124811,358.8|351.6
124812,210.95|587.5
124813,352.4|566.45
124814,227.95|273.65
124815,570.35|569.0
124816,269.65|344.7
124817,214.85|344.35
124818,555.7|451.85
124819,367.3|355.2
124820,467.8|340.3
124821,389.55|219.25
124822,533.9|454.7
124823,378.05|559.75
124824,505.7|486.25
124825,242.25|551.55
124826,399.0|357.05
124827,392.05|530.6
124828,462.7|351.5
124829,220.35|299.45
124830,580.1|365.55
124831,381.1|294.1
124832,355.6|596.05
124833,340.55|530.0
124834,449.55|235.6
124835,347.5|412.7
124836,575.4|329.95
124837,241.15|575.0
124838,209.45|519.75
124839,350.55|340.75
124840,550.45|588.7
124841,424.65|471.55
124842,535.0|464.6
124843,216.3|403.55
124844,271.25|253.85
124845,338.8|403.8
124846,267.85|448.55
124847,342.0|271.6
124848,273.65|394.05
124849,229.35|300.45
124850,236.65|546.15
124851,398.85|261.15
124852,586.4|341.9
124853,405.85|262.9
124854,343.65|344.55
124855,250.95|236.1
124856,359.0|205.05
124857,471.2|457.2
124858,291.05|532.35
124859,365.1|578.65
124860,214.4|513.7
124861,381.2|565.35
124862,208.15|497.5
124863,523.35|506.2
124864,523.9|434.5
124865,348.3|365.2
124866,541.5|586.85
124867,418.95|264.75
124868,283.05|312.4
124869,411.3|589.1
124870,572.1|300.9
124871,447.45|435.85
124872,544.7|344.25
124873,406.45|220.95
124874,359.3|435.8
124875,583.8|521.35
124876,589.65|365.95
124877,568.1|400.15
124878,429.45|335.0
124879,577.6|248.3
124880,259.8|540.05
124881,556.85|351.25
124882,558.0|321.85
124883,289.2|418.2
124884,568.15|380.0
124885,394.2|578.25
124886,559.05|586.1
124887,559.0|352.0
124888,440.4|543.4
124889,242.0|286.05
124890,389.7|367.65
124891,413.7|282.3
124892,534.45|453.7
124893,504.25|424.4
124894,435.4|235.0
124895,212.15|294.05
124896,475.0|336.5
124897,380.1|404.25
124898,214.55|577.5
124899,384.4|484.35
124900,378.75|494.3
124901,590.45|296.35
124902,474.85|278.85
124903,466.75|519.7
124904,418.95|212.85
124905,577.2|208.35
124906,219.75|394.05
124907,261.95|412.85
124908,552.95|522.1
124909,209.4|517.95
124910,275.35|357.05
124911,538.0|297.75
124912,280.1|315.4
124913,486.35|347.1
124914,443.45|267.1
124915,471.7|381.75
124916,566.05|271.95
124917,566.55|363.35
124918,326.4|351.35
124919,269.5|292.4
124920,592.95|282.45
124921,392.25|590.1
124922,579.3|396.3
124923,457.4|398.2
124924,355.9|225.2
124925,353.6|256.55
124926,267.9|365.3
124927,259.6|350.2
124928,401.35|472.15
124929,383.95|289.3
124930,392.15|580.1
124931,272.15|261.3
124932,222.7|584.15
124933,261.45|222.35
124934,219.15|335.8
124935,352.4|568.0
124936,580.0|550.1
124937,408.45|592.05
124938,212.75|508.6
124939,369.05|497.85
124940,270.85|309.75
124941,427.05|247.6
124942,213.25|583.55
124943,426.5|270.4
124944,268.75|270.8
124945,446.5|312.65
124946,341.9|226.7
124947,446.15|239.8
124948,348.75|326.8
124949,447.65|215.2
124950,461.6|256.4
124951,585.65|513.75
124952,421.55|308.15
124953,341.1|429.2
124954,554.05|225.7
124955,554.3|319.1
124956,539.8|274.7
124957,221.6|349.75
124958,497.85|236.6
124959,414.65|301.15
124960,432.2|538.9
124961,278.0|402.35
124962,416.15|333.85
124963,592.35|426.5
124964,293.5|348.05
124965,236.15|287.75
124966,407.5|478.45
124967,547.25|300.65
124968,399.55|229.6
124969,239.2|483.35
124970,419.35|582.15
124971,466.7|466.1
124972,276.25|591.4
124973,555.4|353.95
124974,222.9|263.85
124975,439.3|372.6
124976,284.05|481.05
124977,527.2|229.4
124978,330.55|354.3
124979,584.7|364.4
124980,426.7|587.7
124981,369.65|440.55
124982,389.15|352.35
124983,262.35|342.55
124984,372.2|462.1
124985,397.95|457.7
124986,341.05|438.45
124987,369.4|368.2
124988,550.05|529.15
124989,251.15|268.1
124990,429.9|574.5
124991,473.3|207.0
124992,345.95|238.3
124993,567.4|269.3
124994,481.65|506.75
124995,566.45|305.6
124996,583.0|469.15
124997,230.8|304.4
124998,502.3|228.35
124999,446.3|327.05
125000,337.3|454.5
125001,249.3|423.75
125002,545.75|303.7
125003,570.0|387.7
125004,459.95|230.6
125005,283.7|334.2
125006,375.3|338.25
125007,255.0|508.3
125008,581.15|421.0
125009,511.2|365.7
125010,492.2|220.9
125011,343.3|292.75
125012,438.25|314.6
125013,547.7|523.75
125014,368.8|275.2
125015,470.6|544.35
125016,531.45|542.65
125017,395.7|482.95
125018,508.05|485.65
125019,436.45|484.95
125020,416.55|265.45
125021,441.35|260.5
125022,479.1|518.5
125023,419.1|406.55
125024,430.3|559.75
125025,521.85|511.05
125026,282.8|593.35
125027,583.7|471.1
125028,253.3|409.7
125029,569.55|301.85
125030,457.15|446.4
125031,521.7|511.3
125032,382.85|360.05
125033,587.7|350.5
125034,575.15|407.75
125035,353.3|556.05
125036,368.4|487.7
125037,403.7|525.45
125038,222.7|448.8
125039,581.95|358.7
125040,290.9|344.05
125041,589.55|352.7
125042,335.6|584.3
125043,262.55|347.85
125044,226.85|421.15
125045,522.65|346.8
125046,213.75|516.4
125047,280.15|435.3
125048,256.05|460.05
125049,263.6|215.55
125050,275.95|276.1
125051,391.9|487.3
125052,568.0|431.5
125053,546.5|269.3
125054,258.65|281.05
125055,227.05|589.55
125056,556.75|442.1
125057,581.25|484.8
125058,393.6|571.45
125059,272.65|309.75
125060,371.6|341.7
125061,299.25|435.65
125062,356.75|320.25
125063,429.3|433.75
125064,457.5|436.6
125065,509.0|518.85
125066,462.4|264.75
125067,566.05|480.55
125068,374.05|293.1
125069,212.75|538.5
125070,209.25|335.65
125071,414.8|236.8
125072,342.3|532.25
125073,254.6|413.1
125074,519.45|522.45
125075,393.5|330.5
125076,421.45|358.25
125077,408.9|468.2
125078,427.45|474.7
125079,427.0|419.65
125080,397.6|331.35
125081,582.7|578.3
125082,274.5|256.3
125083,397.55|491.05
125084,353.25|271.35
125085,250.3|510.75
125086,290.55|488.2
125087,334.75|393.0
125088,275.2|367.15
125089,353.0|489.1
125090,385.2|311.8
125091,239.05|380.5
125092,340.55|225.1
125093,543.0|383.9
125094,459.2|332.75
125095,568.7|239.5
125096,219.7|299.9
125097,476.25|305.45
125098,279.55|429.55
125099,551.1|231.1
125100,255.85|236.65
125101,528.45|516.25
125102,537.15|557.55
125103,579.6|308.4
125104,583.05|487.05
125105,591.95|400.8
125106,573.9|234.2
125107,541.45|529.4
125108,372.7|403.95
125109,381.45|212.1
125110,587.85|245.1
125111,420.25|539.3
125112,252.25|433.85
125113,354.8|362.65
125114,446.05|556.3
125115,251.35|550.95
125116,408.5|466.95
125117,591.2|369.8
125118,466.45|372.1
125119,444.4|473.05
125120,224.8|222.15
125121,398.95|537.85
125122,309.25|313.6
125123,592.7|363.65
125124,464.5|542.9
125125,328.25|419.05
125126,364.4|416.2
125127,253.85|565.7
125128,368.65|390.3
125129,418.4|283.5
125130,280.95|541.3
125131,593.85|400.6
125132,589.2|416.7
125133,413.3|292.0
125134,280.15|570.1
125135,468.75|505.1
125136,248.75|454.85
125137,223.45|393.4
125138,434.25|578.0
125139,565.85|224.4
125140,521.5|456.75
125141,402.55|555.1
125142,568.25|322.25
125143,550.8|304.0
125144,358.55|567.6
125145,476.55|276.55
125146,466.9|560.45
125147,401.85|213.6
125148,592.75|366.05
125149,381.9|278.25
125150,442.7|470.2
125151,586.6|537.6
125152,497.4|527.5
125153,289.5|313.85
125154,519.25|476.7
125155,284.3|390.45
125156,355.4|413.15
125157,580.9|529.85
125158,474.75|478.75
125159,450.8|388.95
125160,218.2|308.65
125161,409.1|566.85
125162,268.75|272.8
125163,354.85|585.15
125164,256.2|583.1
125165,470.3|530.6
125166,570.6|252.3
125167,463.85|219.75
125168,337.7|420.05
125169,242.35|576.2
125170,455.6|514.95
125171,472.05|339.5
125172,350.45|584.25
125173,560.65|470.6
125174,298.35|326.2
125175,342.1|318.3
125176,283.05|412.3
125177,293.85|547.85
125178,439.4|567.9
125179,572.1|371.25
125180,222.55|284.5
125181,521.65|234.25
125182,350.9|325.65
125183,361.7|229.05
125184,252.35|295.9
125185,449.45|588.15
125186,276.8|431.6
125187,306.05|318.9
125188,583.6|469.95
125189,354.35|393.75
125190,265.35|277.3
125191,343.9|216.85
125192,491.05|468.55
125193,457.9|412.95
125194,529.1|468.95
125195,243.8|512.65
125196,230.75|404.45
125197,551.8|253.0
125198,484.9|320.4
125199,250.9|582.1
125200,564.35|511.8
125201,463.85|305.0
125202,411.2|516.25
125203,542.35|557.95
125204,574.5|438.85
125205,532.95|443.9
125206,267.3|402.95
125207,442.55|401.2
125208,451.0|354.3
125209,269.1|297.9
125210,453.3|591.7
125211,220.0|243.6
125212,546.55|260.9
125213,396.4|281.55
125214,287.1|333.9
125215,210.4|526.75
125216,367.65|339.85
125217,266.55|277.35
125218,457.85|273.6
125219,592.2|259.2
125220,568.15|325.5
125221,474.45|275.7
125222,282.05|320.15
125223,249.15|425.55
125224,525.45|517.7
125225,414.05|369.4
125226,589.65|397.0
125227,556.7|321.05
125228,584.2|395.65
125229,574.05|508.5
125230,319.25|368.6
125231,209.75|317.25
125232,595.45|481.5
125233,565.9|446.8
125234,350.55|250.2
125235,431.35|380.4
125236,518.1|439.5
125237,418.9|348.15
125238,410.15|221.15
125239,579.6|430.0
125240,471.65|318.15
125241,571.65|370.25
125242,398.4|528.05
125243,228.6|449.7
125244,467.4|519.1
125245,530.95|574.95
125246,319.55|365.85
125247,419.35|593.05
125248,545.2|553.1
125249,301.6|340.6
125250,237.85|254.1
125251,225.75|578.0
125252,574.95|262.7
125253,403.65|479.75
125254,261.45|261.55
125255,576.95|287.25
125256,366.2|216.75
125257,587.35|266.75
125258,347.15|267.25
125259,233.45|567.25
125260,460.45|548.0
125261,582.7|497.05
125262,333.1|477.7
125263,356.55|419.35
125264,411.4|439.05
125265,223.15|229.8
125266,280.7|315.0
125267,432.5|412.3
125268,451.95|446.3
125269,547.2|308.85
125270,359.75|367.65
125271,385.2|586.45
125272,579.6|554.85
125273,375.7|480.3
125274,424.95|401.1
125275,479.3|486.8
125276,476.25|373.05
125277,295.8|519.4
125278,558.85|494.45
125279,426.1|266.2
125280,208.65|583.95
125281,358.2|568.55
125282,347.05|435.15
125283,229.15|517.05
125284,545.8|278.95
125285,369.05|397.0
125286,389.4|572.05
125287,581.4|572.15
125288,484.55|523.9
125289,486.4|262.75
125290,408.05|401.55
125291,471.4|253.35
125292,329.25|406.5
125293,577.4|593.8
125294,517.4|345.9
125295,212.25|387.2
125296,395.75|565.05
125297,571.2|228.9
125298,445.75|487.1
125299,360.2|504.4
125300,247.35|391.85
125301,430.55|584.95
125302,474.45|477.35
125303,471.0|453.8
125304,286.95|450.9
125305,370.7|383.5
125306,225.9|207.05
125307,403.35|509.75
125308,459.05|583.7
125309,212.95|268.85
125310,365.9|436.2
125311,420.7|280.4
125312,414.8|457.7
125313,587.5|558.2
125314,457.65|518.2
125315,522.15|455.4
125316,249.65|260.35
125317,420.0|552.95
125318,337.1|408.8
125319,385.95|550.65
125320,476.05|224.75
125321,432.65|473.1
125322,463.65|482.2
125323,306.35|407.95
125324,242.7|236.75
125325,370.65|289.8
125326,218.25|536.6
125327,474.25|472.2
125328,557.6|248.45
125329,394.3|498.4
125330,471.0|450.65
125331,358.75|573.15
125332,229.15|593.95
125333,512.75|454.7
125334,354.25|392.8
125335,470.15|468.45
125336,488.1|302.95
125337,210.85|581.85
125338,237.2|506.35
125339,230.4|560.2
125340,422.55|551.5
125341,357.9|294.85
125342,340.15|493.3
125343,461.1|540.45
125344,215.25|523.35
125345,541.6|458.85
125346,434.6|220.3
125347,255.0|221.75
125348,329.7|340.5
125349,223.45|481.7
125350,298.3|577.7
125351,353.55|376.0
125352,569.3|403.55
125353,219.4|588.85
125354,235.8|499.35
125355,260.4|505.15
125356,458.9|269.8
125357,590.0|223.75
125358,566.4|429.55
125359,556.35|243.0
125360,420.15|384.25
125361,466.7|290.55
125362,252.6|560.4
125363,385.5|475.65
125364,338.3|375.6
125365,376.6|369.25
125366,449.35|508.8
125367,380.2|385.45
125368,546.55|237.55
125369,274.3|541.85
125370,220.7|228.1
125371,330.05|422.7
125372,531.2|342.35
125373,209.0|306.25
125374,534.35|456.55
125375,560.3|355.75
125376,327.1|233.7
125377,451.75|239.6
125378,358.15|393.5
125379,214.15|241.6
125380,443.85|373.15
125381,291.45|448.9
125382,542.5|586.1
125383,398.1|452.2
125384,366.1|336.7
125385,534.65|354.45
125386,344.35|570.4
125387,347.4|425.55
125388,250.75|222.6
125389,371.05|337.55
125390,408.95|504.15
125391,390.85|215.25
125392,265.45|527.85
125393,341.6|244.8
125394,343.9|525.85
125395,533.6|444.25
125396,338.0|270.05
125397,547.1|240.1
125398,265.1|568.35
125399,515.2|544.2
125400,581.1|402.65
125401,409.95|286.05
125402,220.45|469.45
125403,542.95|239.15
125404,559.45|579.35
125405,424.2|286.45
125406,411.9|240.0
125407,346.2|579.8
125408,278.0|401.85
125409,449.4|360.1
125410,447.8|509.1
125411,588.7|395.0
125412,295.75|422.9
125413,514.2|453.3
125414,549.6|432.2
125415,392.1|284.0
125416,256.9|452.0
125417,397.1|311.1
125418,324.45|428.1
125419,475.8|502.3
125420,395.0|483.9
125421,391.95|357.85
125422,409.35|581.7
125423,418.5|467.1
125424,566.2|470.25
125425,449.85|561.85
125426,328.05|509.25
125427,447.0|311.85
125428,587.9|477.0
125429,428.2|565.1
125430,343.4|312.85
125431,433.9|375.95
125432,529.85|486.05
125433,454.8|321.65
125434,393.0|372.15
125435,373.8|499.3
125436,454.55|467.75
125437,573.45|462.7
125438,321.5|476.25
125439,343.2|285.9
125440,217.65|473.7
125441,568.5|526.85
125442,265.0|402.95
125443,434.8|450.75
125444,566.55|244.25
125445,272.9|345.75
125446,234.75|413.55
125447,227.7|588.8
125448,259.65|271.2
125449,392.65|378.05
125450,405.4|531.85
125451,551.35|296.3
125452,567.6|515.05
125453,472.25|360.6
125454,248.2|237.4
125455,382.85|456.1
125456,288.15|529.1
125457,401.9|501.85
125458,448.6|470.65
125459,546.55|542.35
125460,413.3|230.65
125461,284.85|274.9
125462,386.05|351.5
125463,585.85|513.05
125464,453.35|591.1
125465,523.1|348.6
125466,242.55|581.9
125467,487.45|285.15
125468,229.2|433.25
125469,307.4|403.4
125470,214.3|438.05
125471,579.35|542.25
125472,580.0|307.85
125473,593.65|396.35
125474,528.35|508.45
125475,374.85|254.8
125476,342.95|210.45
125477,418.65|224.0
125478,340.85|378.2
125479,261.1|278.15
125480,443.05|310.1
125481,593.65|414.1
125482,318.7|331.5
125483,356.6|235.8
125484,583.9|310.5
125485,250.4|501.85
125486,470.5|235.25
125487,396.15|252.85
125488,581.65|302.6
125489,576.05|381.25
125490,215.2|520.25
125491,291.8|441.05
125492,452.35|360.65
125493,582.2|412.0
125494,238.85|268.5
125495,523.9|582.85
125496,523.5|499.0
125497,390.25|284.45
125498,560.65|545.1
125499,392.95|448.9
125500,481.2|502.65
125501,572.35|467.7
125502,580.7|355.1
125503,425.8|244.55
125504,229.15|465.1
125505,546.0|247.85
125506,234.25|566.95
125507,291.05|528.35
125508,476.45|244.75
125509,235.3|476.5
125510,554.05|285.4
125511,573.8|304.45
125512,533.05|347.5
125513,334.4|347.6
125514,467.2|461.45
125515,338.25|512.05
125516,374.85|557.15
125517,337.55|449.75
125518,344.8|375.2
125519,463.3|377.0
125520,589.1|359.0
125521,556.3|429.95
125522,237.5|245.1
125523,250.0|225.35
125524,371.55|417.9
125525,433.5|489.05
125526,391.55|524.65
125527,292.35|403.25
125528,210.95|409.6
125529,289.95|327.5
125530,260.95|433.65
125531,460.8|331.25
125532,219.9|499.5
125533,408.65|279.0
125534,280.1|465.1
125535,585.6|295.5
125536,283.8|398.8
125537,394.4|390.05
125538,439.2|498.9
125539,462.05|335.55
125540,233.45|396.05
125541,589.5|481.95
125542,428.0|416.6
125543,363.6|372.35
125544,511.65|478.0
125545,324.95|487.65
125546,265.5|231.3
125547,315.95|408.55
125548,270.25|438.1
125549,338.65|213.95
125550,257.3|258.35
125551,221.9|383.2
125552,286.3|448.9
125553,275.25|587.7
125554,246.85|209.9
125555,586.5|347.9
125556,533.9|222.2
125557,232.4|278.1
125558,336.2|437.6
125559,427.4|576.65
125560,578.95|422.5
125561,441.75|378.5
125562,579.7|269.8
125563,245.25|379.7
125564,467.55|361.45
125565,588.0|560.6
125566,337.7|562.8
125567,215.05|448.0
125568,345.4|329.9
125569,363.15|215.15
125570,294.1|316.95
125571,389.4|505.45
125572,536.4|279.9
125573,204.4|463.5
125574,399.65|349.8
125575,470.8|244.3
125576,257.45|583.35
125577,451.6|386.75
125578,437.6|348.3
125579,222.2|477.65
125580,292.4|376.15
125581,450.8|457.95
125582,450.75|458.05
125583,488.4|494.25
125584,457.7|304.0
125585,465.25|366.4
125586,359.9|279.2
125587,250.8|228.5
125588,584.75|421.85
125589,472.2|523.05
125590,253.8|545.35
125591,291.8|530.15
125592,297.1|424.85
125593,591.2|556.7
125594,477.4|551.4
125595,223.8|500.4
125596,453.65|399.9
125597,585.05|236.85
125598,251.0|494.35
125599,275.7|574.3
125600,486.3|494.0
125601,529.95|406.3
125602,478.4|340.25
125603,544.25|510.4
125604,449.6|394.4
125605,387.15|368.05
125606,484.1|509.5
125607,329.9|520.65
125608,250.25|506.25
125609,526.6|418.95
125610,404.5|338.9
125611,258.05|270.8
125612,549.25|535.5
125613,388.9|344.75
125614,415.35|238.2
125615,282.45|410.05
125616,260.75|225.45
125617,467.15|208.25
125618,381.7|531.2
125619,408.85|360.5
125620,347.75|447.35
125621,442.3|587.95
125622,217.75|581.75
125623,233.3|592.65
125624,373.85|288.9
125625,416.1|557.35
125626,256.95|318.8
125627,400.05|510.4
125628,213.6|521.15
125629,475.0|281.85
125630,225.85|306.7
125631,320.9|515.55
125632,554.65|572.2
125633,404.5|464.1
125634,289.3|390.85
125635,385.7|394.5
125636,287.6|396.4
125637,414.55|497.85
125638,542.9|223.45
125639,390.3|566.35
125640,213.95|537.85
125641,372.05|213.6
125642,514.65|356.85
125643,414.15|212.75
125644,432.9|560.4
125645,552.2|519.45
125646,274.7|328.25
125647,244.15|265.35
125648,340.6|222.65
125649,415.25|341.0
125650,338.1|226.4
125651,251.35|505.1
125652,338.9|222.2
125653,283.75|585.3
125654,509.7|516.35
125655,348.9|535.55
125656,407.85|330.1
125657,474.75|543.4
125658,244.95|575.85
125659,535.05|457.0
125660,450.05|383.15
125661,269.65|410.95
125662,418.05|343.5
125663,265.1|545.75
125664,577.8|268.1
125665,553.45|243.2
125666,265.65|433.4
125667,448.1|460.05
125668,218.0|358.25
125669,571.3|242.25
125670,590.8|592.3
125671,227.7|364.4
125672,585.45|336.35
125673,466.0|346.15
125674,323.85|425.05
125675,361.5|223.2
125676,353.9|512.85
125677,464.65|295.25
125678,556.25|539.15
125679,286.2|434.35
125680,384.6|238.1
125681,386.2|363.9
125682,390.35|428.35
125683,515.75|380.1
125684,574.5|362.6
125685,537.65|263.95
125686,516.0|341.7
125687,560.6|321.95
125688,447.75|447.75
125689,411.0|573.8
125690,296.65|487.7
125691,545.4|486.35
125692,248.2|471.4
125693,290.3|402.1
125694,531.7|529.8
125695,472.6|457.6
125696,458.05|438.6
125697,446.3|540.1
125698,271.1|379.85
125699,425.4|497.2
125700,331.35|232.85
125701,359.95|452.05
125702,236.3|370.5
125703,382.45|565.4
125704,545.35|238.4
125705,440.0|512.55
125706,578.8|548.2
125707,586.65|569.6
125708,382.5|289.95
125709,419.1|334.1
125710,399.5|383.3
125711,578.1|407.2
125712,397.3|510.65
125713,376.9|489.25
125714,244.05|577.85
125715,545.85|423.05
125716,371.45|584.35
125717,564.8|448.75
125718,275.6|339.5
125719,460.95|551.45
125720,458.6|512.3
125721,263.75|228.8
125722,569.5|300.35
125723,469.8|414.5
125724,592.5|483.3
125725,475.95|270.95
125726,411.95|560.85
125727,468.8|533.2
125728,445.05|553.6
125729,343.2|225.45
125730,582.5|588.95
125731,222.0|460.35
125732,381.55|458.15
125733,304.1|577.35
125734,261.0|481.35
125735,555.1|538.1
125736,463.4|462.15
125737,356.35|450.7
125738,583.4|246.7
125739,574.55|295.85
125740,391.5|584.5
125741,383.2|524.65
125742,563.45|441.95
125743,394.0|249.95
125744,290.8|488.65
125745,549.7|556.15
125746,239.95|517.05
125747,404.9|334.45
125748,248.55|470.55
125749,444.45|570.65
125750,560.3|331.9
125751,571.05|270.1
125752,522.25|450.9
125753,396.35|409.7
125754,573.45|333.15
125755,423.25|481.2
125756,534.2|485.75
125757,251.35|257.3
125758,420.15|484.2
125759,257.25|468.1
125760,397.7|567.15
125761,456.7|225.6
125762,467.9|486.75
125763,226.2|505.45
125764,277.95|458.15
125765,444.95|346.15
125766,401.45|230.95
125767,270.6|279.2
125768,575.25|400.9
125769,396.75|559.05
125770,272.75|570.35
125771,402.7|439.8
125772,577.15|404.4
125773,348.3|367.7
125774,572.7|313.1
125775,546.9|296.15
125776,373.0|209.65
125777,384.35|324.95
125778,452.7|496.65
125779,326.55|314.3
125780,360.0|234.15
125781,338.95|265.7
125782,501.35|282.55
125783,583.05|394.35
125784,280.95|444.0
125785,342.55|324.15
125786,521.35|523.85
125787,369.05|594.35
125788,401.0|399.6
125789,447.95|468.5
125790,245.95|434.7
125791,356.0|283.1
125792,220.05|250.75
125793,371.1|339.7
125794,460.55|575.85
125795,476.4|320.2
125796,256.4|550.95
125797,341.7|415.8
125798,573.9|221.0
125799,247.2|497.5
125800,302.7|371.7
125801,488.2|465.0
125802,355.65|352.7
125803,453.2|275.95
125804,358.9|592.25
125805,548.55|299.15
125806,239.5|477.3
125807,572.8|507.4
125808,439.1|388.6
125809,511.3|492.9
125810,238.4|513.75
125811,575.85|471.9
125812,441.15|236.4
125813,587.25|524.1
125814,572.75|297.6
125815,562.4|300.7
125816,295.6|361.45
125817,455.7|307.75
125818,478.25|504.75
125819,348.8|238.55
125820,458.15|451.6
125821,342.35|422.75
125822,431.5|497.35
125823,547.45|271.65
125824,593.9|594.05
125825,486.75|230.85
125826,590.65|378.0
125827,378.4|558.45
125828,225.35|365.95
125829,420.75|565.3
125830,572.45|589.75
125831,279.85|499.1
125832,342.8|576.1
125833,266.6|577.9
125834,274.65|279.2
125835,293.0|349.4
125836,571.65|215.35
125837,552.0|353.4
125838,352.2|435.6
125839,351.5|551.15
125840,273.85|278.3
125841,554.75|276.75
125842,572.35|220.6
125843,487.75|480.0
125844,365.15|499.75
125845,348.75|312.75
125846,370.7|366.8
125847,445.85|395.3
125848,380.85|517.85
125849,571.3|498.45
125850,372.2|596.35
125851,397.0|392.2
125852,482.1|519.15
125853,388.55|508.35
125854,318.4|396.95
125855,539.6|420.4
125856,238.7|230.35
125857,346.75|224.8
125858,216.7|465.25
125859,401.1|399.0
125860,248.1|361.7
125861,237.85|558.25
125862,358.0|364.85
125863,558.35|588.1
125864,291.75|373.3
125865,480.35|478.8
125866,482.3|556.7
125867,267.45|568.1
125868,281.55|400.05
125869,477.8|317.65
125870,378.8|270.35
125871,465.7|469.6
125872,442.85|499.4
125873,344.7|456.55
125874,307.3|396.6
125875,463.8|224.35
125876,285.25|381.9
125877,243.25|497.1
125878,367.5|483.1
125879,444.7|590.25
125880,548.75|349.7
125881,320.8|385.55
125882,272.3|246.45
125883,430.2|463.0
125884,483.3|220.5
125885,553.65|519.1
125886,485.45|359.1
125887,363.6|596.3
125888,476.55|477.25
125889,536.4|405.25
125890,481.75|267.45
125891,432.25|443.3
125892,233.35|581.65
125893,381.95|409.8
125894,577.8|292.5
125895,428.75|547.95
125896,527.15|567.15
125897,288.1|480.55
125898,246.7|214.65
125899,589.7|407.35
125900,305.45|344.75
125901,415.05|326.55
125902,589.4|269.85
125903,397.95|383.9
125904,213.55|263.4
125905,280.65|540.9
125906,215.55|489.35
125907,206.6|232.8
125908,575.45|446.55
125909,356.3|212.7
125910,588.8|389.85
125911,382.95|254.5
125912,442.4|238.8
125913,422.1|480.6
125914,278.4|337.4
125915,399.95|543.9
125916,262.9|449.1
125917,225.6|577.15
125918,250.85|380.35
125919,554.35|581.95
125920,336.7|556.35
125921,437.15|511.25
125922,584.45|288.0
125923,275.55|265.95
125924,267.05|359.15
125925,450.15|523.75
125926,467.8|302.05
125927,236.0|297.7
125928,477.9|455.7
125929,381.9|204.6
125930,272.6|290.9
125931,368.1|233.0
125932,219.85|335.6
125933,291.35|465.15
125934,406.15|255.2
125935,227.25|274.85
125936,578.3|551.3
125937,591.6|374.75
125938,240.9|293.15
125939,424.0|575.5
125940,244.3|507.45
125941,550.85|498.35
125942,345.9|419.15
125943,591.3|487.4
125944,582.2|219.05
125945,261.9|291.95
125946,253.25|564.3
125947,365.5|238.5
125948,228.25|569.7
125949,480.4|471.55
125950,569.05|434.1
125951,221.05|501.4
125952,487.15|360.8
125953,407.85|553.05
125954,438.8|391.5
125955,291.65|360.8
125956,528.75|499.85
125957,406.35|371.65
125958,539.0|581.35
125959,411.45|560.5
125960,342.5|332.15
125961,591.65|395.05
125962,584.85|438.05
125963,209.5|233.05
125964,448.35|592.9
125965,562.6|246.05
125966,258.6|579.1
125967,385.7|590.85
125968,549.75|272.3
125969,477.1|301.15
125970,591.65|351.2
125971,349.15|326.4
125972,567.35|325.55
125973,424.85|331.85
125974,559.9|454.95
125975,365.5|221.9
125976,426.0|462.65
125977,218.65|250.3
125978,395.45|475.3
125979,563.85|464.65
125980,334.4|438.4
125981,337.55|418.7
125982,375.95|236.35
125983,285.05|380.0
125984,357.5|455.75
125985,327.15|406.25
125986,224.65|404.45
125987,438.45|583.4
125988,279.05|445.85
125989,401.6|212.85
125990,271.95|377.35
125991,439.8|460.1
125992,382.9|489.6
125993,543.8|308.9
125994,578.25|211.85
125995,466.4|269.55
125996,437.05|586.45
125997,472.3|454.3
125998,297.0|443.7
125999,383.4|484.0
126000,369.9|353.8
126001,209.1|533.05
126002,375.8|462.6
126003,231.35|251.1
126004,566.3|365.55
126005,587.8|314.3
126006,592.15|283.2
126007,337.6|527.8
126008,465.95|264.2
126009,344.15|549.25
126010,433.25|290.0
126011,339.4|547.8
126012,430.85|569.35
126013,304.85|422.9
126014,481.9|253.5
126015,277.55|540.9
126016,331.9|426.2
126017,359.8|209.05
126018,243.8|292.4
126019,470.9|282.45
126020,413.05|572.85
126021,332.1|341.2
126022,261.85|545.25
126023,279.4|404.35
126024,417.35|472.9
126025,582.25|483.7
126026,281.6|431.1
126027,439.85|301.8
126028,532.7|543.65
126029,330.85|471.6
126030,325.4|498.45
126031,228.8|466.35
126032,297.05|432.65
126033,280.95|590.55
126034,217.85|427.75
126035,448.85|491.7
126036,339.55|519.75
126037,572.9|441.5
126038,446.55|554.2
126039,207.45|581.3
126040,383.85|423.7
126041,335.3|306.5
126042,220.65|413.15
126043,404.4|528.25
126044,366.8|214.3
126045,554.3|467.95
126046,354.1|437.25
126047,435.15|256.1
126048,413.35|351.05
126049,540.6|294.75
126050,556.9|589.9
126051,422.15|326.75
126052,576.45|263.05
126053,527.3|461.55
126054,229.45|543.6
126055,291.8|357.45
126056,369.3|356.0
126057,224.25|392.75
126058,479.05|521.95
126059,558.2|314.25
126060,555.75|454.15
126061,275.9|596.15
126062,208.65|529.45
126063,401.6|443.65
126064,277.0|333.45
126065,260.95|545.7
126066,377.05|229.7
126067,579.35|318.5
126068,378.9|271.95
126069,516.8|437.75
126070,388.7|407.7
126071,532.65|440.25
126072,304.65|383.4
126073,362.3|344.7
126074,289.55|515.9
126075,549.05|236.05
126076,271.55|349.35
126077,457.75|568.55
126078,377.0|402.35
126079,396.2|294.0
126080,412.7|506.7
126081,334.65|491.6
126082,218.25|248.3
126083,289.95|330.4
126084,240.0|495.75
126085,393.85|295.0
126086,413.1|560.45
126087,575.45|322.55
126088,316.1|403.1
126089,356.0|233.4
126090,535.6|513.25
126091,381.0|221.2
126092,277.7|593.1
126093,397.3|411.9
126094,245.15|367.35
126095,575.25|265.0
126096,579.8|475.3
126097,394.55|590.55
126098,339.75|237.9
126099,406.65|511.85
126100,355.8|268.15
126101,234.6|565.7
126102,548.2|516.8
126103,216.5|284.75
126104,406.95|364.25
126105,320.75|527.65
126106,298.15|372.4
126107,377.45|553.45
126108,210.15|583.95
126109,223.85|590.95
126110,594.45|563.8
126111,377.95|493.05
126112,378.0|445.45
126113,548.9|535.85
126114,394.05|347.65
126115,548.25|407.4
126116,522.8|364.2
126117,394.5|484.0
126118,536.8|577.85
126119,222.45|469.15
126120,298.85|576.5
126121,209.55|254.6
126122,388.0|321.7
126123,238.55|502.45
126124,478.3|285.35
126125,334.65|296.2
126126,575.2|231.6
126127,531.3|383.2
126128,458.95|509.35
126129,530.9|511.8
126130,310.55|274.1
126131,444.6|567.85
126132,593.35|430.55
126133,243.45|595.8
126134,233.15|576.95
126135,273.7|585.4
126136,429.4|575.3
126137,286.8|517.1
126138,239.55|360.8
126139,433.5|591.05
126140,537.55|457.1
126141,574.0|366.7
126142,405.7|229.75
126143,460.25|264.05
126144,530.75|322.55
126145,397.45|506.55
126146,237.55|424.8
126147,276.45|445.3
126148,460.45|432.65
126149,365.5|350.55
126150,434.1|292.4
126151,522.05|439.75
126152,523.55|503.05
126153,566.7|493.2
126154,357.6|576.3
126155,433.25|502.65
126156,365.5|593.3
126157,353.6|461.95
126158,311.0|392.05
126159,420.5|285.05
126160,386.65|487.75
126161,280.5|466.3
126162,219.45|489.45
126163,215.5|534.45
126164,243.1|248.15
126165,452.15|288.35
126166,469.45|262.25
126167,549.4|240.1
126168,256.5|417.95
126169,590.3|482.55
126170,468.95|496.9
126171,566.4|252.3
126172,463.75|520.95
126173,582.65|394.1
126174,552.3|386.65
126175,241.0|261.6
126176,458.6|541.15
126177,372.7|318.45
126178,379.75|585.05
126179,578.6|479.5
126180,274.45|277.0
126181,314.95|488.8
126182,380.95|266.0
126183,580.25|353.95
126184,590.7|503.1
126185,409.1|365.55
126186,291.45|321.2
126187,487.5|480.8
126188,405.4|340.1
126189,229.85|569.75
126190,566.3|353.3
126191,545.8|585.7
126192,265.75|280.95
126193,434.9|440.3
126194,218.2|582.4
126195,520.25|358.95
126196,221.15|419.25
126197,594.95|412.3
126198,530.75|543.9
126199,233.35|579.3
126200,518.55|351.8
126201,227.95|409.45
126202,541.0|244.4
126203,530.1|485.2
126204,446.4|525.65
126205,443.15|457.6
126206,256.95|445.5
126207,553.05|551.75
126208,418.25|357.3
126209,400.35|558.3
126210,401.5|509.5
126211,278.55|309.4
126212,428.45|398.55
126213,557.45|296.7
126214,209.1|576.5
126215,578.95|524.0
126216,421.65|235.1
126217,349.65|337.85
126218,380.5|355.7
126219,223.1|215.65
126220,511.8|499.0
126221,447.1|512.15
126222,508.45|541.75
126223,461.25|519.25
126224,258.0|269.35
126225,423.25|240.05
126226,211.05|225.5
126227,302.5|330.8
126228,564.7|393.6
126229,579.85|224.05
126230,542.85|554.5
126231,366.15|393.5
126232,263.95|285.2
126233,264.15|275.55
126234,355.75|227.25
126235,397.6|218.35
126236,286.65|377.15
126237,236.9|433.7
126238,514.65|276.1
126239,314.9|338.5
126240,572.8|432.2
126241,299.8|406.6
126242,573.7|234.5
126243,207.05|240.0
126244,287.85|496.5
126245,206.0|530.25
126246,232.85|595.15
126247,548.6|492.3
126248,204.65|317.8
126249,536.5|488.0
126250,487.7|485.3
126251,450.3|439.0
126252,461.55|577.4
126253,412.85|326.95
126254,405.85|240.7
126255,294.45|528.75
126256,259.4|226.2
126257,353.9|439.85
126258,370.6|596.1
126259,243.25|378.5
126260,297.5|337.85
126261,351.65|587.35
126262,249.65|497.05
126263,244.5|219.05
126264,307.25|401.45
126265,589.35|583.8
126266,410.1|229.0
126267,379.2|228.55
126268,402.1|417.0
126269,265.4|559.55
126270,442.6|473.85
126271,436.3|302.75
126272,374.9|393.35
126273,348.3|254.65
126274,572.2|285.2
126275,555.45|271.35
126276,232.1|445.25
126277,435.1|513.85
126278,393.9|508.1
126279,492.1|491.75
126280,569.6|265.5
126281,447.0|482.8
126282,256.0|385.4
126283,453.8|565.45
126284,561.9|592.1
126285,573.2|438.65
126286,340.25|355.95
126287,439.55|509.4
126288,252.4|287.5
126289,361.75|209.95
126290,355.65|369.6
126291,561.35|309.8
126292,465.0|222.9
126293,580.8|400.35
126294,398.7|557.0
126295,242.4|230.55
126296,250.75|566.6
126297,246.75|384.25
126298,237.2|381.3
126299,471.0|498.5
126300,256.95|491.45
126301,391.85|483.7
126302,352.65|261.55
126303,409.4|282.8
126304,207.15|232.4
126305,363.4|272.65
126306,224.95|288.3
126307,549.55|577.4
126308,582.6|231.65
126309,444.2|242.45
126310,269.1|285.3
126311,405.8|507.15
126312,361.0|475.55
126313,295.75|390.2
126314,334.85|261.15
126315,469.85|352.75
126316,415.1|330.45
126317,560.15|229.15
126318,204.15|470.3
126319,584.3|432.5
126320,212.0|222.65
126321,590.05|506.8
126322,425.4|339.25
126323,579.75|560.05
126324,425.25|583.1
126325,231.2|456.35
126326,372.1|571.65
126327,559.8|532.95
126328,588.75|472.9
126329,247.15|447.95
126330,358.15|281.8
126331,459.9|449.65
126332,586.55|354.95
126333,343.25|327.4
126334,245.15|488.25
126335,538.15|528.85
126336,372.2|416.5
126337,428.3|488.7
126338,371.25|279.55
126339,417.9|375.9
126340,267.6|508.35
126341,376.95|593.45
126342,388.6|362.4
126343,216.15|282.5
126344,472.4|564.45
126345,340.1|550.0
126346,276.4|272.55
126347,343.7|348.0
126348,419.75|222.45
126349,347.55|494.8
126350,571.1|502.35
126351,351.65|539.65
126352,385.65|557.6
126353,460.65|452.75
126354,393.95|580.1
126355,269.05|233.3
126356,269.45|424.85
126357,370.5|295.95
126358,564.8|219.05
126359,470.45|225.65
126360,463.65|229.35
126361,238.35|415.2
126362,563.85|234.5
126363,290.45|453.5
126364,580.15|590.6
126365,354.05|390.8
126366,546.6|574.5
126367,531.6|318.3
126368,368.6|450.35
126369,240.1|500.3
126370,395.35|575.5
126371,537.75|591.85
126372,280.5|416.75
126373,570.6|507.8
126374,475.3|460.5
126375,324.0|495.4
126376,369.95|412.8
126377,467.75|497.95
126378,448.75|422.1
126379,549.8|349.3
126380,538.1|217.75
126381,228.0|474.6
126382,341.1|366.15
126383,365.9|583.8
126384,231.85|285.35
126385,559.9|237.15
126386,591.85|589.2
126387,422.85|492.45
126388,487.5|341.55
126389,342.55|581.15
126390,532.15|508.4
126391,453.95|352.2
126392,262.6|433.3
126393,281.8|548.85
126394,505.55|470.1
126395,389.1|382.35
126396,569.2|269.65
126397,549.9|468.1
126398,276.15|422.75
126399,224.75|345.25
126400,377.15|390.65
126401,589.15|359.4
126402,282.0|231.2
126403,232.35|489.7
126404,264.35|582.75
126405,441.65|429.75
126406,252.85|480.85
126407,590.3|271.85
126408,339.5|594.8
126409,445.4|591.85
126410,555.4|330.0
126411,266.1|554.1
126412,461.85|556.55
126413,435.5|477.3
126414,581.5|467.3
126415,337.7|327.35
126416,470.2|244.05
126417,541.95|337.6
126418,378.2|220.9
126419,410.65|324.15
126420,275.35|542.5
126421,258.1|585.85
126422,222.45|580.9
126423,587.05|431.45
126424,447.5|466.3
126425,539.55|348.25
126426,583.95|563.55
126427,356.15|296.8
126428,408.35|431.35
126429,283.35|391.55
126430,528.0|436.3
126431,343.25|239.15
126432,431.25|480.15
126433,292.55|538.9
126434,367.55|343.25
126435,556.25|277.95
126436,551.8|471.05
126437,365.3|216.65
126438,547.65|334.25
126439,463.1|435.15
126440,442.65|544.5
126441,437.35|554.9
126442,545.1|547.0
126443,352.55|442.8
126444,336.75|226.75
126445,392.45|501.2
126446,317.85|345.6
126447,337.2|568.7
126448,318.4|346.3
126449,328.05|414.6
126450,383.8|236.45
126451,230.0|461.85
126452,575.75|508.6
126453,252.25|237.65
126454,224.2|306.6
126455,246.75|241.6
126456,475.05|332.8
126457,518.35|547.5
126458,403.95|316.85
126459,355.75|232.95
126460,564.15|473.4
126461,452.45|591.9
126462,488.95|222.25
126463,359.3|593.65
126464,320.3|335.5
126465,235.55|408.25
126466,389.1|442.0
126467,534.35|390.0
126468,531.2|405.75
126469,272.85|310.55
126470,235.2|338.2
126471,224.4|343.95
126472,581.95|592.25
126473,252.5|332.1
126474,397.0|281.8
126475,558.4|293.8
126476,233.35|478.65
126477,579.55|398.6
126478,337.75|403.9
126479,538.9|511.65
126480,255.75|236.45
126481,561.05|430.7
126482,345.45|359.6
126483,531.9|514.25
126484,468.6|490.4
126485,213.6|484.3
126486,407.85|331.05
126487,485.45|488.35
126488,557.4|515.5
126489,578.05|460.65
126490,555.55|232.6
126491,425.4|291.9
126492,261.35|415.2
126493,465.6|288.45
126494,465.25|412.85
126495,556.7|488.4
126496,439.65|593.8
126497,584.65|514.2
126498,529.05|345.95
126499,580.5|210.2
126500,222.05|315.25
126501,586.9|294.25
126502,363.4|302.65
126503,319.2|343.5
126504,583.35|232.6
126505,290.95|340.15
126506,582.55|478.15
126507,549.2|312.35
126508,337.25|240.9
126509,257.4|213.85
126510,214.65|350.55
126511,243.35|249.95
126512,529.2|549.75
126513,530.05|348.5
126514,347.5|244.65
126515,286.05|295.65
126516,515.95|363.15
126517,552.45|220.0
126518,301.2|409.25
126519,327.4|219.05
126520,209.45|269.7
126521,260.85|311.9
126522,446.05|295.5
126523,353.15|215.4
126524,380.85|346.85
126525,246.35|415.05
126526,236.6|373.95
126527,475.15|294.85
126528,556.85|545.8
126529,561.65|424.3
126530,548.6|365.2
126531,219.2|452.35
126532,402.9|573.8
126533,410.8|374.35
126534,289.95|560.7
126535,470.1|329.0
126536,303.2|326.85
126537,236.85|375.75
126538,348.05|310.85
126539,472.75|304.55
126540,579.15|408.15
126541,464.3|453.35
126542,337.05|335.8
126543,311.6|392.9
126544,245.1|460.45
126545,578.4|454.9
126546,451.0|219.85
126547,217.65|487.4
126548,354.6|440.2
126549,306.15|532.5
126550,292.7|563.85
126551,273.55|586.7
126552,414.05|547.1
126553,577.5|356.0
126554,410.9|593.5
126555,572.95|551.15
126556,286.55|397.4
126557,543.0|559.45
126558,574.4|410.0
126559,408.0|516.9
126560,588.2|426.15
126561,494.75|374.65
126562,545.1|238.7
126563,520.3|500.55
126564,209.7|305.1
126565,326.75|344.3
126566,560.6|238.8
126567,444.25|241.3
126568,250.6|510.85
126569,402.45|439.25
126570,240.6|532.35
126571,223.0|484.95
126572,227.15|284.1
126573,229.65|493.7
126574,530.0|456.95
126575,592.25|364.0
126576,340.5|324.5
126577,575.5|378.8
126578,579.95|375.3
126579,402.8|340.8
126580,210.2|476.8
126581,570.25|229.55
126582,237.9|259.05
126583,284.6|496.4
126584,205.4|327.7
126585,291.2|373.15
126586,431.7|379.45
126587,244.55|336.35
126588,368.05|253.6
126589,393.05|287.55
126590,580.55|534.65
126591,424.95|570.15
126592,227.65|529.15
126593,433.35|571.35
126594,212.75|258.2
126595,394.0|361.45
126596,413.7|463.9
126597,573.2|444.8
126598,242.3|238.05
126599,407.65|587.2
126600,263.7|221.25
126601,488.0|488.9
126602,395.35|523.8
126603,466.4|435.6
126604,475.3|298.3
126605,578.25|458.15
126606,383.2|262.8
126607,552.1|559.8
126608,289.2|574.55
126609,480.05|216.4
126610,466.35|448.5
126611,552.9|486.05
126612,575.3|478.95
126613,219.55|525.6
126614,472.65|528.5
126615,533.3|562.8
126616,428.35|382.75
126617,467.4|508.4
126618,273.4|362.45
126619,345.15|432.1
126620,268.9|213.95
126621,358.5|226.85
126622,517.25|376.95
126623,216.35|475.95
126624,258.15|559.5
126625,406.25|335.3
126626,389.85|364.4
126627,408.05|466.55
126628,460.55|552.6
126629,358.85|449.2
126630,432.6|215.4
126631,501.85|472.85
126632,586.7|301.25
126633,266.35|321.45
126634,272.8|451.65
126635,369.95|532.2
126636,416.45|318.35
126637,445.3|306.3
126638,215.85|268.25
126639,485.35|506.25
126640,383.0|369.5
126641,260.7|252.65
126642,346.15|548.8
126643,492.2|534.55
126644,580.15|469.95
126645,377.95|575.15
126646,447.85|341.4
126647,231.8|260.1
126648,374.4|337.65
126649,284.9|438.7
126650,467.05|460.75
126651,230.1|249.5
126652,230.1|382.25
126653,263.2|553.8
126654,254.25|580.75
126655,205.75|448.55
126656,276.1|568.9
126657,228.9|331.95
126658,463.05|237.75
126659,537.1|277.05
126660,212.05|229.25
126661,306.2|373.65
126662,272.75|272.7
126663,391.7|271.7
126664,419.0|268.85
126665,589.35|592.85
126666,471.55|321.95
126667,375.2|202.7
126668,430.15|578.05
126669,457.1|391.85
126670,381.65|203.45
126671,391.85|368.45
126672,450.1|311.2
126673,225.8|539.1
126674,428.35|262.15
126675,235.4|324.45
126676,551.15|519.15
126677,215.35|480.5
126678,383.9|479.3
126679,217.55|497.05
126680,462.8|438.45
126681,357.8|222.5
126682,454.9|487.15
126683,558.1|414.55
126684,484.35|279.25
126685,380.9|579.2
126686,266.4|552.55
126687,284.25|310.0
126688,459.2|233.05
126689,229.05|307.8
126690,246.95|359.85
126691,442.4|572.4
126692,325.0|449.0
126693,256.3|283.1
126694,458.8|414.35
126695,547.55|230.7
126696,226.2|544.65
126697,560.25|286.5
126698,296.2|520.75
126699,339.7|221.6
126700,237.45|407.7
126701,579.1|362.75
126702,357.1|589.25
126703,464.35|356.35
126704,347.7|255.15
126705,230.1|220.85
126706,356.9|469.05
126707,445.35|465.5
126708,591.7|294.95
126709,266.75|223.95
126710,565.3|308.7
126711,229.5|381.6
126712,291.85|513.35
126713,529.75|413.95
126714,281.5|522.05
126715,435.5|544.45
126716,407.7|587.25
126717,346.05|536.2
126718,218.8|496.0
126719,453.65|431.9
126720,422.8|348.0
126721,409.2|226.6
126722,245.8|486.65
126723,259.5|223.35
126724,413.0|382.4
126725,213.15|353.6
126726,250.65|214.35
126727,550.2|232.35
126728,244.95|369.65
126729,400.95|553.4
126730,530.65|346.4
126731,356.4|262.45
126732,210.55|462.3
126733,413.85|352.4
126734,421.15|481.75
126735,392.75|271.2
126736,231.4|583.7
126737,268.7|370.85
126738,355.15|447.75
126739,491.7|488.0
126740,579.2|456.45
126741,351.05|490.6
126742,254.6|319.6
126743,385.5|387.8
126744,586.85|347.5
126745,215.7|342.9
126746,465.45|549.15
126747,351.15|360.05
126748,461.9|570.6
126749,543.5|578.05
126750,211.1|581.65
126751,342.95|405.2
126752,290.85|426.7
126753,523.3|535.25
126754,230.6|522.05
126755,338.45|325.65
126756,292.6|435.05
126757,478.75|287.45
126758,224.45|484.85
126759,524.95|403.1
126760,451.05|461.7
126761,537.3|584.5
126762,551.1|331.8
126763,331.8|430.95
126764,223.5|368.95
126765,573.2|535.65
126766,336.7|421.15
126767,274.95|376.25
126768,530.0|399.05
126769,392.05|474.5
126770,387.45|534.55
126771,457.2|410.7
126772,383.25|483.1
126773,532.85|550.5
126774,578.0|462.95
126775,586.25|236.4
126776,542.25|522.7
126777,574.05|451.35
126778,298.45|412.85
126779,290.1|502.65
126780,400.55|224.95
126781,426.65|273.45
126782,387.1|524.55
126783,448.8|592.9
126784,349.75|322.55
126785,266.95|356.95
126786,288.9|341.1
126787,530.6|544.15
126788,207.6|334.5
126789,248.65|370.0
126790,454.4|233.5
126791,370.2|315.85
126792,339.8|346.95
126793,423.95|397.3
126794,418.95|373.05
126795,265.1|431.45
126796,466.0|341.55
126797,410.4|268.15
126798,344.9|523.6
126799,364.25|288.95
126800,352.65|268.9
126801,250.55|441.5
126802,237.65|482.45
126803,221.2|467.9
126804,526.75|294.3
126805,424.15|544.3
126806,377.15|491.3
126807,254.5|297.85
126808,579.95|354.95
126809,394.55|252.35
126810,523.85|456.5
126811,270.8|427.3
126812,270.2|488.5
126813,452.55|413.4
126814,535.85|497.5
126815,210.45|503.05
126816,237.3|470.95
126817,228.2|453.5
126818,340.55|418.8
126819,474.3|275.45
126820,203.35|469.7
126821,401.45|403.0
126822,215.7|323.15
126823,282.5|579.7
126824,520.9|344.35
126825,511.0|455.75
126826,309.15|392.1
126827,319.9|363.35
126828,543.8|325.1
126829,460.9|439.95
126830,281.15|542.65
126831,527.45|527.55
126832,542.9|470.25
126833,360.35|335.0
126834,441.75|552.85
126835,224.25|300.25
126836,460.2|531.45
126837,442.35|244.8
126838,257.65|494.95
126839,576.1|218.5
126840,361.65|268.2
126841,443.0|577.85
126842,358.85|565.7
126843,253.1|283.45
126844,475.45|284.3
126845,572.05|358.55
126846,484.05|318.1
126847,309.95|588.4
126848,534.7|536.6
126849,429.75|218.9
126850,209.0|243.5
126851,422.35|283.9
126852,587.7|355.45
126853,491.4|503.8
126854,571.85|236.35
126855,353.1|220.25
126856,565.5|359.3
126857,565.25|290.6
126858,395.4|591.25
126859,281.65|411.9
126860,567.75|324.55
126861,587.0|379.95
126862,551.85|469.6
126863,554.15|587.45
126864,366.45|274.8
126865,206.0|290.95
126866,453.05|559.1
126867,302.9|386.05
126868,512.55|492.35
126869,344.7|347.5
126870,468.1|339.6
126871,347.6|410.35
126872,528.6|248.35
126873,457.6|414.05
126874,438.5|586.55
126875,228.7|438.0
126876,542.6|264.7
126877,232.25|265.25
126878,241.9|584.7
126879,475.8|450.9
126880,522.1|567.25
126881,538.55|262.95
126882,563.7|233.1
126883,474.75|481.25
126884,530.6|549.55
126885,589.1|383.8
126886,316.4|419.25
126887,258.7|334.8
126888,419.45|403.25
126889,545.8|514.7
126890,371.35|332.85
126891,305.7|326.05
126892,557.9|427.2
126893,232.75|432.05
126894,260.5|270.6
126895,483.75|476.4
126896,543.0|411.25
126897,415.7|380.3
126898,410.35|513.45
126899,553.4|329.75
126900,300.5|371.05
126901,277.45|426.15
126902,472.25|269.35
126903,242.0|494.7
126904,418.2|582.85
126905,269.5|471.6
126906,212.7|503.75
126907,260.8|271.65
126908,250.0|427.35
126909,286.1|368.25
126910,249.15|472.55
126911,511.1|274.1
126912,557.05|428.2
126913,334.1|226.55
126914,344.75|382.3
126915,587.8|353.05
126916,210.6|346.75
126917,581.65|566.15
126918,444.65|585.35
126919,341.75|342.8
126920,390.2|565.25
126921,253.85|384.35
126922,444.5|428.85
126923,347.0|233.8
126924,473.4|290.3
126925,210.4|298.25
126926,401.45|351.15
126927,560.6|448.5
126928,345.15|545.3
126929,589.55|359.95
126930,421.4|577.25
126931,256.1|545.8
126932,287.6|449.95
126933,525.2|426.4
126934,244.8|403.75
126935,579.55|518.05
126936,430.9|319.35
126937,521.95|566.05
126938,213.05|482.4
126939,243.05|238.0
126940,573.2|324.05
126941,445.6|386.05
126942,389.15|221.75
126943,282.85|261.85
126944,527.45|501.4
126945,424.75|483.55
126946,441.3|274.1
126947,352.0|450.1
126948,544.1|441.2
126949,282.55|338.25
126950,348.9|253.7
126951,278.8|459.25
126952,582.9|325.45
126953,375.7|400.1
126954,456.05|317.35
126955,407.7|384.35
126956,461.75|307.95
126957,439.05|582.0
126958,349.7|334.65
126959,357.6|516.3
126960,305.0|479.6
126961,363.4|489.25
126962,249.85|409.75
126963,442.1|425.85
126964,257.95|433.65
126965,399.6|411.55
126966,395.15|360.9
126967,269.75|584.1
126968,397.2|225.25
126969,416.3|514.0
126970,403.6|352.0
126971,323.45|589.45
126972,429.05|562.5
126973,393.65|298.75
126974,399.35|346.25
126975,575.95|374.65
126976,403.65|495.2
126977,287.85|481.65
126978,223.85|236.85
126979,373.65|269.2
126980,225.4|207.25
126981,339.9|327.2
126982,441.75|343.05
126983,518.8|508.4
126984,252.2|501.15
126985,546.45|258.05
126986,590.05|418.2
126987,249.65|451.3
126988,532.95|302.2
126989,459.15|440.6
126990,477.45|294.85
126991,212.45|456.8
126992,277.1|491.25
126993,537.95|235.65
126994,223.8|549.5
126995,481.55|491.1
126996,265.6|529.15
126997,578.2|379.55
126998,483.9|338.5
126999,221.65|475.05
127000,223.7|468.15
127001,403.95|333.05
127002,251.5|217.45
127003,535.5|484.25
127004,340.75|564.15
127005,398.15|323.7
127006,239.95|580.2
127007,234.6|415.6
127008,380.35|506.1
127009,210.7|485.45
127010,462.3|405.2
127011,228.8|523.3
127012,510.75|560.8
127013,560.3|360.55
127014,483.65|289.1
127015,554.8|220.15
127016,578.95|336.85
127017,384.95|581.3
127018,294.7|376.85
127019,219.95|232.2
127020,211.45|495.0
127021,465.65|269.4
127022,253.75|245.75
127023,313.3|432.25
127024,440.6|591.6
127025,253.05|269.75
127026,555.95|457.1
127027,440.9|515.55
127028,339.65|217.95
127029,566.65|524.5
127030,587.0|587.1
127031,222.0|438.3
127032,567.0|365.2
127033,279.6|402.7
127034,319.2|342.5
127035,235.9|308.75
127036,407.65|364.95
127037,234.45|267.9
127038,336.6|346.75
127039,361.4|545.45
127040,296.6|419.05
127041,229.8|515.3
127042,527.55|344.55
127043,438.95|223.1
127044,261.3|423.3
127045,447.65|588.7
127046,234.25|347.05
127047,400.65|473.45
127048,574.15|271.65
127049,285.7|280.65
127050,271.15|251.85
127051,282.1|400.55
127052,246.4|557.55
127053,389.8|380.0
127054,566.7|403.55
127055,284.35|390.2
127056,523.7|383.7
127057,591.25|394.75
127058,226.3|241.65
127059,389.15|249.4
127060,393.4|452.35
127061,471.2|332.75
127062,410.7|281.2
127063,277.0|327.15
127064,464.75|542.7
127065,473.2|438.8
127066,225.7|236.15
127067,358.35|214.7
127068,528.5|590.65
127069,568.65|485.15
127070,317.65|567.95
127071,584.8|355.35
127072,244.9|410.05
127073,361.85|575.4
127074,209.7|323.9
127075,574.9|412.75
127076,408.1|538.0
127077,310.1|357.15
127078,572.1|539.35
127079,333.4|579.2
127080,582.45|503.45
127081,579.75|493.7
127082,333.55|228.4
127083,432.8|439.7
127084,360.6|367.35
127085,401.25|311.25
127086,531.75|482.3
127087,339.55|435.6
127088,345.65|503.25
127089,223.15|480.0
127090,476.5|281.25
127091,585.9|543.95
127092,313.15|415.75
127093,242.6|547.5
127094,564.2|237.6
127095,590.05|364.75
127096,232.2|332.3
127097,407.95|371.05
127098,441.45|421.7
127099,414.5|395.3
127100,282.0|494.05
127101,587.9|314.05
127102,547.55|538.4
127103,473.25|328.35
127104,388.8|262.35
127105,402.45|385.8
127106,481.25|344.5
127107,559.7|412.1
127108,259.6|277.5
127109,213.85|246.25
127110,227.75|213.3
127111,224.6|586.55
127112,364.9|285.7
127113,279.75|555.7
127114,577.25|468.75
127115,343.65|420.3
127116,568.85|584.15
127117,206.0|537.0
127118,593.8|563.95
127119,469.7|229.4
127120,572.7|285.7
127121,482.95|358.05
127122,443.05|439.65
127123,216.0|583.2
127124,529.05|518.25
127125,564.0|438.45
127126,277.9|431.05
127127,241.5|228.75
127128,253.25|433.95
127129,371.05|575.15
127130,371.3|492.35
127131,247.15|567.25
127132,428.8|388.0
127133,227.4|264.1
127134,278.0|589.85
127135,239.75|221.65
127136,279.85|348.25
127137,286.9|525.2
127138,237.75|241.0
127139,397.7|368.0
127140,574.9|372.35
127141,422.75|486.4
127142,465.0|553.0
127143,266.65|556.0
127144,536.3|258.95
127145,377.2|454.65
127146,241.3|334.8
127147,427.7|350.2
127148,582.35|396.8
127149,418.8|500.5
127150,532.55|361.9
127151,292.35|446.9
127152,481.4|467.55
127153,520.75|466.35
127154,422.45|297.05
127155,551.05|230.6
127156,344.15|221.95
127157,339.85|431.4
127158,402.65|550.75
127159,456.05|407.3
127160,575.7|300.4
127161,403.65|335.4
127162,395.5|231.65
127163,476.05|308.2
127164,589.95|412.3
127165,229.45|595.65
127166,463.65|226.6
127167,289.75|532.8
127168,395.35|292.05
127169,214.25|509.1
127170,211.6|512.2
127171,580.75|279.75
127172,227.65|589.0
127173,207.25|480.2
127174,508.5|579.6
127175,532.45|572.05
127176,211.45|577.55
127177,464.3|265.75
127178,405.8|541.2
127179,458.9|317.65
127180,588.95|372.6
127181,256.45|484.45
127182,265.95|230.95
127183,386.95|241.3
127184,375.4|242.7
127185,489.8|437.2
127186,527.9|539.25
127187,231.9|545.45
127188,466.4|219.15
127189,579.5|534.25
127190,515.55|356.1
127191,579.4|542.2
127192,225.95|352.2
127193,310.8|584.75
127194,237.85|490.05
127195,453.05|298.9
127196,213.45|394.1
127197,560.15|266.25
127198,447.0|459.8
127199,542.2|305.5
127200,246.6|303.5
127201,567.15|313.1
127202,263.05|559.3
127203,393.3|382.5
127204,438.25|590.55
127205,243.75|210.6
127206,541.05|464.45
127207,460.45|509.05
127208,415.7|592.1
127209,419.25|293.9
127210,468.2|566.15
127211,481.3|478.0
127212,277.1|567.5
127213,397.6|333.35
127214,476.05|336.15
127215,406.05|283.8
127216,220.4|323.15
127217,383.55|585.35
127218,378.4|254.15
127219,231.3|488.35
127220,456.1|587.9
127221,490.3|507.85
127222,286.95|542.3
127223,360.65|215.25
127224,378.45|577.25
127225,391.25|231.5
127226,459.4|448.8
127227,277.8|450.45
127228,356.65|360.15
127229,275.2|575.25
127230,396.55|244.35
127231,574.65|340.65
127232,291.95|330.7
127233,428.5|254.55
127234,470.2|423.5
127235,569.05|515.4
127236,538.5|525.45
127237,219.65|215.15
127238,324.15|368.2
127239,573.9|572.95
127240,275.9|505.15
127241,299.75|376.65
127242,580.25|465.0
127243,578.45|385.45
127244,378.85|364.4
127245,224.25|267.0
127246,594.2|410.25
127247,590.6|568.5
127248,410.75|496.45
127249,565.75|520.35
127250,297.2|449.65
127251,421.05|212.0
127252,253.2|349.9
127253,338.85|321.45
127254,435.35|495.85
127255,459.35|226.3
127256,281.35|455.45
127257,268.35|283.25
127258,567.9|309.3
127259,592.35|568.25
127260,476.6|310.55
127261,431.1|454.9
127262,212.45|520.7
127263,416.1|591.85
127264,225.15|482.95
127265,552.1|579.0
127266,270.95|374.3
127267,582.9|493.0
127268,269.4|459.0
127269,593.45|275.55
127270,545.25|341.35
127271,423.45|560.65
127272,272.95|344.3
127273,582.4|274.7
127274,262.6|494.6
127275,399.05|356.35
127276,434.45|393.25
127277,470.95|554.4
127278,471.85|283.75
127279,407.6|396.9
127280,565.6|580.35
127281,274.05|370.6
127282,240.45|500.9
127283,460.4|355.15
127284,208.2|348.15
127285,433.2|344.0
127286,531.95|441.2
127287,273.95|255.45
127288,251.3|373.35
127289,483.6|224.15
127290,351.75|277.5
127291,500.85|393.45
127292,463.25|540.4
127293,223.05|217.4
127294,362.45|367.75
127295,213.9|480.45
127296,449.7|385.4
127297,261.85|395.8
127298,553.8|523.3
127299,557.3|272.15
127300,592.4|430.0
127301,422.65|443.95
127302,476.1|496.05
127303,277.7|444.6
127304,431.0|573.4
127305,433.8|585.3
127306,451.75|368.8
127307,447.4|589.5
127308,448.35|492.95
127309,465.35|290.1
127310,231.95|376.05
127311,401.35|382.0
127312,383.35|459.9
127313,530.2|277.85
127314,582.6|329.35
127315,589.7|237.25
127316,515.55|464.1
127317,354.9|259.45
127318,283.15|261.7
127319,446.05|387.65
127320,211.2|277.4
127321,466.15|452.4
127322,421.35|387.55
127323,386.3|219.15
127324,283.45|378.35
127325,365.5|337.95
127326,286.6|538.65
127327,585.85|336.3
127328,384.7|218.1
127329,344.95|242.15
127330,221.25|438.3
127331,548.3|425.05
127332,370.05|370.6
127333,287.9|432.55
127334,373.0|210.5
127335,477.95|360.2
127336,418.6|544.6
127337,553.95|487.7
127338,415.9|273.15
127339,401.35|490.75
127340,244.6|423.65
127341,265.4|564.15
127342,384.0|593.1
127343,211.25|590.1
127344,336.75|391.85
127345,454.65|232.7
127346,378.05|336.95
127347,217.15|307.55
127348,244.15|322.0
127349,561.25|473.15
127350,339.2|341.1
127351,561.9|314.5
127352,355.5|271.6
127353,351.85|438.85
127354,394.95|409.7
127355,249.2|242.9
127356,570.65|465.25
127357,579.55|487.65
127358,211.8|305.6
127359,474.05|536.45
127360,415.7|222.75
127361,245.7|590.25
127362,553.9|237.05
127363,419.65|593.9
127364,540.35|497.4
127365,584.7|483.6
127366,299.25|408.25
127367,250.95|256.25
127368,348.25|284.0
127369,425.8|357.3
127370,273.85|591.9
127371,436.7|579.1
127372,238.55|284.95
127373,585.65|413.3
127374,560.7|231.45
127375,252.15|229.55
127376,267.1|406.45
127377,226.95|478.8
127378,349.1|391.3
127379,392.25|583.45
127380,555.9|493.15
127381,590.8|221.55
127382,532.6|409.3
127383,557.0|228.5
127384,338.9|356.2
127385,531.95|508.05
127386,548.35|592.3
127387,222.45|480.2
127388,477.85|348.2
127389,581.85|569.4
127390,383.6|579.15
127391,220.0|583.3
127392,336.2|589.1
127393,594.55|280.4
127394,485.0|462.5
127395,542.3|581.9
127396,534.55|459.6
127397,475.95|457.95
127398,527.1|209.75
127399,521.7|437.55
127400,361.35|325.85
127401,249.15|438.85
127402,233.6|384.3
127403,272.05|382.8
127404,212.15|282.65
127405,357.3|266.35
127406,432.9|434.05
127407,473.45|239.7
127408,254.6|269.05
127409,266.5|231.25
127410,355.75|212.85
127411,547.6|305.75
127412,463.55|252.2
127413,365.15|511.8
127414,236.7|532.15
127415,352.1|233.55
127416,592.1|581.65
127417,491.35|292.65
127418,347.95|553.45
127419,525.0|322.1
127420,418.4|452.55
127421,281.35|435.3
127422,463.55|496.05
127423,540.45|289.35
127424,578.45|361.95
127425,209.75|586.55
127426,293.45|490.1
127427,591.35|416.35
127428,479.5|346.35
127429,318.6|368.55
127430,531.7|439.25
127431,578.65|256.95
127432,243.75|414.2
127433,473.85|233.15
127434,526.7|360.3
127435,442.7|580.55
127436,233.6|520.5
127437,210.7|584.5
127438,372.1|487.35
127439,319.0|313.5
127440,350.3|292.3
127441,368.8|575.3
127442,519.6|458.95
127443,247.7|558.65
127444,402.7|339.2
127445,221.7|571.85
127446,348.25|428.55
127447,580.75|400.85
127448,270.35|578.35
127449,583.65|219.5
127450,455.6|233.55
127451,351.85|437.2
127452,343.6|325.75
127453,383.15|502.0
127454,593.1|210.75
127455,214.85|286.05
127456,260.4|273.1
127457,431.1|214.3
127458,266.25|439.25
127459,233.45|324.45
127460,254.0|233.3
127461,588.45|548.85
127462,583.5|494.2
127463,496.1|288.8
127464,410.7|283.1
127465,247.15|362.75
127466,405.25|464.25
127467,409.35|579.65
127468,285.4|545.25
127469,529.4|480.55
127470,436.35|501.9
127471,414.55|227.1
127472,528.5|289.95
127473,361.95|213.65
127474,229.65|308.7
127475,368.2|357.5
127476,544.9|376.95
127477,466.3|534.1
127478,342.9|327.7
127479,394.0|306.4
127480,277.0|261.25
127481,348.9|277.75
127482,384.65|564.8
127483,303.15|420.35
127484,439.65|289.55
127485,425.65|586.9
127486,427.95|470.95
127487,252.7|442.45
127488,421.85|358.9
127489,583.85|352.3
127490,575.75|507.5
127491,292.4|457.15
127492,587.15|247.7
127493,318.6|385.25
127494,278.35|593.25
127495,561.45|562.5
127496,469.5|265.15
127497,358.45|407.5
127498,283.15|458.9
127499,382.45|369.8
127500,375.45|446.6
127501,441.45|392.9
127502,423.9|451.45
127503,388.3|496.55
127504,542.8|279.0
127505,434.9|506.85
127506,210.7|578.2
127507,361.85|378.5
127508,379.1|356.55
127509,453.5|389.1
127510,453.1|591.95
127511,266.7|587.7
127512,420.15|275.2
127513,451.7|576.0
127514,232.5|396.5
127515,356.3|287.05
127516,230.3|281.75
127517,533.85|321.0
127518,527.6|457.2
127519,593.0|553.65
127520,415.8|374.05
127521,209.0|546.65
127522,574.05|503.85
127523,259.35|583.25
127524,470.05|474.55
127525,580.75|479.45
127526,388.2|265.75
127527,529.05|266.15
127528,218.15|523.7
127529,220.9|411.35
127530,281.35|322.0
127531,379.45|266.65
127532,486.95|365.15
127533,225.6|275.95
127534,443.4|244.55
127535,552.3|585.95
127536,288.4|346.8
127537,252.95|273.6
127538,574.85|231.75
127539,587.55|382.4
127540,246.45|363.05
127541,523.75|447.8
127542,532.55|574.45
127543,595.3|382.5
127544,569.0|297.2
127545,441.15|304.7
127546,206.65|524.15
127547,519.25|438.3
127548,492.25|467.0
127549,467.15|527.7
127550,411.05|467.95
127551,589.15|416.65
127552,342.55|411.45
127553,404.7|283.9
127554,230.75|511.1
127555,234.3|409.35
127556,347.4|332.0
127557,587.95|569.5
127558,254.7|409.3
127559,463.15|341.55
127560,380.0|276.45
127561,250.55|571.7
127562,383.15|591.8
127563,446.3|303.15
127564,256.5|288.95
127565,217.1|504.1
127566,586.6|214.45
127567,451.5|314.5
127568,479.0|521.05
127569,241.75|573.2
127570,519.55|467.1
127571,459.25|452.35
127572,321.75|403.4
127573,267.4|400.6
127574,440.75|336.6
127575,430.3|220.05
127576,302.05|582.2
127577,362.0|273.85
127578,472.9|418.95
127579,380.15|379.15
127580,461.35|569.95
127581,323.05|385.0
127582,256.65|557.45
127583,208.65|501.6
127584,463.3|288.85
127585,575.65|317.0
127586,251.2|211.75
127587,440.95|552.8
127588,434.5|503.6
127589,559.45|576.3
127590,271.25|435.65
127591,332.9|521.5
127592,563.55|557.2
127593,397.55|575.45
127594,421.95|223.25
127595,574.2|470.6
127596,585.65|427.3
127597,260.3|426.65
127598,544.1|346.05
127599,376.1|512.75
127600,592.75|429.55
127601,539.95|555.2
127602,583.9|447.9
127603,348.4|218.5
127604,238.45|505.55
127605,385.8|500.05
127606,263.55|573.1
127607,412.2|328.1
127608,492.9|475.4
127609,462.85|382.15
127610,288.15|530.45
127611,460.35|492.1
127612,438.1|549.65
127613,531.4|339.55
127614,420.5|474.15
127615,385.05|268.95
127616,549.35|352.1
127617,333.05|425.25
127618,534.55|496.0
127619,228.8|326.55
127620,290.85|434.55
127621,467.1|538.1
127622,441.35|310.45
127623,284.05|520.15
127624,434.1|420.9
127625,411.9|504.1
127626,409.1|572.0
127627,448.85|448.3
127628,230.3|471.1
127629,250.7|590.65
127630,394.25|338.3
127631,362.55|532.9
127632,578.3|221.8
127633,412.0|445.4
127634,586.15|471.5
127635,552.0|471.75
127636,435.55|516.6
127637,461.15|212.0
127638,574.55|402.65
127639,522.75|428.4
127640,288.25|267.25
127641,421.65|566.0
127642,535.95|511.0
127643,532.45|572.0
127644,451.9|303.95
127645,429.9|397.1
127646,253.3|359.3
127647,391.25|396.3
127648,529.95|556.35
127649,292.45|321.4
127650,238.85|569.75
127651,538.35|539.45
127652,499.05|414.9
127653,574.55|512.25
127654,267.95|365.7
127655,447.7|393.25
127656,400.2|503.35
127657,566.4|502.7
127658,266.85|579.4
127659,442.55|322.65
127660,371.6|437.45
127661,230.25|501.45
127662,232.35|417.1
127663,530.6|564.35
127664,581.05|512.0
127665,507.7|456.3
127666,383.55|501.2
127667,335.45|533.7
127668,447.1|399.75
127669,454.0|583.15
127670,232.95|276.1
127671,463.7|436.4
127672,274.0|241.35
127673,528.15|498.85
127674,410.3|417.25
127675,223.15|271.45
127676,237.25|571.65
127677,582.15|368.35
127678,358.05|213.4
127679,275.65|448.95
127680,487.25|501.7
127681,272.9|240.45
127682,519.5|297.9
127683,232.5|426.1
127684,330.35|524.5
127685,444.85|385.8
127686,247.35|288.65
127687,290.85|376.1
127688,547.0|333.85
127689,313.95|307.4
127690,354.7|210.3
127691,390.25|541.95
127692,320.9|359.6
127693,259.15|550.95
127694,255.65|278.75
127695,551.75|273.1
127696,451.7|480.95
127697,278.1|359.1
127698,210.8|400.5
127699,381.05|241.25
127700,245.6|258.85
127701,244.85|251.45
127702,349.3|449.1
127703,405.3|390.15
127704,228.5|401.7
127705,498.5|324.35
127706,366.6|574.65
127707,560.45|220.65
127708,412.5|378.65
127709,593.15|553.55
127710,385.35|294.95
127711,518.8|577.7
127712,295.35|428.9
127713,463.35|491.25
127714,452.65|559.7
127715,223.7|438.5
127716,378.0|490.45
127717,551.75|436.9
127718,591.55|486.55
127719,386.85|280.3
127720,285.4|320.95
127721,512.3|442.6
127722,368.05|595.4
127723,238.75|440.4
127724,263.65|234.4
127725,222.8|308.65
127726,357.45|248.55
127727,517.6|486.6
127728,235.0|501.95
127729,218.25|517.5
127730,478.65|522.55
127731,278.5|295.6
127732,561.85|578.8
127733,533.6|555.7
127734,494.55|339.25
127735,448.9|514.85
127736,589.25|464.75
127737,212.95|273.4
127738,587.95|577.35
127739,270.25|241.8
127740,579.65|373.5
127741,366.85|287.85
127742,410.55|231.95
127743,358.4|375.45
127744,219.6|590.85
127745,369.4|267.45
127746,347.5|326.1
127747,346.4|563.4
127748,265.1|561.1
127749,399.25|550.35
127750,399.05|415.25
127751,430.5|426.3
127752,211.95|456.05
127753,525.45|526.35
127754,309.3|315.0
127755,269.3|280.65
127756,274.9|502.95
127757,267.45|426.85
127758,411.1|395.05
127759,379.35|215.15
127760,357.3|360.35
127761,477.05|361.25
127762,232.05|328.3
127763,219.3|545.3
127764,286.3|307.65
127765,344.2|379.2
127766,541.5|524.5
127767,230.75|472.55
127768,411.0|578.2
127769,583.15|367.95
127770,353.6|424.85
127771,233.4|495.6
127772,377.9|282.85
127773,297.45|460.85
127774,388.5|580.9
127775,228.7|571.2
127776,224.45|561.3
127777,475.75|422.5
127778,227.2|326.7
127779,464.55|220.2
127780,561.45|227.7
127781,339.2|327.1
127782,251.6|571.25
127783,516.9|483.65
127784,470.0|438.4
127785,221.0|478.3
127786,390.05|554.5
127787,417.6|567.1
127788,481.55|233.75
127789,298.4|379.9
127790,252.75|309.7
127791,362.0|383.3
127792,248.6|331.85
127793,462.4|426.45
127794,426.15|381.9
127795,543.15|458.75
127796,374.1|268.75
127797,245.75|268.05
127798,391.95|333.2
127799,576.0|545.65
127800,576.5|260.75
127801,578.45|355.35
127802,381.8|521.25
127803,275.4|292.7
127804,300.6|590.4
127805,563.2|233.95
127806,569.35|473.55
127807,334.6|520.1
127808,353.75|400.4
127809,413.2|395.35
127810,559.55|290.7
127811,347.25|247.2
127812,589.95|324.15
127813,230.3|375.0
127814,341.65|214.55
127815,340.15|337.6
127816,208.85|489.25
127817,323.95|449.05
127818,495.05|521.5
127819,227.7|541.45
127820,263.2|427.4
127821,431.65|444.95
127822,466.5|333.4
127823,442.1|504.25
127824,295.8|330.2
127825,220.55|511.2
127826,218.9|496.7
127827,557.65|415.2
127828,231.65|530.3
127829,565.1|489.8
127830,219.05|346.55
127831,264.15|417.5
127832,256.5|498.6
127833,590.45|369.95
127834,354.7|350.65
127835,265.35|345.8
127836,353.7|289.4
127837,537.35|300.3
127838,403.15|299.8
127839,515.0|468.45
127840,357.85|447.25
127841,587.4|401.55
127842,216.25|459.65
127843,298.15|328.45
127844,550.0|296.3
127845,363.85|579.3
127846,400.4|234.3
127847,256.2|552.9
127848,456.35|224.4
127849,350.3|335.5
127850,557.2|462.1
127851,366.15|213.0
127852,564.5|273.2
127853,539.25|338.95
127854,539.65|445.1
127855,218.15|354.0
127856,457.95|267.0
127857,393.5|491.05
127858,316.05|297.55
127859,346.85|431.85
127860,582.85|515.75
127861,513.8|443.3
127862,445.15|590.5
127863,258.7|294.55
127864,526.3|347.65
127865,414.9|223.9
127866,412.4|549.25
127867,562.3|591.25
127868,330.95|512.8
127869,230.05|365.65
127870,592.8|382.65
127871,367.35|372.55
127872,440.35|331.65
127873,425.35|341.45
127874,457.7|413.15
127875,549.9|235.25
127876,515.25|434.5
127877,460.75|376.4
127878,208.2|538.1
127879,290.05|418.45
127880,234.35|591.35
127881,367.95|443.3
127882,226.2|333.3
127883,317.2|520.8
127884,384.85|365.9
127885,551.25|298.8
127886,472.4|441.0
127887,484.7|516.95
127888,587.95|348.3
127889,251.15|275.85
127890,541.25|557.1
127891,405.3|414.35
127892,384.6|591.7
127893,382.3|333.75
127894,217.05|459.4
127895,378.5|331.55
127896,424.65|365.3
127897,219.85|449.7
127898,353.2|492.4
127899,391.45|295.0
127900,213.15|336.6
127901,399.4|220.85
127902,448.0|547.1
127903,255.1|333.15
127904,355.55|440.15
127905,230.1|426.9
127906,282.95|569.45
127907,549.65|270.55
127908,260.4|214.65
127909,432.85|222.35
127910,269.55|466.95
127911,466.05|255.35
127912,209.1|514.65
127913,578.1|258.05
127914,413.45|328.4
127915,593.45|270.55
127916,460.75|349.0
127917,531.05|492.75
127918,217.5|221.45
127919,236.4|234.55
127920,478.0|524.95
127921,593.75|588.3
127922,315.75|505.8
127923,570.9|307.35
127924,333.05|254.05
127925,261.5|570.15
127926,251.9|566.6
127927,373.6|556.05
127928,529.95|549.6
127929,554.5|561.95
127930,529.55|364.15
127931,457.1|470.8
127932,385.4|489.7
127933,376.1|268.85
127934,405.75|561.1
127935,495.15|366.2
127936,352.45|454.0
127937,280.05|474.05
127938,441.15|383.65
127939,589.0|275.1
127940,548.5|379.35
127941,397.15|449.3
127942,390.0|504.75
127943,446.75|381.4
127944,353.6|394.7
127945,561.2|590.5
127946,582.75|496.4
127947,276.25|439.55
127948,456.15|415.25
127949,305.5|362.4
127950,587.95|286.3
127951,243.75|493.35
127952,545.3|581.85
127953,590.1|534.7
127954,277.05|522.85
127955,286.65|429.05
127956,486.6|404.1
127957,433.15|588.5
127958,267.2|467.65
127959,339.15|575.05
127960,367.75|526.9
127961,333.15|390.7
127962,380.55|419.05
127963,408.35|214.5
127964,351.6|230.05
127965,244.7|270.3
127966,555.0|402.2
127967,452.0|215.85
127968,361.4|443.1
127969,449.2|474.05
127970,224.85|418.65
127971,422.7|397.9
127972,469.35|261.05
127973,359.0|212.65
127974,461.7|420.4
127975,476.8|372.85
127976,272.05|491.6
127977,382.7|479.35
127978,568.65|528.4
127979,548.95|383.35
127980,444.2|229.2
127981,235.95|403.5
127982,262.85|559.85
127983,573.05|265.3
127984,579.8|571.2
127985,445.65|442.1
127986,244.4|343.0
127987,265.65|323.05
127988,472.65|294.45
127989,538.05|308.35
127990,245.9|488.7
127991,554.1|379.0
127992,461.5|447.8
127993,214.35|383.75
127994,423.85|349.35
127995,232.05|213.05
127996,402.0|594.15
127997,406.2|333.5
127998,345.3|363.3
127999,364.65|210.2
128000,565.4|248.3
128001,289.55|443.85
128002,457.6|400.9
128003,229.7|419.8
128004,276.1|547.35
128005,557.55|280.6
128006,380.5|292.15
128007,561.25|564.8
128008,382.25|222.85
128009,555.7|549.3
128010,547.7|377.35
128011,221.95|417.35
128012,224.0|415.85
128013,409.4|467.45
128014,414.45|340.35
128015,496.5|446.8
128016,336.35|512.1
128017,284.75|523.2
128018,388.4|546.15
128019,584.3|543.65
128020,334.5|360.5
128021,271.75|574.3
128022,249.0|291.8
128023,480.05|548.85
128024,309.65|384.5
128025,590.85|303.1
128026,261.9|293.85
128027,347.2|378.0
128028,243.6|293.8
128029,265.45|443.75
128030,396.8|595.0
128031,349.7|315.65
128032,418.65|311.0
128033,386.5|493.8
128034,312.15|402.75
128035,515.15|474.05
128036,511.5|445.95
128037,566.6|508.65
128038,416.1|464.6
128039,363.6|215.6
128040,584.05|557.05
128041,446.65|233.15
128042,514.15|562.85
128043,209.35|280.05
128044,265.45|328.65
128045,211.1|578.7
128046,411.1|586.3
128047,412.6|437.05
128048,572.8|301.65
128049,581.45|509.05
128050,446.9|358.55
128051,366.05|235.45
128052,223.0|276.6
128053,409.75|457.2
128054,337.7|519.6
128055,371.05|450.95
128056,212.6|272.85
128057,469.15|563.75
128058,304.75|350.15
128059,281.05|312.55
128060,433.8|465.4
128061,556.6|580.8
128062,343.5|587.95
128063,399.55|447.8
128064,582.5|277.65
128065,248.35|543.65
128066,287.6|272.55
128067,286.8|329.35
128068,529.85|515.85
128069,265.4|414.95
128070,403.6|395.8
128071,347.7|206.4
128072,352.05|225.85
128073,395.5|592.7
128074,456.9|570.75
128075,396.15|566.5
128076,415.75|514.35
128077,486.5|298.9
128078,221.85|291.35
128079,478.3|340.85
128080,382.6|595.15
128081,343.4|405.3
128082,214.5|580.85
128083,373.8|340.8
128084,533.45|525.7
128085,471.8|347.55
128086,351.0|588.95
128087,248.05|509.65
128088,591.4|268.75
128089,219.0|211.35
128090,465.05|355.8
128091,559.9|421.15
128092,552.05|233.25
128093,359.9|414.65
128094,273.95|250.3
128095,255.9|541.45
128096,228.95|223.15
128097,307.65|314.65
128098,513.0|420.6
128099,368.45|301.75
128100,227.7|398.65
128101,211.1|239.6
128102,246.8|246.35
128103,232.85|441.5
128104,544.4|456.4
128105,274.95|364.6
128106,470.6|318.15
128107,577.35|443.15
128108,416.05|382.7
128109,229.1|312.55
128110,567.9|298.65
128111,206.1|238.3
128112,426.05|337.45
128113,434.15|472.9
128114,371.9|278.9
128115,289.4|513.15
128116,525.1|492.5
128117,565.05|278.1
128118,594.4|435.4
128119,579.0|261.8
128120,556.95|483.9
128121,451.75|333.0
128122,449.5|486.25
128123,526.6|491.1
128124,517.7|532.6
128125,414.25|488.55
128126,264.4|490.1
128127,384.75|292.5
128128,470.7|356.9
128129,422.1|307.8
128130,468.8|341.75
128131,325.4|375.75
128132,339.2|538.75
128133,463.7|417.05
128134,457.8|226.0
128135,384.35|330.5
128136,323.2|394.35
128137,390.55|409.65
128138,343.85|241.65
128139,246.45|566.35
128140,588.85|468.0
128141,285.9|579.6
128142,538.4|274.3
128143,382.7|479.95
128144,254.35|548.5
128145,251.35|578.5
128146,476.15|479.85
128147,442.8|542.95
128148,553.2|242.6
128149,268.7|243.85
128150,478.35|303.8
128151,572.1|233.35
128152,217.55|318.75
128153,385.65|417.85
128154,405.65|537.8
128155,320.65|590.45
128156,259.35|220.65
128157,512.3|535.5
128158,367.55|216.7
128159,585.1|368.35
128160,566.0|300.85
128161,313.75|333.0
128162,358.7|280.0
128163,465.2|384.2
128164,464.15|220.8
128165,349.3|222.9
128166,362.55|574.4
128167,535.05|339.0
128168,456.15|537.7
128169,362.9|360.1
128170,453.3|303.15
128171,274.0|283.45
128172,211.65|471.05
128173,571.05|483.45
128174,270.4|233.55
128175,398.7|538.05
128176,396.75|528.9
128177,461.55|471.6
128178,283.35|335.1
128179,412.55|356.8
128180,414.0|317.6
128181,519.8|415.9
128182,285.8|326.55
128183,520.05|437.5
128184,207.05|535.1
128185,266.9|388.75
128186,464.9|218.25
128187,483.0|514.3
128188,326.7|376.6
128189,288.95|453.25
128190,396.55|378.15
128191,578.45|213.9
128192,490.8|322.9
128193,373.75|558.45
128194,265.35|425.65
128195,476.75|277.65
128196,365.8|361.75
128197,279.3|533.85
128198,589.45|451.95
128199,530.1|402.05
128200,557.65|590.0
128201,273.2|353.75
128202,365.65|264.2
128203,243.0|384.6
128204,227.55|209.5
128205,237.8|331.95
128206,493.85|510.35
128207,450.75|453.15
128208,237.85|558.2
128209,236.6|499.7
128210,572.1|301.05
128211,413.2|594.05
128212,577.55|210.7
128213,209.95|245.05
128214,461.65|440.1
128215,359.3|372.65
128216,398.6|372.1
128217,295.35|327.35
128218,415.85|219.05
128219,379.5|590.45
128220,341.65|291.45
128221,442.95|477.2
128222,275.95|440.45
128223,463.6|540.55
128224,565.8|263.8
128225,217.75|377.45
128226,233.2|457.25
128227,432.05|461.9
128228,538.55|281.75
128229,349.8|429.75
128230,366.75|405.65
128231,333.75|549.2
128232,224.05|458.45
128233,432.9|574.25
128234,233.15|554.7
128235,425.25|462.55
128236,338.1|232.25
128237,353.7|455.4
128238,563.2|320.15
128239,421.85|435.6
128240,430.05|478.8
128241,250.4|225.4
128242,349.8|227.5
128243,211.85|233.15
128244,554.8|229.8
128245,487.75|227.2
128246,354.0|540.45
128247,389.0|375.9
128248,210.4|307.1
128249,262.7|590.0
128250,546.15|263.45
128251,424.7|380.85
128252,267.15|309.9
128253,401.75|482.55
128254,348.15|593.65
128255,356.55|585.1
128256,436.95|530.0
128257,497.25|452.95
128258,545.8|313.65
128259,385.15|494.2
128260,366.45|595.2
128261,459.7|384.05
128262,240.75|551.75
128263,476.5|464.8
128264,488.2|320.0
128265,429.9|431.4
128266,332.4|324.75
128267,555.6|471.25
128268,247.8|306.25
128269,417.25|550.0
128270,219.7|447.0
128271,243.7|350.45
128272,473.45|344.8
128273,321.15|340.55
128274,327.9|414.6
128275,439.25|350.0
128276,541.15|288.8
128277,225.75|549.7
128278,293.9|405.8
128279,424.75|431.8
128280,563.5|229.35
128281,456.55|491.5
128282,591.3|409.65
128283,212.75|496.75
128284,522.55|441.65
128285,288.25|279.1
128286,355.55|208.5
128287,483.85|511.1
128288,544.05|423.15
128289,238.45|374.4
128290,561.25|397.1
128291,382.35|470.35
128292,590.25|377.7
128293,210.0|580.95
128294,462.5|322.95
128295,462.25|548.75
128296,380.5|583.2
128297,291.15|532.2
128298,214.6|584.75
128299,437.15|544.25
128300,294.1|441.1
128301,220.15|224.85
128302,542.8|493.3
128303,346.35|415.0
128304,307.95|344.1
128305,259.3|246.35
128306,396.9|276.15
128307,313.45|544.3
128308,443.75|312.35
128309,590.5|396.6
128310,556.1|554.6
128311,238.95|551.35
128312,216.0|308.25
128313,553.75|304.9
128314,530.55|243.3
128315,334.9|301.45
128316,290.35|397.15
128317,221.25|505.3
128318,395.8|473.95
128319,266.95|527.55
128320,282.95|508.85
128321,341.9|246.75
128322,264.7|361.9
128323,394.1|543.3
128324,526.6|497.45
128325,466.95|544.9
128326,403.85|589.65
128327,393.95|273.35
128328,452.95|339.15
128329,490.8|374.7
128330,308.55|433.8
128331,589.8|272.3
128332,545.5|335.85
128333,423.45|267.9
128334,261.35|261.8
128335,449.0|512.9
128336,272.6|582.25
128337,455.0|259.95
128338,371.25|524.6
128339,448.55|490.85
128340,226.5|490.95
128341,405.85|240.85
128342,347.3|350.2
128343,247.75|322.05
128344,408.6|333.6
128345,290.25|349.35
128346,565.95|298.35
128347,579.6|568.5
128348,496.2|498.15
128349,213.3|328.95
128350,461.6|241.85
128351,343.95|319.3
128352,258.65|349.7
128353,564.65|513.9
128354,260.6|553.95
128355,584.25|326.55
128356,562.65|591.45
128357,586.6|353.85
128358,427.35|305.3
128359,336.0|515.25
128360,586.5|353.65
128361,253.1|231.65
128362,267.4|479.25
128363,522.1|546.55
128364,283.25|308.65
128365,213.85|531.85
128366,297.15|304.45
128367,354.6|457.9
128368,284.15|356.95
128369,455.0|385.15
128370,521.6|427.55
128371,227.75|562.15
128372,357.75|497.85
128373,477.0|466.3
128374,365.0|357.95
128375,342.85|374.4
128376,446.0|377.35
128377,542.65|397.85
128378,562.85|575.2
128379,460.2|536.0
128380,577.25|390.1
128381,554.85|582.15
128382,286.75|581.7
128383,375.2|384.7
128384,302.3|473.15
128385,479.3|284.65
128386,360.25|351.0
128387,379.5|215.4
128388,442.3|541.7
128389,233.2|560.7
128390,359.5|341.8
128391,396.55|266.0
128392,416.95|272.3
128393,458.3|422.5
128394,529.9|579.05
128395,589.35|505.9
128396,462.05|545.2
128397,283.55|496.05
128398,538.35|543.9
128399,447.4|324.85
128400,460.6|306.55
128401,218.65|213.95
128402,452.35|424.05
128403,352.4|541.3
128404,437.55|520.35
128405,456.3|587.1
128406,339.25|415.65
128407,277.1|585.95
128408,396.25|295.35
128409,214.2|297.15
128410,242.35|489.7
128411,248.85|500.15
128412,221.9|501.9
128413,208.5|499.15
128414,537.3|533.5
128415,331.2|565.2
128416,374.75|243.05
128417,435.75|415.15
128418,252.2|254.05
128419,474.3|350.0
128420,500.0|449.05
128421,468.35|356.3
128422,317.2|571.15
128423,417.95|590.15
128424,399.6|404.5
128425,236.35|380.8
128426,265.45|396.8
128427,287.75|333.75
128428,215.45|259.6
128429,207.1|353.4
128430,585.6|585.55
128431,419.3|443.65
128432,538.1|532.35
128433,477.65|514.6
128434,547.15|319.35
128435,585.95|281.0
128436,440.4|312.6
128437,242.2|439.0
128438,531.1|525.1
128439,274.15|234.0
128440,246.65|572.5
128441,577.05|215.9
128442,545.8|329.3
128443,536.3|329.1
128444,587.5|405.85
128445,273.2|442.3
128446,259.95|563.05
128447,541.05|322.7
128448,428.1|550.65
128449,529.0|535.15
128450,432.9|403.15
128451,251.65|294.25
128452,403.7|381.1
128453,547.6|438.0
128454,230.85|570.2
128455,474.15|236.8
128456,402.8|373.4
128457,390.25|209.8
128458,454.1|504.9
128459,349.8|250.9
128460,531.75|421.7
128461,474.15|251.3
128462,565.75|313.75
128463,260.0|288.95
128464,233.2|592.65
128465,581.65|462.1
128466,382.4|204.85
128467,573.1|512.65
128468,210.0|464.85
128469,360.45|575.4
128470,367.2|361.85
128471,373.1|319.95
128472,583.45|348.95
128473,529.95|462.0
128474,365.7|471.95
128475,277.3|458.9
128476,546.9|456.55
128477,398.55|297.95
128478,478.8|282.2
128479,256.1|572.95
128480,440.0|394.95
128481,215.95|509.15
128482,575.7|459.25
128483,217.5|365.75
128484,230.8|494.55
128485,251.6|363.55
128486,555.75|435.7
128487,585.2|445.5
128488,404.3|536.5
128489,424.0|464.55
128490,553.15|509.15
128491,408.45|205.7
128492,362.05|224.25
128493,553.25|246.05
128494,570.2|210.95
128495,446.2|259.5
128496,275.3|224.8
128497,445.95|587.05
128498,220.2|388.25
128499,407.05|218.05
